0.000000 0.125609 1.000000 0.223185 0.129047 0.004494 2119.041030
0.000100 0.126639 1.000000 0.224808 0.137142 0.013746 4238.082060
0.000200 0.131726 1.000000 0.232788 0.175301 0.057362 6357.123090
0.000300 0.138675 0.998152 0.243517 0.224098 0.113402 8476.164120
0.000400 0.150544 0.998152 0.261628 0.295097 0.194555 10595.205150
0.000500 0.166410 0.998152 0.285261 0.374191 0.284959 12714.246180
0.000600 0.177456 0.998152 0.301339 0.420907 0.338356 14833.287210
0.000700 0.190678 0.998152 0.320189 0.469704 0.394132 16952.328240
0.000800 0.207135 0.998152 0.343075 0.521739 0.453608 19071.369270
0.000900 0.225188 0.998152 0.367472 0.570074 0.508855 21190.410300
0.001000 0.239574 0.998152 0.386404 0.603377 0.546920 23309.451330
0.001100 0.253879 0.998152 0.404797 0.632747 0.580492 25428.492360
0.001200 0.268256 0.998152 0.422866 0.659112 0.610626 27547.533390
0.001300 0.281397 0.998152 0.439024 0.680851 0.635474 29666.574420
0.001400 0.293798 0.998152 0.453972 0.699584 0.656886 31785.615450
0.001500 0.308571 0.998152 0.471410 0.719935 0.680148 33904.656480
0.001600 0.327075 0.998152 0.492700 0.742831 0.706318 36023.697510
0.001700 0.347044 0.998152 0.515021 0.764801 0.731430 38142.738540
0.001800 0.370879 0.998152 0.540811 0.787928 0.757864 40261.779570
0.001900 0.389049 0.998152 0.559875 0.803654 0.775839 42380.820600
0.002000 0.404494 0.998152 0.575693 0.815911 0.789849 44499.861630
0.002100 0.417957 0.998152 0.589198 0.825856 0.801216 46618.902660
0.002200 0.429594 0.998152 0.600667 0.833950 0.810468 48737.943690
0.002300 0.445545 0.998152 0.616086 0.844357 0.822363 50856.984720
0.002400 0.460751 0.998152 0.630472 0.853608 0.832937 52976.025750
0.002500 0.468343 0.998152 0.637544 0.858002 0.837959 55095.066780
0.002600 0.475352 0.998152 0.644007 0.861933 0.842453 57214.107810
0.002700 0.479537 0.996303 0.647447 0.864246 0.845361 59333.148840
0.002800 0.486023 0.996303 0.653333 0.867715 0.849326 61452.189870
0.002900 0.491340 0.996303 0.658119 0.870490 0.852498 63571.230900
0.003000 0.497232 0.996303 0.663384 0.873497 0.855934 65690.271930
0.003100 0.506579 0.996303 0.671651 0.878122 0.861221 67809.312960
0.003200 0.511385 0.996303 0.675862 0.880435 0.863865 69928.353990
0.003300 0.515789 0.996303 0.679697 0.882516 0.866244 72047.395020
0.003400 0.524319 0.996303 0.687061 0.886448 0.870738 74166.436050
0.003500 0.532609 0.996303 0.694140 0.890148 0.874967 76285.477080
0.003600 0.540622 0.996303 0.700910 0.893617 0.878932 78404.518110
0.003700 0.545547 0.996303 0.705036 0.895698 0.881311 80523.559140
0.003800 0.557394 0.996303 0.714854 0.900555 0.886862 82642.600170
0.003900 0.562044 0.996303 0.718666 0.902405 0.888977 84761.641200
0.004000 0.566772 0.996303 0.722520 0.904255 0.891092 86880.682230
0.004100 0.569915 0.994455 0.724579 0.905412 0.892678 88999.723260
0.004200 0.578495 0.994455 0.731475 0.908649 0.896379 91118.764290
0.004300 0.586696 0.994455 0.737997 0.911656 0.899815 93237.805320
0.004400 0.591859 0.994455 0.742068 0.913506 0.901930 95356.846350
0.004500 0.592920 0.990758 0.741868 0.913737 0.902723 97475.887380
0.004600 0.595982 0.987061 0.743215 0.914662 0.904309 99594.928410
0.004700 0.599327 0.987061 0.745810 0.915819 0.905630 101713.969440
0.004800 0.604072 0.987061 0.749473 0.917438 0.907481 103833.010470
0.004900 0.605442 0.987061 0.750527 0.917900 0.908010 105952.051500
0.005000 0.605923 0.983364 0.749823 0.917900 0.908538 108071.092530
0.005100 0.606407 0.979667 0.749116 0.917900 0.909067 110190.133560
0.005200 0.612009 0.979667 0.753376 0.919750 0.911182 112309.174590
0.005300 0.618992 0.975970 0.757532 0.921832 0.914089 114428.215620
0.005400 0.621908 0.975970 0.759712 0.922757 0.915147 116547.256650
0.005500 0.625592 0.975970 0.762454 0.923913 0.916468 118666.297680
0.005600 0.626794 0.968577 0.761074 0.923913 0.917526 120785.338710
0.005700 0.629674 0.964880 0.762043 0.924607 0.918847 122904.379740
0.005800 0.631068 0.961183 0.761904 0.924838 0.919640 125023.420770
0.005900 0.632479 0.957486 0.761764 0.925069 0.920434 127142.461800
0.006000 0.636252 0.953789 0.763313 0.925994 0.922020 129261.502830
0.006100 0.639303 0.950092 0.764312 0.926688 0.923341 131380.543860
0.006200 0.639900 0.942699 0.762331 0.926457 0.924134 133499.584890
0.006300 0.643127 0.942699 0.764617 0.927382 0.925192 135618.625920
0.006400 0.644753 0.942699 0.765765 0.927845 0.925720 137737.666950
0.006500 0.649682 0.942699 0.769230 0.929232 0.927306 139856.707980
0.006600 0.653009 0.942699 0.771558 0.930157 0.928364 141975.749010
0.006700 0.655527 0.942699 0.773313 0.930851 0.929157 144094.790040
0.006800 0.656331 0.939002 0.772623 0.930851 0.929685 146213.831070
0.006900 0.658885 0.939002 0.774390 0.931545 0.930478 148332.872100
0.007000 0.659740 0.939002 0.774980 0.931776 0.930743 150451.913130
0.007100 0.661458 0.939002 0.776165 0.932239 0.931271 152570.954160
0.007200 0.663172 0.935305 0.776073 0.932470 0.932064 154689.995190
0.007300 0.664908 0.931608 0.775981 0.932701 0.932858 156809.036220
0.007400 0.667550 0.931608 0.777777 0.933395 0.933651 158928.077250
0.007500 0.668449 0.924214 0.775795 0.933164 0.934444 161047.118280
0.007600 0.675676 0.924214 0.780640 0.935014 0.936558 163166.159310
0.007700 0.680272 0.924214 0.783699 0.936170 0.937880 165285.200340
0.007800 0.684932 0.924214 0.786782 0.937327 0.939202 167404.241370
0.007900 0.689655 0.924214 0.789889 0.938483 0.940523 169523.282400
0.008000 0.692521 0.924214 0.791765 0.939177 0.941316 171642.323430
0.008100 0.693593 0.920518 0.791104 0.939177 0.941845 173761.364460
0.008200 0.698457 0.920518 0.794258 0.940333 0.943167 175880.405490
0.008300 0.701556 0.916821 0.794871 0.940796 0.944224 177999.446520
0.008400 0.701854 0.909427 0.792270 0.940333 0.944753 180118.487550
0.008500 0.706052 0.905730 0.793522 0.941027 0.946075 182237.528580
0.008600 0.707246 0.902033 0.792851 0.941027 0.946603 184356.569610
0.008700 0.706569 0.894640 0.789559 0.940333 0.946868 186475.610640
0.008800 0.705449 0.885397 0.785245 0.939408 0.947132 188594.651670
0.008900 0.703704 0.878004 0.781250 0.938483 0.947132 190713.692700
0.009000 0.704748 0.878004 0.781893 0.938714 0.947396 192832.733730
0.009100 0.703869 0.874307 0.779884 0.938252 0.947396 194951.774760
0.009200 0.705263 0.866913 0.777777 0.938020 0.948189 197070.815790
0.009300 0.701835 0.848429 0.768200 0.935939 0.948454 199189.856820
0.009400 0.697017 0.820702 0.753820 0.932932 0.948982 201308.897850
0.009500 0.700000 0.815157 0.753202 0.933164 0.950040 203427.938880
0.009600 0.700800 0.809612 0.751286 0.932932 0.950568 205546.979910
0.009700 0.699515 0.800370 0.746551 0.932007 0.950833 207666.020940
0.009800 0.696721 0.785582 0.738488 0.930389 0.951097 209785.061970
0.009900 0.694215 0.776340 0.732984 0.929232 0.951097 211904.103000
0.010000 0.695798 0.765250 0.728873 0.928770 0.952154 214023.144030
0.010100 0.695286 0.763401 0.727753 0.928538 0.952154 216142.185060
0.010200 0.695286 0.763401 0.727753 0.928538 0.952154 218261.226090
0.010300 0.694772 0.761553 0.726631 0.928307 0.952154 220380.267120
0.010400 0.696095 0.757856 0.725663 0.928307 0.952683 222499.308150
0.010500 0.697279 0.757856 0.726306 0.928538 0.952947 224618.349180
0.010600 0.694683 0.748614 0.720640 0.927382 0.952947 226737.390210
0.010700 0.695353 0.746765 0.720142 0.927382 0.953212 228856.431240
0.010800 0.694301 0.743068 0.717857 0.926920 0.953212 230975.472270
0.010900 0.692708 0.737523 0.714413 0.926226 0.953212 233094.513300
0.011000 0.691099 0.731978 0.710951 0.925532 0.953212 235213.554330
0.011100 0.689474 0.726433 0.707470 0.924838 0.953212 237332.595360
0.011200 0.686726 0.717190 0.701627 0.923682 0.953212 239451.636390
0.011300 0.685613 0.713494 0.699275 0.923219 0.953212 241570.677420
0.011400 0.678766 0.691312 0.684981 0.920444 0.953212 243689.718450
0.011500 0.676417 0.683919 0.680147 0.919519 0.953212 245808.759480
0.011600 0.674033 0.676525 0.675276 0.918594 0.953212 247927.800510
0.011700 0.671004 0.667283 0.669138 0.917438 0.953212 250046.841540
0.011800 0.666038 0.652495 0.659197 0.915587 0.953212 252165.882570
0.011900 0.659615 0.634011 0.646559 0.913275 0.953212 254284.923600
0.012000 0.655642 0.622921 0.638862 0.911887 0.953212 256403.964630
0.012100 0.650198 0.608133 0.628462 0.910037 0.953212 258523.005660
0.012200 0.642424 0.587800 0.613899 0.907493 0.953212 260642.046690
0.012300 0.635052 0.569316 0.600389 0.905180 0.953212 262761.087720
0.012400 0.628931 0.554529 0.589390 0.903330 0.953212 264880.128750
0.012500 0.621795 0.537893 0.576808 0.901249 0.953212 266999.169780
0.012600 0.615217 0.523105 0.565434 0.899399 0.953212 269118.210810
0.012700 0.610132 0.512015 0.556783 0.898011 0.953212 271237.251840
0.012800 0.600451 0.491682 0.540650 0.895467 0.953212 273356.292870
0.012900 0.595890 0.482440 0.533197 0.894311 0.953212 275475.333900
0.013000 0.593103 0.476895 0.528688 0.893617 0.953212 277594.374930
0.013100 0.585480 0.462107 0.516528 0.891767 0.953212 279713.415960
0.013200 0.583529 0.458410 0.513457 0.891304 0.953212 281832.456990
0.013300 0.580569 0.452865 0.508826 0.890611 0.953212 283951.498020
0.013400 0.579572 0.451017 0.507276 0.890379 0.953212 286070.539050
0.013500 0.577566 0.447320 0.504166 0.889917 0.953212 288189.580080
0.013600 0.577566 0.447320 0.504166 0.889917 0.953212 290308.621110
0.013700 0.576555 0.445471 0.502606 0.889685 0.953212 292427.662140
0.013800 0.575540 0.443623 0.501043 0.889454 0.953212 294546.703170
0.013900 0.576923 0.443623 0.501567 0.889685 0.953476 296665.744200
0.014000 0.574879 0.439926 0.498429 0.889223 0.953476 298784.785230
0.014100 0.574879 0.439926 0.498429 0.889223 0.953476 300903.826260
0.014200 0.574879 0.439926 0.498429 0.889223 0.953476 303022.867290
0.014300 0.574879 0.439926 0.498429 0.889223 0.953476 305141.908320
0.014400 0.574879 0.439926 0.498429 0.889223 0.953476 307260.949350
0.014500 0.573850 0.438078 0.496855 0.888992 0.953476 309379.990380
0.014600 0.574209 0.436229 0.495798 0.888992 0.953740 311499.031410
0.014700 0.573171 0.434381 0.494216 0.888760 0.953740 313618.072440
0.014800 0.574572 0.434381 0.494736 0.888992 0.954005 315737.113470
0.014900 0.574939 0.432532 0.493670 0.888992 0.954269 317856.154500
0.015000 0.576355 0.432532 0.494192 0.889223 0.954533 319975.195530
0.015100 0.577778 0.432532 0.494714 0.889454 0.954798 322094.236560
0.015200 0.579208 0.432532 0.495238 0.889685 0.955062 324213.277590
0.015300 0.579208 0.432532 0.495238 0.889685 0.955062 326332.318620
0.015400 0.578554 0.428835 0.492569 0.889454 0.955326 328451.359650
0.015500 0.578947 0.426987 0.491489 0.889454 0.955591 330570.400680
0.015600 0.580402 0.426987 0.492012 0.889685 0.955855 332689.441710
0.015700 0.586294 0.426987 0.494117 0.890611 0.956913 334808.482740
0.015800 0.587786 0.426987 0.494646 0.890842 0.957177 336927.523770
0.015900 0.589286 0.426987 0.495176 0.891073 0.957441 339046.564800
0.016000 0.594805 0.423290 0.494600 0.891767 0.958763 341165.605830
0.016100 0.597911 0.423290 0.495671 0.892229 0.959292 343284.646860
0.016200 0.597368 0.419593 0.492942 0.891998 0.959556 345403.687890
0.016300 0.599469 0.417745 0.492374 0.892229 0.960085 347522.728920
0.016400 0.600000 0.415896 0.491266 0.892229 0.960349 349641.769950
0.016500 0.601604 0.415896 0.491803 0.892461 0.960613 351760.810980
0.016600 0.605405 0.414048 0.491767 0.892923 0.961406 353879.852010
0.016700 0.606557 0.410351 0.489525 0.892923 0.961935 355998.893040
0.016800 0.610497 0.408503 0.489479 0.893386 0.962728 358117.934070
0.016900 0.612188 0.408503 0.490022 0.893617 0.962992 360236.975100
0.017000 0.619048 0.408503 0.492204 0.894542 0.964050 362356.016130
0.017100 0.631429 0.408503 0.496071 0.896161 0.965900 364475.057160
0.017200 0.638728 0.408503 0.498308 0.897086 0.966957 366594.098190
0.017300 0.646199 0.408503 0.500566 0.898011 0.968015 368713.139220
0.017400 0.646018 0.404806 0.497727 0.897780 0.968279 370832.180250
0.017500 0.646884 0.402957 0.496583 0.897780 0.968543 372951.221280
0.017600 0.652695 0.402957 0.498285 0.898474 0.969337 375070.262310
0.017700 0.656627 0.402957 0.499427 0.898936 0.969865 377189.303340
0.017800 0.674923 0.402957 0.504629 0.901018 0.972244 379308.344370
0.017900 0.684543 0.401109 0.505827 0.901943 0.973566 381427.385400
0.018000 0.693291 0.401109 0.508196 0.902868 0.974623 383546.426430
0.018100 0.699029 0.399261 0.508235 0.903330 0.975416 385665.467460
0.018200 0.702614 0.397412 0.507674 0.903562 0.975945 387784.508490
0.018300 0.723906 0.397412 0.513126 0.905643 0.978324 389903.549520
0.018400 0.731293 0.397412 0.514970 0.906337 0.979117 392022.590550
0.018500 0.741379 0.397412 0.517448 0.907262 0.980174 394141.631580
0.018600 0.746528 0.397412 0.518697 0.907724 0.980703 396260.672610
0.018700 0.754448 0.391867 0.515815 0.907956 0.981761 398379.713640
0.018800 0.770909 0.391867 0.519607 0.909343 0.983347 400498.754670
0.018900 0.777778 0.388170 0.517879 0.909574 0.984140 402617.795700
0.019000 0.784906 0.384473 0.516129 0.909806 0.984933 404736.836730
0.019100 0.787072 0.382625 0.514925 0.909806 0.985197 406855.877760
0.019200 0.794574 0.378928 0.513141 0.910037 0.985990 408974.918790
0.019300 0.810277 0.378928 0.516372 0.911193 0.987312 411093.959820
0.019400 0.820000 0.378928 0.518331 0.911887 0.988105 413213.000850
0.019500 0.823293 0.378928 0.518987 0.912118 0.988369 415332.041880
0.019600 0.839506 0.377079 0.520408 0.913043 0.989691 417451.082910
0.019700 0.864407 0.377079 0.525096 0.914662 0.991541 419570.123940
0.019800 0.867521 0.375231 0.523871 0.914662 0.991805 421689.164970
0.019900 0.882096 0.373383 0.524675 0.915356 0.992863 423808.206000
0.020000 0.885965 0.373383 0.525357 0.915587 0.993127 425927.247030
0.020100 0.897778 0.373383 0.527415 0.916281 0.993920 428046.288060
0.020200 0.905405 0.371534 0.526867 0.916512 0.994449 430165.329090
0.020300 0.905405 0.371534 0.526867 0.916512 0.994449 432284.370120
0.020400 0.917808 0.371534 0.528947 0.917206 0.995242 434403.411150
0.020500 0.930233 0.369686 0.529100 0.917669 0.996035 436522.452180
0.020600 0.934272 0.367837 0.527851 0.917669 0.996299 438641.493210
0.020700 0.943128 0.367837 0.529255 0.918131 0.996828 440760.534240
0.020800 0.942584 0.364140 0.525333 0.917669 0.996828 442879.575270
0.020900 0.946602 0.360444 0.522088 0.917438 0.997092 444998.616300
0.021000 0.946341 0.358595 0.520107 0.917206 0.997092 447117.657330
0.021100 0.946341 0.358595 0.520107 0.917206 0.997092 449236.698360
0.021200 0.950739 0.356747 0.518817 0.917206 0.997357 451355.739390
0.021300 0.955446 0.356747 0.519515 0.917438 0.997621 453474.780420
0.021400 0.969697 0.354898 0.519621 0.917900 0.998414 455593.821450
0.021500 0.974619 0.354898 0.520325 0.918131 0.998678 457712.862480
0.021600 0.984615 0.354898 0.521739 0.918594 0.999207 459831.903510
0.021700 0.994792 0.353050 0.521146 0.918825 0.999736 461950.944540
0.021800 1.000000 0.353050 0.521858 0.919056 1.000000 464069.985570
0.021900 1.000000 0.351201 0.519835 0.918825 1.000000 466189.026600
0.022000 1.000000 0.345656 0.513736 0.918131 1.000000 468308.067630
0.022100 1.000000 0.343808 0.511692 0.917900 1.000000 470427.108660
0.022200 1.000000 0.343808 0.511692 0.917900 1.000000 472546.149690
0.022300 1.000000 0.343808 0.511692 0.917900 1.000000 474665.190720
0.022400 1.000000 0.340111 0.507586 0.917438 1.000000 476784.231750
0.022500 1.000000 0.336414 0.503457 0.916975 1.000000 478903.272780
0.022600 1.000000 0.334566 0.501385 0.916744 1.000000 481022.313810
0.022700 1.000000 0.334566 0.501385 0.916744 1.000000 483141.354840
0.022800 1.000000 0.332717 0.499306 0.916512 1.000000 485260.395870
0.022900 1.000000 0.327172 0.493036 0.915819 1.000000 487379.436900
0.023000 1.000000 0.327172 0.493036 0.915819 1.000000 489498.477930
0.023100 1.000000 0.325323 0.490934 0.915587 1.000000 491617.518960
0.023200 1.000000 0.323475 0.488826 0.915356 1.000000 493736.559990
0.023300 1.000000 0.321627 0.486713 0.915125 1.000000 495855.601020
0.023400 1.000000 0.321627 0.486713 0.915125 1.000000 497974.642050
0.023500 1.000000 0.317930 0.482468 0.914662 1.000000 500093.683080
0.023600 1.000000 0.310536 0.473907 0.913737 1.000000 502212.724110
0.023700 1.000000 0.308688 0.471751 0.913506 1.000000 504331.765140
0.023800 1.000000 0.306839 0.469589 0.913275 1.000000 506450.806170
0.023900 1.000000 0.303142 0.465248 0.912812 1.000000 508569.847200
0.024000 1.000000 0.299445 0.460882 0.912350 1.000000 510688.888230
0.024100 1.000000 0.297597 0.458689 0.912118 1.000000 512807.929260
0.024200 1.000000 0.297597 0.458689 0.912118 1.000000 514926.970290
0.024300 1.000000 0.295749 0.456490 0.911887 1.000000 517046.011320
0.024400 1.000000 0.293900 0.454285 0.911656 1.000000 519165.052350
0.024500 1.000000 0.293900 0.454285 0.911656 1.000000 521284.093380
0.024600 1.000000 0.292052 0.452074 0.911425 1.000000 523403.134410
0.024700 1.000000 0.284658 0.443165 0.910500 1.000000 525522.175440
0.024800 1.000000 0.284658 0.443165 0.910500 1.000000 527641.216470
0.024900 1.000000 0.277264 0.434153 0.909574 1.000000 529760.257500
0.025000 1.000000 0.273567 0.429608 0.909112 1.000000 531879.298530
0.025100 1.000000 0.266174 0.420438 0.908187 1.000000 533998.339560
0.025200 1.000000 0.262477 0.415812 0.907724 1.000000 536117.380590
0.025300 1.000000 0.258780 0.411160 0.907262 1.000000 538236.421620
0.025400 1.000000 0.253235 0.404129 0.906568 1.000000 540355.462650
0.025500 1.000000 0.249538 0.399408 0.906105 1.000000 542474.503680
0.025600 1.000000 0.243993 0.392273 0.905412 1.000000 544593.544710
0.025700 1.000000 0.240296 0.387481 0.904949 1.000000 546712.585740
0.025800 1.000000 0.234750 0.380239 0.904255 1.000000 548831.626770
0.025900 1.000000 0.231054 0.375375 0.903793 1.000000 550950.667800
0.026000 1.000000 0.231054 0.375375 0.903793 1.000000 553069.708830
0.026100 1.000000 0.225508 0.368024 0.903099 1.000000 555188.749860
0.026200 1.000000 0.219963 0.360606 0.902405 1.000000 557307.790890
0.026300 1.000000 0.216266 0.355623 0.901943 1.000000 559426.831920
0.026400 1.000000 0.208872 0.345565 0.901018 1.000000 561545.872950
0.026500 1.000000 0.203327 0.337941 0.900324 1.000000 563664.913980
0.026600 1.000000 0.197782 0.330247 0.899630 1.000000 565783.955010
0.026700 1.000000 0.190388 0.319876 0.898705 1.000000 567902.996040
0.026800 1.000000 0.184843 0.312012 0.898011 1.000000 570022.037070
0.026900 1.000000 0.182994 0.309375 0.897780 1.000000 572141.078100
0.027000 1.000000 0.177449 0.301413 0.897086 1.000000 574260.119130
0.027100 1.000000 0.170055 0.290679 0.896161 1.000000 576379.160160
0.027200 1.000000 0.166359 0.285261 0.895698 1.000000 578498.201190
0.027300 1.000000 0.162662 0.279809 0.895236 1.000000 580617.242220
0.027400 1.000000 0.160813 0.277070 0.895005 1.000000 582736.283250
0.027500 1.000000 0.157116 0.271565 0.894542 1.000000 584855.324280
0.027600 1.000000 0.153420 0.266025 0.894080 1.000000 586974.365310
0.027700 1.000000 0.142329 0.249191 0.892692 1.000000 589093.406340
0.027800 1.000000 0.136784 0.240650 0.891998 1.000000 591212.447370
0.027900 1.000000 0.129390 0.229132 0.891073 1.000000 593331.488400
0.028000 1.000000 0.125693 0.223317 0.890611 1.000000 595450.529430
0.028100 1.000000 0.123845 0.220395 0.890379 1.000000 597569.570460
0.028200 1.000000 0.120148 0.214521 0.889917 1.000000 599688.611490
0.028300 1.000000 0.120148 0.214521 0.889917 1.000000 601807.652520
0.028400 1.000000 0.116451 0.208609 0.889454 1.000000 603926.693550
0.028500 1.000000 0.116451 0.208609 0.889454 1.000000 606045.734580
0.028600 1.000000 0.114603 0.205638 0.889223 1.000000 608164.775610
0.028700 1.000000 0.114603 0.205638 0.889223 1.000000 610283.816640
0.028800 1.000000 0.114603 0.205638 0.889223 1.000000 612402.857670
0.028900 1.000000 0.114603 0.205638 0.889223 1.000000 614521.898700
0.029000 1.000000 0.112754 0.202658 0.888992 1.000000 616640.939730
0.029100 1.000000 0.112754 0.202658 0.888992 1.000000 618759.980760
0.029200 1.000000 0.110906 0.199667 0.888760 1.000000 620879.021790
0.029300 1.000000 0.110906 0.199667 0.888760 1.000000 622998.062820
0.029400 1.000000 0.110906 0.199667 0.888760 1.000000 625117.103850
0.029500 1.000000 0.110906 0.199667 0.888760 1.000000 627236.144880
0.029600 1.000000 0.110906 0.199667 0.888760 1.000000 629355.185910
0.029700 1.000000 0.110906 0.199667 0.888760 1.000000 631474.226940
0.029800 1.000000 0.110906 0.199667 0.888760 1.000000 633593.267970
0.029900 1.000000 0.110906 0.199667 0.888760 1.000000 635712.309000
0.030000 1.000000 0.110906 0.199667 0.888760 1.000000 637831.350030
0.030100 1.000000 0.110906 0.199667 0.888760 1.000000 639950.391060
0.030200 1.000000 0.110906 0.199667 0.888760 1.000000 642069.432090
0.030300 1.000000 0.110906 0.199667 0.888760 1.000000 644188.473120
0.030400 1.000000 0.110906 0.199667 0.888760 1.000000 646307.514150
0.030500 1.000000 0.110906 0.199667 0.888760 1.000000 648426.555180
0.030600 1.000000 0.110906 0.199667 0.888760 1.000000 650545.596210
0.030700 1.000000 0.110906 0.199667 0.888760 1.000000 652664.637240
0.030800 1.000000 0.110906 0.199667 0.888760 1.000000 654783.678270
0.030900 1.000000 0.110906 0.199667 0.888760 1.000000 656902.719300
0.031000 1.000000 0.110906 0.199667 0.888760 1.000000 659021.760330
0.031100 1.000000 0.110906 0.199667 0.888760 1.000000 661140.801360
0.031200 1.000000 0.110906 0.199667 0.888760 1.000000 663259.842390
0.031300 1.000000 0.110906 0.199667 0.888760 1.000000 665378.883420
0.031400 1.000000 0.110906 0.199667 0.888760 1.000000 667497.924450
0.031500 1.000000 0.110906 0.199667 0.888760 1.000000 669616.965480
0.031600 1.000000 0.110906 0.199667 0.888760 1.000000 671736.006510
0.031700 1.000000 0.110906 0.199667 0.888760 1.000000 673855.047540
0.031800 1.000000 0.110906 0.199667 0.888760 1.000000 675974.088570
0.031900 1.000000 0.110906 0.199667 0.888760 1.000000 678093.129600
0.032000 1.000000 0.110906 0.199667 0.888760 1.000000 680212.170630
0.032100 1.000000 0.110906 0.199667 0.888760 1.000000 682331.211660
0.032200 1.000000 0.110906 0.199667 0.888760 1.000000 684450.252690
0.032300 1.000000 0.110906 0.199667 0.888760 1.000000 686569.293720
0.032400 1.000000 0.110906 0.199667 0.888760 1.000000 688688.334750
0.032500 1.000000 0.110906 0.199667 0.888760 1.000000 690807.375780
0.032600 1.000000 0.110906 0.199667 0.888760 1.000000 692926.416810
0.032700 1.000000 0.110906 0.199667 0.888760 1.000000 695045.457840
0.032800 1.000000 0.109057 0.196666 0.888529 1.000000 697164.498870
0.032900 1.000000 0.107209 0.193656 0.888298 1.000000 699283.539900
0.033000 1.000000 0.107209 0.193656 0.888298 1.000000 701402.580930
0.033100 1.000000 0.099815 0.181512 0.887373 1.000000 703521.621960
0.033200 1.000000 0.097967 0.178451 0.887142 1.000000 705640.662990
0.033300 1.000000 0.094270 0.172297 0.886679 1.000000 707759.704020
0.033400 1.000000 0.090573 0.166102 0.886216 1.000000 709878.745050
0.033500 1.000000 0.090573 0.166102 0.886216 1.000000 711997.786080
0.033600 1.000000 0.088725 0.162988 0.885985 1.000000 714116.827110
0.033700 1.000000 0.081331 0.150427 0.885060 1.000000 716235.868140
0.033800 1.000000 0.073937 0.137694 0.884135 1.000000 718354.909170
0.033900 1.000000 0.072089 0.134483 0.883904 1.000000 720473.950200
0.034000 1.000000 0.070240 0.131261 0.883673 1.000000 722592.991230
0.034100 1.000000 0.060998 0.114982 0.882516 1.000000 724712.032260
0.034200 1.000000 0.057301 0.108392 0.882054 1.000000 726831.073290
0.034300 1.000000 0.053604 0.101754 0.881591 1.000000 728950.114320
0.034400 1.000000 0.049908 0.095070 0.881129 1.000000 731069.155350
0.034500 1.000000 0.048059 0.091711 0.880897 1.000000 733188.196380
0.034600 1.000000 0.046211 0.088339 0.880666 1.000000 735307.237410
0.034700 1.000000 0.044362 0.084956 0.880435 1.000000 737426.278440
0.034800 1.000000 0.044362 0.084956 0.880435 1.000000 739545.319470
0.034900 1.000000 0.042514 0.081560 0.880204 1.000000 741664.360500
0.035000 1.000000 0.042514 0.081560 0.880204 1.000000 743783.401530
0.035100 1.000000 0.040665 0.078153 0.879972 1.000000 745902.442560
0.035200 1.000000 0.035120 0.067857 0.879278 1.000000 748021.483590
0.035300 1.000000 0.035120 0.067857 0.879278 1.000000 750140.524620
0.035400 1.000000 0.031423 0.060932 0.878816 1.000000 752259.565650
0.035500 1.000000 0.029575 0.057451 0.878585 1.000000 754378.606680
0.035600 1.000000 0.027726 0.053957 0.878353 1.000000 756497.647710
0.035700 1.000000 0.024030 0.046931 0.877891 1.000000 758616.688740
0.035800 1.000000 0.016636 0.032727 0.876966 1.000000 760735.729770
0.035900 1.000000 0.011091 0.021938 0.876272 1.000000 762854.770800
0.036000 1.000000 0.003697 0.007366 0.875347 1.000000 764973.811830
0.036100 1.000000 0.001848 0.003690 0.875116 1.000000 767092.852860
0.036200 1.000000 0.001848 0.003690 0.875116 1.000000 769211.893890
0.036300 1.000000 0.001848 0.003690 0.875116 1.000000 771330.934920
0.036400 0.000000 0.000000 0.000000 0.874884 1.000000 773449.975950
0.036500 0.000000 0.000000 0.000000 0.874884 1.000000 775569.016980
0.036600 0.000000 0.000000 0.000000 0.874884 1.000000 777688.058010
0.036700 0.000000 0.000000 0.000000 0.874884 1.000000 779807.099040
0.036800 0.000000 0.000000 0.000000 0.874884 1.000000 781926.140070
0.036900 0.000000 0.000000 0.000000 0.874884 1.000000 784045.181100
0.037000 0.000000 0.000000 0.000000 0.874884 1.000000 786164.222130
0.037100 0.000000 0.000000 0.000000 0.874884 1.000000 788283.263160
0.037200 0.000000 0.000000 0.000000 0.874884 1.000000 790402.304190
0.037300 0.000000 0.000000 0.000000 0.874884 1.000000 792521.345220
0.037400 0.000000 0.000000 0.000000 0.874884 1.000000 794640.386250
0.037500 0.000000 0.000000 0.000000 0.874884 1.000000 796759.427280
0.037600 0.000000 0.000000 0.000000 0.874884 1.000000 798878.468310
0.037700 0.000000 0.000000 0.000000 0.874884 1.000000 800997.509340
0.037800 0.000000 0.000000 0.000000 0.874884 1.000000 803116.550370
0.037900 0.000000 0.000000 0.000000 0.874884 1.000000 805235.591400
0.038000 0.000000 0.000000 0.000000 0.874884 1.000000 807354.632430
0.038100 0.000000 0.000000 0.000000 0.874884 1.000000 809473.673460
0.038200 0.000000 0.000000 0.000000 0.874884 1.000000 811592.714490
0.038300 0.000000 0.000000 0.000000 0.874884 1.000000 813711.755520
0.038400 0.000000 0.000000 0.000000 0.874884 1.000000 815830.796550
0.038500 0.000000 0.000000 0.000000 0.874884 1.000000 817949.837580
0.038600 0.000000 0.000000 0.000000 0.874884 1.000000 820068.878610
0.038700 0.000000 0.000000 0.000000 0.874884 1.000000 822187.919640
0.038800 0.000000 0.000000 0.000000 0.874884 1.000000 824306.960670
0.038900 0.000000 0.000000 0.000000 0.874884 1.000000 826426.001700
0.039000 0.000000 0.000000 0.000000 0.874884 1.000000 828545.042730
0.039100 0.000000 0.000000 0.000000 0.874884 1.000000 830664.083760
0.039200 0.000000 0.000000 0.000000 0.874884 1.000000 832783.124790
0.039300 0.000000 0.000000 0.000000 0.874884 1.000000 834902.165820
0.039400 0.000000 0.000000 0.000000 0.874884 1.000000 837021.206850
0.039500 0.000000 0.000000 0.000000 0.874884 1.000000 839140.247880
0.039600 0.000000 0.000000 0.000000 0.874884 1.000000 841259.288910
0.039700 0.000000 0.000000 0.000000 0.874884 1.000000 843378.329940
0.039800 0.000000 0.000000 0.000000 0.874884 1.000000 845497.370970
0.039900 0.000000 0.000000 0.000000 0.874884 1.000000 847616.412000
0.040000 0.000000 0.000000 0.000000 0.874884 1.000000 849735.453030
0.040100 0.000000 0.000000 0.000000 0.874884 1.000000 851854.494060
0.040200 0.000000 0.000000 0.000000 0.874884 1.000000 853973.535090
0.040300 0.000000 0.000000 0.000000 0.874884 1.000000 856092.576120
0.040400 0.000000 0.000000 0.000000 0.874884 1.000000 858211.617150
0.040500 0.000000 0.000000 0.000000 0.874884 1.000000 860330.658180
0.040600 0.000000 0.000000 0.000000 0.874884 1.000000 862449.699210
0.040700 0.000000 0.000000 0.000000 0.874884 1.000000 864568.740240
0.040800 0.000000 0.000000 0.000000 0.874884 1.000000 866687.781270
0.040900 0.000000 0.000000 0.000000 0.874884 1.000000 868806.822300
0.041000 0.000000 0.000000 0.000000 0.874884 1.000000 870925.863330
0.041100 0.000000 0.000000 0.000000 0.874884 1.000000 873044.904360
0.041200 0.000000 0.000000 0.000000 0.874884 1.000000 875163.945390
0.041300 0.000000 0.000000 0.000000 0.874884 1.000000 877282.986420
0.041400 0.000000 0.000000 0.000000 0.874884 1.000000 879402.027450
0.041500 0.000000 0.000000 0.000000 0.874884 1.000000 881521.068480
0.041600 0.000000 0.000000 0.000000 0.874884 1.000000 883640.109510
0.041700 0.000000 0.000000 0.000000 0.874884 1.000000 885759.150540
0.041800 0.000000 0.000000 0.000000 0.874884 1.000000 887878.191570
0.041900 0.000000 0.000000 0.000000 0.874884 1.000000 889997.232600
0.042000 0.000000 0.000000 0.000000 0.874884 1.000000 892116.273630
0.042100 0.000000 0.000000 0.000000 0.874884 1.000000 894235.314660
0.042200 0.000000 0.000000 0.000000 0.874884 1.000000 896354.355690
0.042300 0.000000 0.000000 0.000000 0.874884 1.000000 898473.396720
0.042400 0.000000 0.000000 0.000000 0.874884 1.000000 900592.437750
0.042500 0.000000 0.000000 0.000000 0.874884 1.000000 902711.478780
0.042600 0.000000 0.000000 0.000000 0.874884 1.000000 904830.519810
0.042700 0.000000 0.000000 0.000000 0.874884 1.000000 906949.560840
0.042800 0.000000 0.000000 0.000000 0.874884 1.000000 909068.601870
0.042900 0.000000 0.000000 0.000000 0.874884 1.000000 911187.642900
0.043000 0.000000 0.000000 0.000000 0.874884 1.000000 913306.683930
0.043100 0.000000 0.000000 0.000000 0.874884 1.000000 915425.724960
0.043200 0.000000 0.000000 0.000000 0.874884 1.000000 917544.765990
0.043300 0.000000 0.000000 0.000000 0.874884 1.000000 919663.807020
0.043400 0.000000 0.000000 0.000000 0.874884 1.000000 921782.848050
0.043500 0.000000 0.000000 0.000000 0.874884 1.000000 923901.889080
0.043600 0.000000 0.000000 0.000000 0.874884 1.000000 926020.930110
0.043700 0.000000 0.000000 0.000000 0.874884 1.000000 928139.971140
0.043800 0.000000 0.000000 0.000000 0.874884 1.000000 930259.012170
0.043900 0.000000 0.000000 0.000000 0.874884 1.000000 932378.053200
0.044000 0.000000 0.000000 0.000000 0.874884 1.000000 934497.094230
0.044100 0.000000 0.000000 0.000000 0.874884 1.000000 936616.135260
0.044200 0.000000 0.000000 0.000000 0.874884 1.000000 938735.176290
0.044300 0.000000 0.000000 0.000000 0.874884 1.000000 940854.217320
0.044400 0.000000 0.000000 0.000000 0.874884 1.000000 942973.258350
0.044500 0.000000 0.000000 0.000000 0.874884 1.000000 945092.299380
0.044600 0.000000 0.000000 0.000000 0.874884 1.000000 947211.340410
0.044700 0.000000 0.000000 0.000000 0.874884 1.000000 949330.381440
0.044800 0.000000 0.000000 0.000000 0.874884 1.000000 951449.422470
0.044900 0.000000 0.000000 0.000000 0.874884 1.000000 953568.463500
0.045000 0.000000 0.000000 0.000000 0.874884 1.000000 955687.504530
0.045100 0.000000 0.000000 0.000000 0.874884 1.000000 957806.545560
0.045200 0.000000 0.000000 0.000000 0.874884 1.000000 959925.586590
0.045300 0.000000 0.000000 0.000000 0.874884 1.000000 962044.627620
0.045400 0.000000 0.000000 0.000000 0.874884 1.000000 964163.668650
0.045500 0.000000 0.000000 0.000000 0.874884 1.000000 966282.709680
0.045600 0.000000 0.000000 0.000000 0.874884 1.000000 968401.750710
0.045700 0.000000 0.000000 0.000000 0.874884 1.000000 970520.791740
0.045800 0.000000 0.000000 0.000000 0.874884 1.000000 972639.832770
0.045900 0.000000 0.000000 0.000000 0.874884 1.000000 974758.873800
0.046000 0.000000 0.000000 0.000000 0.874884 1.000000 976877.914830
0.046100 0.000000 0.000000 0.000000 0.874884 1.000000 978996.955860
0.046200 0.000000 0.000000 0.000000 0.874884 1.000000 981115.996890
0.046300 0.000000 0.000000 0.000000 0.874884 1.000000 983235.037920
0.046400 0.000000 0.000000 0.000000 0.874884 1.000000 985354.078950
0.046500 0.000000 0.000000 0.000000 0.874884 1.000000 987473.119980
0.046600 0.000000 0.000000 0.000000 0.874884 1.000000 989592.161010
0.046700 0.000000 0.000000 0.000000 0.874884 1.000000 991711.202040
0.046800 0.000000 0.000000 0.000000 0.874884 1.000000 993830.243070
0.046900 0.000000 0.000000 0.000000 0.874884 1.000000 995949.284100
0.047000 0.000000 0.000000 0.000000 0.874884 1.000000 998068.325130
0.047100 0.000000 0.000000 0.000000 0.874884 1.000000 1000187.366160
0.047200 0.000000 0.000000 0.000000 0.874884 1.000000 1002306.407190
0.047300 0.000000 0.000000 0.000000 0.874884 1.000000 1004425.448220
0.047400 0.000000 0.000000 0.000000 0.874884 1.000000 1006544.489250
0.047500 0.000000 0.000000 0.000000 0.874884 1.000000 1008663.530280
0.047600 0.000000 0.000000 0.000000 0.874884 1.000000 1010782.571310
0.047700 0.000000 0.000000 0.000000 0.874884 1.000000 1012901.612340
0.047800 0.000000 0.000000 0.000000 0.874884 1.000000 1015020.653370
0.047900 0.000000 0.000000 0.000000 0.874884 1.000000 1017139.694400
0.048000 0.000000 0.000000 0.000000 0.874884 1.000000 1019258.735430
0.048100 0.000000 0.000000 0.000000 0.874884 1.000000 1021377.776460
0.048200 0.000000 0.000000 0.000000 0.874884 1.000000 1023496.817490
0.048300 0.000000 0.000000 0.000000 0.874884 1.000000 1025615.858520
0.048400 0.000000 0.000000 0.000000 0.874884 1.000000 1027734.899550
0.048500 0.000000 0.000000 0.000000 0.874884 1.000000 1029853.940580
0.048600 0.000000 0.000000 0.000000 0.874884 1.000000 1031972.981610
0.048700 0.000000 0.000000 0.000000 0.874884 1.000000 1034092.022640
0.048800 0.000000 0.000000 0.000000 0.874884 1.000000 1036211.063670
0.048900 0.000000 0.000000 0.000000 0.874884 1.000000 1038330.104700
0.049000 0.000000 0.000000 0.000000 0.874884 1.000000 1040449.145730
0.049100 0.000000 0.000000 0.000000 0.874884 1.000000 1042568.186760
0.049200 0.000000 0.000000 0.000000 0.874884 1.000000 1044687.227790
0.049300 0.000000 0.000000 0.000000 0.874884 1.000000 1046806.268820
0.049400 0.000000 0.000000 0.000000 0.874884 1.000000 1048925.309850
0.049500 0.000000 0.000000 0.000000 0.874884 1.000000 1051044.350880
0.049600 0.000000 0.000000 0.000000 0.874884 1.000000 1053163.391910
0.049700 0.000000 0.000000 0.000000 0.874884 1.000000 1055282.432940
0.049800 0.000000 0.000000 0.000000 0.874884 1.000000 1057401.473970
0.049900 0.000000 0.000000 0.000000 0.874884 1.000000 1059520.515000
0.050000 0.000000 0.000000 0.000000 0.874884 1.000000 1061639.556030
0.050100 0.000000 0.000000 0.000000 0.874884 1.000000 1063758.597060
0.050200 0.000000 0.000000 0.000000 0.874884 1.000000 1065877.638090
0.050300 0.000000 0.000000 0.000000 0.874884 1.000000 1067996.679120
0.050400 0.000000 0.000000 0.000000 0.874884 1.000000 1070115.720150
0.050500 0.000000 0.000000 0.000000 0.874884 1.000000 1072234.761180
0.050600 0.000000 0.000000 0.000000 0.874884 1.000000 1074353.802210
0.050700 0.000000 0.000000 0.000000 0.874884 1.000000 1076472.843240
0.050800 0.000000 0.000000 0.000000 0.874884 1.000000 1078591.884270
0.050900 0.000000 0.000000 0.000000 0.874884 1.000000 1080710.925300
0.051000 0.000000 0.000000 0.000000 0.874884 1.000000 1082829.966330
0.051100 0.000000 0.000000 0.000000 0.874884 1.000000 1084949.007360
0.051200 0.000000 0.000000 0.000000 0.874884 1.000000 1087068.048390
0.051300 0.000000 0.000000 0.000000 0.874884 1.000000 1089187.089420
0.051400 0.000000 0.000000 0.000000 0.874884 1.000000 1091306.130450
0.051500 0.000000 0.000000 0.000000 0.874884 1.000000 1093425.171480
0.051600 0.000000 0.000000 0.000000 0.874884 1.000000 1095544.212510
0.051700 0.000000 0.000000 0.000000 0.874884 1.000000 1097663.253540
0.051800 0.000000 0.000000 0.000000 0.874884 1.000000 1099782.294570
0.051900 0.000000 0.000000 0.000000 0.874884 1.000000 1101901.335600
0.052000 0.000000 0.000000 0.000000 0.874884 1.000000 1104020.376630
0.052100 0.000000 0.000000 0.000000 0.874884 1.000000 1106139.417660
0.052200 0.000000 0.000000 0.000000 0.874884 1.000000 1108258.458690
0.052300 0.000000 0.000000 0.000000 0.874884 1.000000 1110377.499720
0.052400 0.000000 0.000000 0.000000 0.874884 1.000000 1112496.540750
0.052500 0.000000 0.000000 0.000000 0.874884 1.000000 1114615.581780
0.052600 0.000000 0.000000 0.000000 0.874884 1.000000 1116734.622810
0.052700 0.000000 0.000000 0.000000 0.874884 1.000000 1118853.663840
0.052800 0.000000 0.000000 0.000000 0.874884 1.000000 1120972.704870
0.052900 0.000000 0.000000 0.000000 0.874884 1.000000 1123091.745900
0.053000 0.000000 0.000000 0.000000 0.874884 1.000000 1125210.786930
0.053100 0.000000 0.000000 0.000000 0.874884 1.000000 1127329.827960
0.053200 0.000000 0.000000 0.000000 0.874884 1.000000 1129448.868990
0.053300 0.000000 0.000000 0.000000 0.874884 1.000000 1131567.910020
0.053400 0.000000 0.000000 0.000000 0.874884 1.000000 1133686.951050
0.053500 0.000000 0.000000 0.000000 0.874884 1.000000 1135805.992080
0.053600 0.000000 0.000000 0.000000 0.874884 1.000000 1137925.033110
0.053700 0.000000 0.000000 0.000000 0.874884 1.000000 1140044.074140
0.053800 0.000000 0.000000 0.000000 0.874884 1.000000 1142163.115170
0.053900 0.000000 0.000000 0.000000 0.874884 1.000000 1144282.156200
0.054000 0.000000 0.000000 0.000000 0.874884 1.000000 1146401.197230
0.054100 0.000000 0.000000 0.000000 0.874884 1.000000 1148520.238260
0.054200 0.000000 0.000000 0.000000 0.874884 1.000000 1150639.279290
0.054300 0.000000 0.000000 0.000000 0.874884 1.000000 1152758.320320
0.054400 0.000000 0.000000 0.000000 0.874884 1.000000 1154877.361350
0.054500 0.000000 0.000000 0.000000 0.874884 1.000000 1156996.402380
0.054600 0.000000 0.000000 0.000000 0.874884 1.000000 1159115.443410
0.054700 0.000000 0.000000 0.000000 0.874884 1.000000 1161234.484440
0.054800 0.000000 0.000000 0.000000 0.874884 1.000000 1163353.525470
0.054900 0.000000 0.000000 0.000000 0.874884 1.000000 1165472.566500
0.055000 0.000000 0.000000 0.000000 0.874884 1.000000 1167591.607530
0.055100 0.000000 0.000000 0.000000 0.874884 1.000000 1169710.648560
0.055200 0.000000 0.000000 0.000000 0.874884 1.000000 1171829.689590
0.055300 0.000000 0.000000 0.000000 0.874884 1.000000 1173948.730620
0.055400 0.000000 0.000000 0.000000 0.874884 1.000000 1176067.771650
0.055500 0.000000 0.000000 0.000000 0.874884 1.000000 1178186.812680
0.055600 0.000000 0.000000 0.000000 0.874884 1.000000 1180305.853710
0.055700 0.000000 0.000000 0.000000 0.874884 1.000000 1182424.894740
0.055800 0.000000 0.000000 0.000000 0.874884 1.000000 1184543.935770
0.055900 0.000000 0.000000 0.000000 0.874884 1.000000 1186662.976800
0.056000 0.000000 0.000000 0.000000 0.874884 1.000000 1188782.017830
0.056100 0.000000 0.000000 0.000000 0.874884 1.000000 1190901.058860
0.056200 0.000000 0.000000 0.000000 0.874884 1.000000 1193020.099891
0.056300 0.000000 0.000000 0.000000 0.874884 1.000000 1195139.140921
0.056400 0.000000 0.000000 0.000000 0.874884 1.000000 1197258.181951
0.056500 0.000000 0.000000 0.000000 0.874884 1.000000 1199377.222981
0.056600 0.000000 0.000000 0.000000 0.874884 1.000000 1201496.264011
0.056700 0.000000 0.000000 0.000000 0.874884 1.000000 1203615.305041
0.056800 0.000000 0.000000 0.000000 0.874884 1.000000 1205734.346071
0.056900 0.000000 0.000000 0.000000 0.874884 1.000000 1207853.387101
0.057000 0.000000 0.000000 0.000000 0.874884 1.000000 1209972.428131
0.057100 0.000000 0.000000 0.000000 0.874884 1.000000 1212091.469161
0.057200 0.000000 0.000000 0.000000 0.874884 1.000000 1214210.510191
0.057300 0.000000 0.000000 0.000000 0.874884 1.000000 1216329.551221
0.057400 0.000000 0.000000 0.000000 0.874884 1.000000 1218448.592251
0.057500 0.000000 0.000000 0.000000 0.874884 1.000000 1220567.633281
0.057600 0.000000 0.000000 0.000000 0.874884 1.000000 1222686.674311
0.057700 0.000000 0.000000 0.000000 0.874884 1.000000 1224805.715341
0.057800 0.000000 0.000000 0.000000 0.874884 1.000000 1226924.756371
0.057900 0.000000 0.000000 0.000000 0.874884 1.000000 1229043.797401
0.058000 0.000000 0.000000 0.000000 0.874884 1.000000 1231162.838431
0.058100 0.000000 0.000000 0.000000 0.874884 1.000000 1233281.879461
0.058200 0.000000 0.000000 0.000000 0.874884 1.000000 1235400.920491
0.058300 0.000000 0.000000 0.000000 0.874884 1.000000 1237519.961521
0.058400 0.000000 0.000000 0.000000 0.874884 1.000000 1239639.002551
0.058500 0.000000 0.000000 0.000000 0.874884 1.000000 1241758.043581
0.058600 0.000000 0.000000 0.000000 0.874884 1.000000 1243877.084611
0.058700 0.000000 0.000000 0.000000 0.874884 1.000000 1245996.125641
0.058800 0.000000 0.000000 0.000000 0.874884 1.000000 1248115.166671
0.058900 0.000000 0.000000 0.000000 0.874884 1.000000 1250234.207701
0.059000 0.000000 0.000000 0.000000 0.874884 1.000000 1252353.248731
0.059100 0.000000 0.000000 0.000000 0.874884 1.000000 1254472.289761
0.059200 0.000000 0.000000 0.000000 0.874884 1.000000 1256591.330791
0.059300 0.000000 0.000000 0.000000 0.874884 1.000000 1258710.371821
0.059400 0.000000 0.000000 0.000000 0.874884 1.000000 1260829.412851
0.059500 0.000000 0.000000 0.000000 0.874884 1.000000 1262948.453881
0.059600 0.000000 0.000000 0.000000 0.874884 1.000000 1265067.494911
0.059700 0.000000 0.000000 0.000000 0.874884 1.000000 1267186.535941
0.059800 0.000000 0.000000 0.000000 0.874884 1.000000 1269305.576971
0.059900 0.000000 0.000000 0.000000 0.874884 1.000000 1271424.618001
0.060000 0.000000 0.000000 0.000000 0.874884 1.000000 1273543.659031
0.060100 0.000000 0.000000 0.000000 0.874884 1.000000 1275662.700061
0.060200 0.000000 0.000000 0.000000 0.874884 1.000000 1277781.741091
0.060300 0.000000 0.000000 0.000000 0.874884 1.000000 1279900.782121
0.060400 0.000000 0.000000 0.000000 0.874884 1.000000 1282019.823151
0.060500 0.000000 0.000000 0.000000 0.874884 1.000000 1284138.864181
0.060600 0.000000 0.000000 0.000000 0.874884 1.000000 1286257.905211
0.060700 0.000000 0.000000 0.000000 0.874884 1.000000 1288376.946241
0.060800 0.000000 0.000000 0.000000 0.874884 1.000000 1290495.987271
0.060900 0.000000 0.000000 0.000000 0.874884 1.000000 1292615.028301
0.061000 0.000000 0.000000 0.000000 0.874884 1.000000 1294734.069331
0.061100 0.000000 0.000000 0.000000 0.874884 1.000000 1296853.110361
0.061200 0.000000 0.000000 0.000000 0.874884 1.000000 1298972.151391
0.061300 0.000000 0.000000 0.000000 0.874884 1.000000 1301091.192421
0.061400 0.000000 0.000000 0.000000 0.874884 1.000000 1303210.233451
0.061500 0.000000 0.000000 0.000000 0.874884 1.000000 1305329.274481
0.061600 0.000000 0.000000 0.000000 0.874884 1.000000 1307448.315511
0.061700 0.000000 0.000000 0.000000 0.874884 1.000000 1309567.356541
0.061800 0.000000 0.000000 0.000000 0.874884 1.000000 1311686.397571
0.061900 0.000000 0.000000 0.000000 0.874884 1.000000 1313805.438601
0.062000 0.000000 0.000000 0.000000 0.874884 1.000000 1315924.479631
0.062100 0.000000 0.000000 0.000000 0.874884 1.000000 1318043.520661
0.062200 0.000000 0.000000 0.000000 0.874884 1.000000 1320162.561691
0.062300 0.000000 0.000000 0.000000 0.874884 1.000000 1322281.602721
0.062400 0.000000 0.000000 0.000000 0.874884 1.000000 1324400.643751
0.062500 0.000000 0.000000 0.000000 0.874884 1.000000 1326519.684781
0.062600 0.000000 0.000000 0.000000 0.874884 1.000000 1328638.725811
0.062700 0.000000 0.000000 0.000000 0.874884 1.000000 1330757.766841
0.062800 0.000000 0.000000 0.000000 0.874884 1.000000 1332876.807871
0.062900 0.000000 0.000000 0.000000 0.874884 1.000000 1334995.848901
0.063000 0.000000 0.000000 0.000000 0.874884 1.000000 1337114.889931
0.063100 0.000000 0.000000 0.000000 0.874884 1.000000 1339233.930961
0.063200 0.000000 0.000000 0.000000 0.874884 1.000000 1341352.971991
0.063300 0.000000 0.000000 0.000000 0.874884 1.000000 1343472.013021
0.063400 0.000000 0.000000 0.000000 0.874884 1.000000 1345591.054051
0.063500 0.000000 0.000000 0.000000 0.874884 1.000000 1347710.095081
0.063600 0.000000 0.000000 0.000000 0.874884 1.000000 1349829.136111
0.063700 0.000000 0.000000 0.000000 0.874884 1.000000 1351948.177141
0.063800 0.000000 0.000000 0.000000 0.874884 1.000000 1354067.218172
0.063900 0.000000 0.000000 0.000000 0.874884 1.000000 1356186.259202
0.064000 0.000000 0.000000 0.000000 0.874884 1.000000 1358305.300232
0.064100 0.000000 0.000000 0.000000 0.874884 1.000000 1360424.341262
0.064200 0.000000 0.000000 0.000000 0.874884 1.000000 1362543.382292
0.064300 0.000000 0.000000 0.000000 0.874884 1.000000 1364662.423322
0.064400 0.000000 0.000000 0.000000 0.874884 1.000000 1366781.464352
0.064500 0.000000 0.000000 0.000000 0.874884 1.000000 1368900.505382
0.064600 0.000000 0.000000 0.000000 0.874884 1.000000 1371019.546412
0.064700 0.000000 0.000000 0.000000 0.874884 1.000000 1373138.587442
0.064800 0.000000 0.000000 0.000000 0.874884 1.000000 1375257.628472
0.064900 0.000000 0.000000 0.000000 0.874884 1.000000 1377376.669502
0.065000 0.000000 0.000000 0.000000 0.874884 1.000000 1379495.710532
0.065100 0.000000 0.000000 0.000000 0.874884 1.000000 1381614.751562
0.065200 0.000000 0.000000 0.000000 0.874884 1.000000 1383733.792592
0.065300 0.000000 0.000000 0.000000 0.874884 1.000000 1385852.833622
0.065400 0.000000 0.000000 0.000000 0.874884 1.000000 1387971.874652
0.065500 0.000000 0.000000 0.000000 0.874884 1.000000 1390090.915682
0.065600 0.000000 0.000000 0.000000 0.874884 1.000000 1392209.956712
0.065700 0.000000 0.000000 0.000000 0.874884 1.000000 1394328.997742
0.065800 0.000000 0.000000 0.000000 0.874884 1.000000 1396448.038772
0.065900 0.000000 0.000000 0.000000 0.874884 1.000000 1398567.079802
0.066000 0.000000 0.000000 0.000000 0.874884 1.000000 1400686.120832
0.066100 0.000000 0.000000 0.000000 0.874884 1.000000 1402805.161862
0.066200 0.000000 0.000000 0.000000 0.874884 1.000000 1404924.202892
0.066300 0.000000 0.000000 0.000000 0.874884 1.000000 1407043.243922
0.066400 0.000000 0.000000 0.000000 0.874884 1.000000 1409162.284952
0.066500 0.000000 0.000000 0.000000 0.874884 1.000000 1411281.325982
0.066600 0.000000 0.000000 0.000000 0.874884 1.000000 1413400.367012
0.066700 0.000000 0.000000 0.000000 0.874884 1.000000 1415519.408042
0.066800 0.000000 0.000000 0.000000 0.874884 1.000000 1417638.449072
0.066900 0.000000 0.000000 0.000000 0.874884 1.000000 1419757.490102
0.067000 0.000000 0.000000 0.000000 0.874884 1.000000 1421876.531132
0.067100 0.000000 0.000000 0.000000 0.874884 1.000000 1423995.572162
0.067200 0.000000 0.000000 0.000000 0.874884 1.000000 1426114.613192
0.067300 0.000000 0.000000 0.000000 0.874884 1.000000 1428233.654222
0.067400 0.000000 0.000000 0.000000 0.874884 1.000000 1430352.695252
0.067500 0.000000 0.000000 0.000000 0.874884 1.000000 1432471.736282
0.067600 0.000000 0.000000 0.000000 0.874884 1.000000 1434590.777312
0.067700 0.000000 0.000000 0.000000 0.874884 1.000000 1436709.818342
0.067800 0.000000 0.000000 0.000000 0.874884 1.000000 1438828.859372
0.067900 0.000000 0.000000 0.000000 0.874884 1.000000 1440947.900402
0.068000 0.000000 0.000000 0.000000 0.874884 1.000000 1443066.941432
0.068100 0.000000 0.000000 0.000000 0.874884 1.000000 1445185.982462
0.068200 0.000000 0.000000 0.000000 0.874884 1.000000 1447305.023492
0.068300 0.000000 0.000000 0.000000 0.874884 1.000000 1449424.064522
0.068400 0.000000 0.000000 0.000000 0.874884 1.000000 1451543.105552
0.068500 0.000000 0.000000 0.000000 0.874884 1.000000 1453662.146582
0.068600 0.000000 0.000000 0.000000 0.874884 1.000000 1455781.187612
0.068700 0.000000 0.000000 0.000000 0.874884 1.000000 1457900.228642
0.068800 0.000000 0.000000 0.000000 0.874884 1.000000 1460019.269672
0.068900 0.000000 0.000000 0.000000 0.874884 1.000000 1462138.310702
0.069000 0.000000 0.000000 0.000000 0.874884 1.000000 1464257.351732
0.069100 0.000000 0.000000 0.000000 0.874884 1.000000 1466376.392762
0.069200 0.000000 0.000000 0.000000 0.874884 1.000000 1468495.433792
0.069300 0.000000 0.000000 0.000000 0.874884 1.000000 1470614.474822
0.069400 0.000000 0.000000 0.000000 0.874884 1.000000 1472733.515852
0.069500 0.000000 0.000000 0.000000 0.874884 1.000000 1474852.556882
0.069600 0.000000 0.000000 0.000000 0.874884 1.000000 1476971.597912
0.069700 0.000000 0.000000 0.000000 0.874884 1.000000 1479090.638942
0.069800 0.000000 0.000000 0.000000 0.874884 1.000000 1481209.679972
0.069900 0.000000 0.000000 0.000000 0.874884 1.000000 1483328.721002
0.070000 0.000000 0.000000 0.000000 0.874884 1.000000 1485447.762032
0.070100 0.000000 0.000000 0.000000 0.874884 1.000000 1487566.803062
0.070200 0.000000 0.000000 0.000000 0.874884 1.000000 1489685.844092
0.070300 0.000000 0.000000 0.000000 0.874884 1.000000 1491804.885122
0.070400 0.000000 0.000000 0.000000 0.874884 1.000000 1493923.926152
0.070500 0.000000 0.000000 0.000000 0.874884 1.000000 1496042.967182
0.070600 0.000000 0.000000 0.000000 0.874884 1.000000 1498162.008212
0.070700 0.000000 0.000000 0.000000 0.874884 1.000000 1500281.049242
0.070800 0.000000 0.000000 0.000000 0.874884 1.000000 1502400.090272
0.070900 0.000000 0.000000 0.000000 0.874884 1.000000 1504519.131302
0.071000 0.000000 0.000000 0.000000 0.874884 1.000000 1506638.172332
0.071100 0.000000 0.000000 0.000000 0.874884 1.000000 1508757.213362
0.071200 0.000000 0.000000 0.000000 0.874884 1.000000 1510876.254392
0.071300 0.000000 0.000000 0.000000 0.874884 1.000000 1512995.295422
0.071400 0.000000 0.000000 0.000000 0.874884 1.000000 1515114.336452
0.071500 0.000000 0.000000 0.000000 0.874884 1.000000 1517233.377483
0.071600 0.000000 0.000000 0.000000 0.874884 1.000000 1519352.418513
0.071700 0.000000 0.000000 0.000000 0.874884 1.000000 1521471.459543
0.071800 0.000000 0.000000 0.000000 0.874884 1.000000 1523590.500573
0.071900 0.000000 0.000000 0.000000 0.874884 1.000000 1525709.541603
0.072000 0.000000 0.000000 0.000000 0.874884 1.000000 1527828.582633
0.072100 0.000000 0.000000 0.000000 0.874884 1.000000 1529947.623663
0.072200 0.000000 0.000000 0.000000 0.874884 1.000000 1532066.664693
0.072300 0.000000 0.000000 0.000000 0.874884 1.000000 1534185.705723
0.072400 0.000000 0.000000 0.000000 0.874884 1.000000 1536304.746753
0.072500 0.000000 0.000000 0.000000 0.874884 1.000000 1538423.787783
0.072600 0.000000 0.000000 0.000000 0.874884 1.000000 1540542.828813
0.072700 0.000000 0.000000 0.000000 0.874884 1.000000 1542661.869843
0.072800 0.000000 0.000000 0.000000 0.874884 1.000000 1544780.910873
0.072900 0.000000 0.000000 0.000000 0.874884 1.000000 1546899.951903
0.073000 0.000000 0.000000 0.000000 0.874884 1.000000 1549018.992933
0.073100 0.000000 0.000000 0.000000 0.874884 1.000000 1551138.033963
0.073200 0.000000 0.000000 0.000000 0.874884 1.000000 1553257.074993
0.073300 0.000000 0.000000 0.000000 0.874884 1.000000 1555376.116023
0.073400 0.000000 0.000000 0.000000 0.874884 1.000000 1557495.157053
0.073500 0.000000 0.000000 0.000000 0.874884 1.000000 1559614.198083
0.073600 0.000000 0.000000 0.000000 0.874884 1.000000 1561733.239113
0.073700 0.000000 0.000000 0.000000 0.874884 1.000000 1563852.280143
0.073800 0.000000 0.000000 0.000000 0.874884 1.000000 1565971.321173
0.073900 0.000000 0.000000 0.000000 0.874884 1.000000 1568090.362203
0.074000 0.000000 0.000000 0.000000 0.874884 1.000000 1570209.403233
0.074100 0.000000 0.000000 0.000000 0.874884 1.000000 1572328.444263
0.074200 0.000000 0.000000 0.000000 0.874884 1.000000 1574447.485293
0.074300 0.000000 0.000000 0.000000 0.874884 1.000000 1576566.526323
0.074400 0.000000 0.000000 0.000000 0.874884 1.000000 1578685.567353
0.074500 0.000000 0.000000 0.000000 0.874884 1.000000 1580804.608383
0.074600 0.000000 0.000000 0.000000 0.874884 1.000000 1582923.649413
0.074700 0.000000 0.000000 0.000000 0.874884 1.000000 1585042.690443
0.074800 0.000000 0.000000 0.000000 0.874884 1.000000 1587161.731473
0.074900 0.000000 0.000000 0.000000 0.874884 1.000000 1589280.772503
0.075000 0.000000 0.000000 0.000000 0.874884 1.000000 1591399.813533
0.075100 0.000000 0.000000 0.000000 0.874884 1.000000 1593518.854563
0.075200 0.000000 0.000000 0.000000 0.874884 1.000000 1595637.895593
0.075300 0.000000 0.000000 0.000000 0.874884 1.000000 1597756.936623
0.075400 0.000000 0.000000 0.000000 0.874884 1.000000 1599875.977653
0.075500 0.000000 0.000000 0.000000 0.874884 1.000000 1601995.018683
0.075600 0.000000 0.000000 0.000000 0.874884 1.000000 1604114.059713
0.075700 0.000000 0.000000 0.000000 0.874884 1.000000 1606233.100743
0.075800 0.000000 0.000000 0.000000 0.874884 1.000000 1608352.141773
0.075900 0.000000 0.000000 0.000000 0.874884 1.000000 1610471.182803
0.076000 0.000000 0.000000 0.000000 0.874884 1.000000 1612590.223833
0.076100 0.000000 0.000000 0.000000 0.874884 1.000000 1614709.264863
0.076200 0.000000 0.000000 0.000000 0.874884 1.000000 1616828.305893
0.076300 0.000000 0.000000 0.000000 0.874884 1.000000 1618947.346923
0.076400 0.000000 0.000000 0.000000 0.874884 1.000000 1621066.387953
0.076500 0.000000 0.000000 0.000000 0.874884 1.000000 1623185.428983
0.076600 0.000000 0.000000 0.000000 0.874884 1.000000 1625304.470013
0.076700 0.000000 0.000000 0.000000 0.874884 1.000000 1627423.511043
0.076800 0.000000 0.000000 0.000000 0.874884 1.000000 1629542.552073
0.076900 0.000000 0.000000 0.000000 0.874884 1.000000 1631661.593103
0.077000 0.000000 0.000000 0.000000 0.874884 1.000000 1633780.634133
0.077100 0.000000 0.000000 0.000000 0.874884 1.000000 1635899.675163
0.077200 0.000000 0.000000 0.000000 0.874884 1.000000 1638018.716193
0.077300 0.000000 0.000000 0.000000 0.874884 1.000000 1640137.757223
0.077400 0.000000 0.000000 0.000000 0.874884 1.000000 1642256.798253
0.077500 0.000000 0.000000 0.000000 0.874884 1.000000 1644375.839283
0.077600 0.000000 0.000000 0.000000 0.874884 1.000000 1646494.880313
0.077700 0.000000 0.000000 0.000000 0.874884 1.000000 1648613.921343
0.077800 0.000000 0.000000 0.000000 0.874884 1.000000 1650732.962373
0.077900 0.000000 0.000000 0.000000 0.874884 1.000000 1652852.003403
0.078000 0.000000 0.000000 0.000000 0.874884 1.000000 1654971.044433
0.078100 0.000000 0.000000 0.000000 0.874884 1.000000 1657090.085463
0.078200 0.000000 0.000000 0.000000 0.874884 1.000000 1659209.126493
0.078300 0.000000 0.000000 0.000000 0.874884 1.000000 1661328.167523
0.078400 0.000000 0.000000 0.000000 0.874884 1.000000 1663447.208553
0.078500 0.000000 0.000000 0.000000 0.874884 1.000000 1665566.249583
0.078600 0.000000 0.000000 0.000000 0.874884 1.000000 1667685.290613
0.078700 0.000000 0.000000 0.000000 0.874884 1.000000 1669804.331643
0.078800 0.000000 0.000000 0.000000 0.874884 1.000000 1671923.372673
0.078900 0.000000 0.000000 0.000000 0.874884 1.000000 1674042.413703
0.079000 0.000000 0.000000 0.000000 0.874884 1.000000 1676161.454733
0.079100 0.000000 0.000000 0.000000 0.874884 1.000000 1678280.495763
0.079200 0.000000 0.000000 0.000000 0.874884 1.000000 1680399.536794
0.079300 0.000000 0.000000 0.000000 0.874884 1.000000 1682518.577824
0.079400 0.000000 0.000000 0.000000 0.874884 1.000000 1684637.618854
0.079500 0.000000 0.000000 0.000000 0.874884 1.000000 1686756.659884
0.079600 0.000000 0.000000 0.000000 0.874884 1.000000 1688875.700914
0.079700 0.000000 0.000000 0.000000 0.874884 1.000000 1690994.741944
0.079800 0.000000 0.000000 0.000000 0.874884 1.000000 1693113.782974
0.079900 0.000000 0.000000 0.000000 0.874884 1.000000 1695232.824004
0.080000 0.000000 0.000000 0.000000 0.874884 1.000000 1697351.865034
0.080100 0.000000 0.000000 0.000000 0.874884 1.000000 1699470.906064
0.080200 0.000000 0.000000 0.000000 0.874884 1.000000 1701589.947094
0.080300 0.000000 0.000000 0.000000 0.874884 1.000000 1703708.988124
0.080400 0.000000 0.000000 0.000000 0.874884 1.000000 1705828.029154
0.080500 0.000000 0.000000 0.000000 0.874884 1.000000 1707947.070184
0.080600 0.000000 0.000000 0.000000 0.874884 1.000000 1710066.111214
0.080700 0.000000 0.000000 0.000000 0.874884 1.000000 1712185.152244
0.080800 0.000000 0.000000 0.000000 0.874884 1.000000 1714304.193274
0.080900 0.000000 0.000000 0.000000 0.874884 1.000000 1716423.234304
0.081000 0.000000 0.000000 0.000000 0.874884 1.000000 1718542.275334
0.081100 0.000000 0.000000 0.000000 0.874884 1.000000 1720661.316364
0.081200 0.000000 0.000000 0.000000 0.874884 1.000000 1722780.357394
0.081300 0.000000 0.000000 0.000000 0.874884 1.000000 1724899.398424
0.081400 0.000000 0.000000 0.000000 0.874884 1.000000 1727018.439454
0.081500 0.000000 0.000000 0.000000 0.874884 1.000000 1729137.480484
0.081600 0.000000 0.000000 0.000000 0.874884 1.000000 1731256.521514
0.081700 0.000000 0.000000 0.000000 0.874884 1.000000 1733375.562544
0.081800 0.000000 0.000000 0.000000 0.874884 1.000000 1735494.603574
0.081900 0.000000 0.000000 0.000000 0.874884 1.000000 1737613.644604
0.082000 0.000000 0.000000 0.000000 0.874884 1.000000 1739732.685634
0.082100 0.000000 0.000000 0.000000 0.874884 1.000000 1741851.726664
0.082200 0.000000 0.000000 0.000000 0.874884 1.000000 1743970.767694
0.082300 0.000000 0.000000 0.000000 0.874884 1.000000 1746089.808724
0.082400 0.000000 0.000000 0.000000 0.874884 1.000000 1748208.849754
0.082500 0.000000 0.000000 0.000000 0.874884 1.000000 1750327.890784
0.082600 0.000000 0.000000 0.000000 0.874884 1.000000 1752446.931814
0.082700 0.000000 0.000000 0.000000 0.874884 1.000000 1754565.972844
0.082800 0.000000 0.000000 0.000000 0.874884 1.000000 1756685.013874
0.082900 0.000000 0.000000 0.000000 0.874884 1.000000 1758804.054904
0.083000 0.000000 0.000000 0.000000 0.874884 1.000000 1760923.095934
0.083100 0.000000 0.000000 0.000000 0.874884 1.000000 1763042.136964
0.083200 0.000000 0.000000 0.000000 0.874884 1.000000 1765161.177994
0.083300 0.000000 0.000000 0.000000 0.874884 1.000000 1767280.219024
0.083400 0.000000 0.000000 0.000000 0.874884 1.000000 1769399.260054
0.083500 0.000000 0.000000 0.000000 0.874884 1.000000 1771518.301084
0.083600 0.000000 0.000000 0.000000 0.874884 1.000000 1773637.342114
0.083700 0.000000 0.000000 0.000000 0.874884 1.000000 1775756.383144
0.083800 0.000000 0.000000 0.000000 0.874884 1.000000 1777875.424174
0.083900 0.000000 0.000000 0.000000 0.874884 1.000000 1779994.465204
0.084000 0.000000 0.000000 0.000000 0.874884 1.000000 1782113.506234
0.084100 0.000000 0.000000 0.000000 0.874884 1.000000 1784232.547264
0.084200 0.000000 0.000000 0.000000 0.874884 1.000000 1786351.588294
0.084300 0.000000 0.000000 0.000000 0.874884 1.000000 1788470.629324
0.084400 0.000000 0.000000 0.000000 0.874884 1.000000 1790589.670354
0.084500 0.000000 0.000000 0.000000 0.874884 1.000000 1792708.711384
0.084600 0.000000 0.000000 0.000000 0.874884 1.000000 1794827.752414
0.084700 0.000000 0.000000 0.000000 0.874884 1.000000 1796946.793444
0.084800 0.000000 0.000000 0.000000 0.874884 1.000000 1799065.834474
0.084900 0.000000 0.000000 0.000000 0.874884 1.000000 1801184.875504
0.085000 0.000000 0.000000 0.000000 0.874884 1.000000 1803303.916534
0.085100 0.000000 0.000000 0.000000 0.874884 1.000000 1805422.957564
0.085200 0.000000 0.000000 0.000000 0.874884 1.000000 1807541.998594
0.085300 0.000000 0.000000 0.000000 0.874884 1.000000 1809661.039624
0.085400 0.000000 0.000000 0.000000 0.874884 1.000000 1811780.080654
0.085500 0.000000 0.000000 0.000000 0.874884 1.000000 1813899.121684
0.085600 0.000000 0.000000 0.000000 0.874884 1.000000 1816018.162714
0.085700 0.000000 0.000000 0.000000 0.874884 1.000000 1818137.203744
0.085800 0.000000 0.000000 0.000000 0.874884 1.000000 1820256.244774
0.085900 0.000000 0.000000 0.000000 0.874884 1.000000 1822375.285804
0.086000 0.000000 0.000000 0.000000 0.874884 1.000000 1824494.326834
0.086100 0.000000 0.000000 0.000000 0.874884 1.000000 1826613.367864
0.086200 0.000000 0.000000 0.000000 0.874884 1.000000 1828732.408894
0.086300 0.000000 0.000000 0.000000 0.874884 1.000000 1830851.449924
0.086400 0.000000 0.000000 0.000000 0.874884 1.000000 1832970.490954
0.086500 0.000000 0.000000 0.000000 0.874884 1.000000 1835089.531984
0.086600 0.000000 0.000000 0.000000 0.874884 1.000000 1837208.573014
0.086700 0.000000 0.000000 0.000000 0.874884 1.000000 1839327.614044
0.086800 0.000000 0.000000 0.000000 0.874884 1.000000 1841446.655074
0.086900 0.000000 0.000000 0.000000 0.874884 1.000000 1843565.696105
0.087000 0.000000 0.000000 0.000000 0.874884 1.000000 1845684.737135
0.087100 0.000000 0.000000 0.000000 0.874884 1.000000 1847803.778165
0.087200 0.000000 0.000000 0.000000 0.874884 1.000000 1849922.819195
0.087300 0.000000 0.000000 0.000000 0.874884 1.000000 1852041.860225
0.087400 0.000000 0.000000 0.000000 0.874884 1.000000 1854160.901255
0.087500 0.000000 0.000000 0.000000 0.874884 1.000000 1856279.942285
0.087600 0.000000 0.000000 0.000000 0.874884 1.000000 1858398.983315
0.087700 0.000000 0.000000 0.000000 0.874884 1.000000 1860518.024345
0.087800 0.000000 0.000000 0.000000 0.874884 1.000000 1862637.065375
0.087900 0.000000 0.000000 0.000000 0.874884 1.000000 1864756.106405
0.088000 0.000000 0.000000 0.000000 0.874884 1.000000 1866875.147435
0.088100 0.000000 0.000000 0.000000 0.874884 1.000000 1868994.188465
0.088200 0.000000 0.000000 0.000000 0.874884 1.000000 1871113.229495
0.088300 0.000000 0.000000 0.000000 0.874884 1.000000 1873232.270525
0.088400 0.000000 0.000000 0.000000 0.874884 1.000000 1875351.311555
0.088500 0.000000 0.000000 0.000000 0.874884 1.000000 1877470.352585
0.088600 0.000000 0.000000 0.000000 0.874884 1.000000 1879589.393615
0.088700 0.000000 0.000000 0.000000 0.874884 1.000000 1881708.434645
0.088800 0.000000 0.000000 0.000000 0.874884 1.000000 1883827.475675
0.088900 0.000000 0.000000 0.000000 0.874884 1.000000 1885946.516705
0.089000 0.000000 0.000000 0.000000 0.874884 1.000000 1888065.557735
0.089100 0.000000 0.000000 0.000000 0.874884 1.000000 1890184.598765
0.089200 0.000000 0.000000 0.000000 0.874884 1.000000 1892303.639795
0.089300 0.000000 0.000000 0.000000 0.874884 1.000000 1894422.680825
0.089400 0.000000 0.000000 0.000000 0.874884 1.000000 1896541.721855
0.089500 0.000000 0.000000 0.000000 0.874884 1.000000 1898660.762885
0.089600 0.000000 0.000000 0.000000 0.874884 1.000000 1900779.803915
0.089700 0.000000 0.000000 0.000000 0.874884 1.000000 1902898.844945
0.089800 0.000000 0.000000 0.000000 0.874884 1.000000 1905017.885975
0.089900 0.000000 0.000000 0.000000 0.874884 1.000000 1907136.927005
0.090000 0.000000 0.000000 0.000000 0.874884 1.000000 1909255.968035
0.090100 0.000000 0.000000 0.000000 0.874884 1.000000 1911375.009065
0.090200 0.000000 0.000000 0.000000 0.874884 1.000000 1913494.050095
0.090300 0.000000 0.000000 0.000000 0.874884 1.000000 1915613.091125
0.090400 0.000000 0.000000 0.000000 0.874884 1.000000 1917732.132155
0.090500 0.000000 0.000000 0.000000 0.874884 1.000000 1919851.173185
0.090600 0.000000 0.000000 0.000000 0.874884 1.000000 1921970.214215
0.090700 0.000000 0.000000 0.000000 0.874884 1.000000 1924089.255245
0.090800 0.000000 0.000000 0.000000 0.874884 1.000000 1926208.296275
0.090900 0.000000 0.000000 0.000000 0.874884 1.000000 1928327.337305
0.091000 0.000000 0.000000 0.000000 0.874884 1.000000 1930446.378335
0.091100 0.000000 0.000000 0.000000 0.874884 1.000000 1932565.419365
0.091200 0.000000 0.000000 0.000000 0.874884 1.000000 1934684.460395
0.091300 0.000000 0.000000 0.000000 0.874884 1.000000 1936803.501425
0.091400 0.000000 0.000000 0.000000 0.874884 1.000000 1938922.542455
0.091500 0.000000 0.000000 0.000000 0.874884 1.000000 1941041.583485
0.091600 0.000000 0.000000 0.000000 0.874884 1.000000 1943160.624515
0.091700 0.000000 0.000000 0.000000 0.874884 1.000000 1945279.665545
0.091800 0.000000 0.000000 0.000000 0.874884 1.000000 1947398.706575
0.091900 0.000000 0.000000 0.000000 0.874884 1.000000 1949517.747605
0.092000 0.000000 0.000000 0.000000 0.874884 1.000000 1951636.788635
0.092100 0.000000 0.000000 0.000000 0.874884 1.000000 1953755.829665
0.092200 0.000000 0.000000 0.000000 0.874884 1.000000 1955874.870695
0.092300 0.000000 0.000000 0.000000 0.874884 1.000000 1957993.911725
0.092400 0.000000 0.000000 0.000000 0.874884 1.000000 1960112.952755
0.092500 0.000000 0.000000 0.000000 0.874884 1.000000 1962231.993785
0.092600 0.000000 0.000000 0.000000 0.874884 1.000000 1964351.034815
0.092700 0.000000 0.000000 0.000000 0.874884 1.000000 1966470.075845
0.092800 0.000000 0.000000 0.000000 0.874884 1.000000 1968589.116875
0.092900 0.000000 0.000000 0.000000 0.874884 1.000000 1970708.157905
0.093000 0.000000 0.000000 0.000000 0.874884 1.000000 1972827.198935
0.093100 0.000000 0.000000 0.000000 0.874884 1.000000 1974946.239965
0.093200 0.000000 0.000000 0.000000 0.874884 1.000000 1977065.280995
0.093300 0.000000 0.000000 0.000000 0.874884 1.000000 1979184.322025
0.093400 0.000000 0.000000 0.000000 0.874884 1.000000 1981303.363055
0.093500 0.000000 0.000000 0.000000 0.874884 1.000000 1983422.404085
0.093600 0.000000 0.000000 0.000000 0.874884 1.000000 1985541.445115
0.093700 0.000000 0.000000 0.000000 0.874884 1.000000 1987660.486145
0.093800 0.000000 0.000000 0.000000 0.874884 1.000000 1989779.527175
0.093900 0.000000 0.000000 0.000000 0.874884 1.000000 1991898.568205
0.094000 0.000000 0.000000 0.000000 0.874884 1.000000 1994017.609235
0.094100 0.000000 0.000000 0.000000 0.874884 1.000000 1996136.650265
0.094200 0.000000 0.000000 0.000000 0.874884 1.000000 1998255.691295
0.094300 0.000000 0.000000 0.000000 0.874884 1.000000 2000374.732325
0.094400 0.000000 0.000000 0.000000 0.874884 1.000000 2002493.773355
0.094500 0.000000 0.000000 0.000000 0.874884 1.000000 2004612.814385
0.094600 0.000000 0.000000 0.000000 0.874884 1.000000 2006731.855416
0.094700 0.000000 0.000000 0.000000 0.874884 1.000000 2008850.896446
0.094800 0.000000 0.000000 0.000000 0.874884 1.000000 2010969.937476
0.094900 0.000000 0.000000 0.000000 0.874884 1.000000 2013088.978506
0.095000 0.000000 0.000000 0.000000 0.874884 1.000000 2015208.019536
0.095100 0.000000 0.000000 0.000000 0.874884 1.000000 2017327.060566
0.095200 0.000000 0.000000 0.000000 0.874884 1.000000 2019446.101596
0.095300 0.000000 0.000000 0.000000 0.874884 1.000000 2021565.142626
0.095400 0.000000 0.000000 0.000000 0.874884 1.000000 2023684.183656
0.095500 0.000000 0.000000 0.000000 0.874884 1.000000 2025803.224686
0.095600 0.000000 0.000000 0.000000 0.874884 1.000000 2027922.265716
0.095700 0.000000 0.000000 0.000000 0.874884 1.000000 2030041.306746
0.095800 0.000000 0.000000 0.000000 0.874884 1.000000 2032160.347776
0.095900 0.000000 0.000000 0.000000 0.874884 1.000000 2034279.388806
0.096000 0.000000 0.000000 0.000000 0.874884 1.000000 2036398.429836
0.096100 0.000000 0.000000 0.000000 0.874884 1.000000 2038517.470866
0.096200 0.000000 0.000000 0.000000 0.874884 1.000000 2040636.511896
0.096300 0.000000 0.000000 0.000000 0.874884 1.000000 2042755.552926
0.096400 0.000000 0.000000 0.000000 0.874884 1.000000 2044874.593956
0.096500 0.000000 0.000000 0.000000 0.874884 1.000000 2046993.634986
0.096600 0.000000 0.000000 0.000000 0.874884 1.000000 2049112.676016
0.096700 0.000000 0.000000 0.000000 0.874884 1.000000 2051231.717046
0.096800 0.000000 0.000000 0.000000 0.874884 1.000000 2053350.758076
0.096900 0.000000 0.000000 0.000000 0.874884 1.000000 2055469.799106
0.097000 0.000000 0.000000 0.000000 0.874884 1.000000 2057588.840136
0.097100 0.000000 0.000000 0.000000 0.874884 1.000000 2059707.881166
0.097200 0.000000 0.000000 0.000000 0.874884 1.000000 2061826.922196
0.097300 0.000000 0.000000 0.000000 0.874884 1.000000 2063945.963226
0.097400 0.000000 0.000000 0.000000 0.874884 1.000000 2066065.004256
0.097500 0.000000 0.000000 0.000000 0.874884 1.000000 2068184.045286
0.097600 0.000000 0.000000 0.000000 0.874884 1.000000 2070303.086316
0.097700 0.000000 0.000000 0.000000 0.874884 1.000000 2072422.127346
0.097800 0.000000 0.000000 0.000000 0.874884 1.000000 2074541.168376
0.097900 0.000000 0.000000 0.000000 0.874884 1.000000 2076660.209406
0.098000 0.000000 0.000000 0.000000 0.874884 1.000000 2078779.250436
0.098100 0.000000 0.000000 0.000000 0.874884 1.000000 2080898.291466
0.098200 0.000000 0.000000 0.000000 0.874884 1.000000 2083017.332496
0.098300 0.000000 0.000000 0.000000 0.874884 1.000000 2085136.373526
0.098400 0.000000 0.000000 0.000000 0.874884 1.000000 2087255.414556
0.098500 0.000000 0.000000 0.000000 0.874884 1.000000 2089374.455586
0.098600 0.000000 0.000000 0.000000 0.874884 1.000000 2091493.496616
0.098700 0.000000 0.000000 0.000000 0.874884 1.000000 2093612.537646
0.098800 0.000000 0.000000 0.000000 0.874884 1.000000 2095731.578676
0.098900 0.000000 0.000000 0.000000 0.874884 1.000000 2097850.619706
0.099000 0.000000 0.000000 0.000000 0.874884 1.000000 2099969.660736
0.099100 0.000000 0.000000 0.000000 0.874884 1.000000 2102088.701766
0.099200 0.000000 0.000000 0.000000 0.874884 1.000000 2104207.742796
0.099300 0.000000 0.000000 0.000000 0.874884 1.000000 2106326.783826
0.099400 0.000000 0.000000 0.000000 0.874884 1.000000 2108445.824856
0.099500 0.000000 0.000000 0.000000 0.874884 1.000000 2110564.865886
0.099600 0.000000 0.000000 0.000000 0.874884 1.000000 2112683.906916
0.099700 0.000000 0.000000 0.000000 0.874884 1.000000 2114802.947946
0.099800 0.000000 0.000000 0.000000 0.874884 1.000000 2116921.988976
0.099900 0.000000 0.000000 0.000000 0.874884 1.000000 2119041.030006
auc = 0.966567best accuracy = 0.941027, best th = 0.008500, error = 3.916897