10 88 6
0 0 -1 139 2 35 -1 -1 -1 -1 -1 32 -129 
1 1 -1 116 0 23 -1 -1 -1 -1 -1 32 -251 
2 1 -1 135 2 30 -1 -1 -1 -1 -1 32 -35 
3 2 -1 182 0 21 -1 -1 -1 -1 -1 32 -241 
4 2 -1 213 2 28 -1 -1 -1 -1 -1 32 -149 
5 2 -1 323 2 32 -1 -1 -1 -1 -1 32 -75 
6 2 87 0 0 0 0 0 0 0 0 0 0 
7 3 0 0 0 0 0 0 0 0 0 0 0 
8 3 1 0 0 0 0 0 0 0 0 0 0 
9 3 -1 356 0 57 -1 -1 -1 -1 -1 32 2 
10 3 -1 294 2 74 -1 -1 -1 -1 -1 32 -74 
11 3 -1 336 1 43 -1 -1 -1 -1 -1 32 -78 
12 3 -1 124 0 29 -1 -1 -1 -1 -1 32 -108 
13 3 0 0 0 0 0 0 0 0 0 0 0 
14 3 0 0 0 0 0 0 0 0 0 0 0 
15 4 0 0 0 0 0 0 0 0 0 0 0 
16 4 0 0 0 0 0 0 0 0 0 0 0 
17 4 0 0 0 0 0 0 0 0 0 0 0 
18 4 0 0 0 0 0 0 0 0 0 0 0 
19 4 -1 9 12 0 0 0 2 0 0 16 -16 
20 4 -1 300 0 36 -1 -1 -1 -1 -1 32 11 
21 4 -1 184 2 79 -1 -1 -1 -1 -1 32 -122 
22 4 -1 13 10 0 0 17 18 0 0 12 -8 
23 4 -1 9 0 0 0 3 17 0 0 10 -13 
24 4 -1 9 14 0 0 9 0 0 0 0 -99 
25 4 -1 236 2 29 -1 -1 -1 -1 -1 32 -94 
26 4 -1 19 10 0 0 4 8 0 0 16 -9 
27 4 0 0 0 0 0 0 0 0 0 0 0 
28 4 0 0 0 0 0 0 0 0 0 0 0 
29 4 0 0 0 0 0 0 0 0 0 0 0 
30 4 0 0 0 0 0 0 0 0 0 0 0 
31 5 0 0 0 0 0 0 0 0 0 0 0 
32 5 0 0 0 0 0 0 0 0 0 0 0 
33 5 0 0 0 0 0 0 0 0 0 0 0 
34 5 0 0 0 0 0 0 0 0 0 0 0 
35 5 0 0 0 0 0 0 0 0 0 0 0 
36 5 0 0 0 0 0 0 0 0 0 0 0 
37 5 0 0 0 0 0 0 0 0 0 0 0 
38 5 0 0 0 0 0 0 0 0 0 0 0 
39 5 -1 330 1 68 -1 -1 -1 -1 -1 32 -79 
40 5 -1 9 18 0 0 18 1 0 0 16 0 
41 5 -1 158 2 74 -1 -1 -1 -1 -1 32 -106 
42 5 -1 0 19 0 0 4 5 0 0 16 -1 
43 5 -1 13 17 0 0 2 0 0 0 6 -9 
44 5 25 0 0 0 0 0 0 0 0 0 0 
45 5 26 0 0 0 0 0 0 0 0 0 0 
46 5 27 0 0 0 0 0 0 0 0 0 0 
47 5 -1 166 0 47 -1 -1 -1 -1 -1 32 -110 
48 5 -1 9 18 0 0 18 17 0 0 16 -7 
49 5 41 0 0 0 0 0 0 0 0 0 0 
50 5 -1 129 0 21 -1 -1 -1 -1 -1 32 -152 
51 5 62 0 0 0 0 0 0 0 0 0 0 
52 5 -1 10 6 0 0 12 1 0 0 14 180 
53 5 -1 84 0 51 -1 -1 -1 -1 -1 32 170 
54 5 -1 19 14 0 0 5 9 0 0 1 -19 
55 5 0 0 0 0 0 0 0 0 0 0 0 
56 5 0 0 0 0 0 0 0 0 0 0 0 
57 5 0 0 0 0 0 0 0 0 0 0 0 
58 5 0 0 0 0 0 0 0 0 0 0 0 
59 5 0 0 0 0 0 0 0 0 0 0 0 
60 5 0 0 0 0 0 0 0 0 0 0 0 
61 5 0 0 0 0 0 0 0 0 0 0 0 
62 5 0 0 0 0 0 0 0 0 0 0 0 
63 6 0 0 0 0 0 0 0 0 0 0 0 
64 6 0 0 0 0 0 0 0 0 0 0 0 
65 6 0 0 0 0 0 0 0 0 0 0 0 
66 6 0 0 0 0 0 0 0 0 0 0 0 
67 6 0 0 0 0 0 0 0 0 0 0 0 
68 6 0 0 0 0 0 0 0 0 0 0 0 
69 6 0 0 0 0 0 0 0 0 0 0 0 
70 6 0 0 0 0 0 0 0 0 0 0 0 
71 6 0 0 0 0 0 0 0 0 0 0 0 
72 6 0 0 0 0 0 0 0 0 0 0 0 
73 6 0 0 0 0 0 0 0 0 0 0 0 
74 6 0 0 0 0 0 0 0 0 0 0 0 
75 6 0 0 0 0 0 0 0 0 0 0 0 
76 6 0 0 0 0 0 0 0 0 0 0 0 
77 6 0 0 0 0 0 0 0 0 0 0 0 
78 6 0 0 0 0 0 0 0 0 0 0 0 
79 6 -1 2 7 0 0 1 7 0 0 17 0 
80 6 4 0 0 0 0 0 0 0 0 0 0 
81 6 -1 19 12 0 0 3 7 0 0 11 -51 
82 6 8 0 0 0 0 0 0 0 0 0 0 
83 6 -1 1 18 0 0 18 5 0 0 12 48 
84 6 -1 249 0 79 -1 -1 -1 -1 -1 32 -5 
85 6 -1 15 0 0 0 19 3 0 0 5 3 
86 6 -1 7 1 0 0 12 15 0 0 9 9 
87 6 21 0 0 0 0 0 0 0 0 0 0 
88 6 -1 12 5 0 0 2 3 0 0 15 8 
89 6 0 0 0 0 0 0 0 0 0 0 0 
90 6 0 0 0 0 0 0 0 0 0 0 0 
91 6 0 0 0 0 0 0 0 0 0 0 0 
92 6 0 0 0 0 0 0 0 0 0 0 0 
93 6 0 0 0 0 0 0 0 0 0 0 0 
94 6 0 0 0 0 0 0 0 0 0 0 0 
95 6 28 0 0 0 0 0 0 0 0 0 0 
96 6 -1 19 6 0 0 7 13 0 0 6 -60 
97 6 -1 197 2 76 -1 -1 -1 -1 -1 32 -133 
98 6 -1 3 16 0 0 16 16 0 0 16 11 
99 6 0 0 0 0 0 0 0 0 0 0 0 
100 6 0 0 0 0 0 0 0 0 0 0 0 
101 6 -1 182 1 25 -1 -1 -1 -1 -1 32 -130 
102 6 -1 137 2 51 -1 -1 -1 -1 -1 32 -77 
103 6 0 0 0 0 0 0 0 0 0 0 0 
104 6 0 0 0 0 0 0 0 0 0 0 0 
105 6 -1 16 14 0 0 5 2 0 0 9 -67 
106 6 73 0 0 0 0 0 0 0 0 0 0 
107 6 -1 10 7 0 0 5 13 0 0 6 -58 
108 6 -1 18 0 0 0 3 4 0 0 11 49 
109 6 81 0 0 0 0 0 0 0 0 0 0 
110 6 -1 18 0 0 0 2 15 0 0 16 10 
111 6 0 0 0 0 0 0 0 0 0 0 0 
112 6 0 0 0 0 0 0 0 0 0 0 0 
113 6 0 0 0 0 0 0 0 0 0 0 0 
114 6 0 0 0 0 0 0 0 0 0 0 0 
115 6 0 0 0 0 0 0 0 0 0 0 0 
116 6 0 0 0 0 0 0 0 0 0 0 0 
117 6 0 0 0 0 0 0 0 0 0 0 0 
118 6 0 0 0 0 0 0 0 0 0 0 0 
119 6 0 0 0 0 0 0 0 0 0 0 0 
120 6 0 0 0 0 0 0 0 0 0 0 0 
121 6 0 0 0 0 0 0 0 0 0 0 0 
122 6 0 0 0 0 0 0 0 0 0 0 0 
123 6 0 0 0 0 0 0 0 0 0 0 0 
124 6 0 0 0 0 0 0 0 0 0 0 0 
125 6 0 0 0 0 0 0 0 0 0 0 0 
126 6 0 0 0 0 0 0 0 0 0 0 0 
127 7 0 0 0 0 0 0 0 0 0 0 0 
128 7 0 0 0 0 0 0 0 0 0 0 0 
129 7 0 0 0 0 0 0 0 0 0 0 0 
130 7 0 0 0 0 0 0 0 0 0 0 0 
131 7 0 0 0 0 0 0 0 0 0 0 0 
132 7 0 0 0 0 0 0 0 0 0 0 0 
133 7 0 0 0 0 0 0 0 0 0 0 0 
134 7 0 0 0 0 0 0 0 0 0 0 0 
135 7 0 0 0 0 0 0 0 0 0 0 0 
136 7 0 0 0 0 0 0 0 0 0 0 0 
137 7 0 0 0 0 0 0 0 0 0 0 0 
138 7 0 0 0 0 0 0 0 0 0 0 0 
139 7 0 0 0 0 0 0 0 0 0 0 0 
140 7 0 0 0 0 0 0 0 0 0 0 0 
141 7 0 0 0 0 0 0 0 0 0 0 0 
142 7 0 0 0 0 0 0 0 0 0 0 0 
143 7 0 0 0 0 0 0 0 0 0 0 0 
144 7 0 0 0 0 0 0 0 0 0 0 0 
145 7 0 0 0 0 0 0 0 0 0 0 0 
146 7 0 0 0 0 0 0 0 0 0 0 0 
147 7 0 0 0 0 0 0 0 0 0 0 0 
148 7 0 0 0 0 0 0 0 0 0 0 0 
149 7 0 0 0 0 0 0 0 0 0 0 0 
150 7 0 0 0 0 0 0 0 0 0 0 0 
151 7 0 0 0 0 0 0 0 0 0 0 0 
152 7 0 0 0 0 0 0 0 0 0 0 0 
153 7 0 0 0 0 0 0 0 0 0 0 0 
154 7 0 0 0 0 0 0 0 0 0 0 0 
155 7 0 0 0 0 0 0 0 0 0 0 0 
156 7 0 0 0 0 0 0 0 0 0 0 0 
157 7 0 0 0 0 0 0 0 0 0 0 0 
158 7 0 0 0 0 0 0 0 0 0 0 0 
159 7 2 0 0 0 0 0 0 0 0 0 0 
160 7 3 0 0 0 0 0 0 0 0 0 0 
161 7 0 0 0 0 0 0 0 0 0 0 0 
162 7 0 0 0 0 0 0 0 0 0 0 0 
163 7 5 0 0 0 0 0 0 0 0 0 0 
164 7 -1 9 2 0 0 3 3 0 0 11 9 
165 7 0 0 0 0 0 0 0 0 0 0 0 
166 7 0 0 0 0 0 0 0 0 0 0 0 
167 7 -1 4 8 0 0 16 19 0 0 9 3 
168 7 11 0 0 0 0 0 0 0 0 0 0 
169 7 -1 72 0 69 -1 -1 -1 -1 -1 32 -63 
170 7 -1 2 1 0 0 11 6 0 0 7 1 
171 7 17 0 0 0 0 0 0 0 0 0 0 
172 7 18 0 0 0 0 0 0 0 0 0 0 
173 7 19 0 0 0 0 0 0 0 0 0 0 
174 7 20 0 0 0 0 0 0 0 0 0 0 
175 7 0 0 0 0 0 0 0 0 0 0 0 
176 7 0 0 0 0 0 0 0 0 0 0 0 
177 7 -1 5 5 0 0 10 14 0 0 12 -23 
178 7 24 0 0 0 0 0 0 0 0 0 0 
179 7 0 0 0 0 0 0 0 0 0 0 0 
180 7 0 0 0 0 0 0 0 0 0 0 0 
181 7 0 0 0 0 0 0 0 0 0 0 0 
182 7 0 0 0 0 0 0 0 0 0 0 0 
183 7 0 0 0 0 0 0 0 0 0 0 0 
184 7 0 0 0 0 0 0 0 0 0 0 0 
185 7 0 0 0 0 0 0 0 0 0 0 0 
186 7 0 0 0 0 0 0 0 0 0 0 0 
187 7 0 0 0 0 0 0 0 0 0 0 0 
188 7 0 0 0 0 0 0 0 0 0 0 0 
189 7 0 0 0 0 0 0 0 0 0 0 0 
190 7 0 0 0 0 0 0 0 0 0 0 0 
191 7 0 0 0 0 0 0 0 0 0 0 0 
192 7 0 0 0 0 0 0 0 0 0 0 0 
193 7 29 0 0 0 0 0 0 0 0 0 0 
194 7 -1 324 1 76 -1 -1 -1 -1 -1 32 -92 
195 7 33 0 0 0 0 0 0 0 0 0 0 
196 7 -1 9 5 0 0 19 0 0 0 9 0 
197 7 -1 14 1 0 0 11 8 0 0 17 8 
198 7 -1 217 1 24 -1 -1 -1 -1 -1 32 -100 
199 7 0 0 0 0 0 0 0 0 0 0 0 
200 7 0 0 0 0 0 0 0 0 0 0 0 
201 7 0 0 0 0 0 0 0 0 0 0 0 
202 7 0 0 0 0 0 0 0 0 0 0 0 
203 7 -1 4 7 0 0 9 0 0 0 9 -9 
204 7 -1 19 0 0 0 3 10 0 0 0 -77 
205 7 -1 5 15 0 0 2 5 0 0 6 82 
206 7 -1 99 0 71 -1 -1 -1 -1 -1 32 -61 
207 7 0 0 0 0 0 0 0 0 0 0 0 
208 7 0 0 0 0 0 0 0 0 0 0 0 
209 7 0 0 0 0 0 0 0 0 0 0 0 
210 7 0 0 0 0 0 0 0 0 0 0 0 
211 7 -1 156 0 77 -1 -1 -1 -1 -1 32 -82 
212 7 -1 9 4 0 0 15 10 0 0 8 23 
213 7 0 0 0 0 0 0 0 0 0 0 0 
214 7 0 0 0 0 0 0 0 0 0 0 0 
215 7 74 0 0 0 0 0 0 0 0 0 0 
216 7 -1 121 1 50 -1 -1 -1 -1 -1 32 -53 
217 7 79 0 0 0 0 0 0 0 0 0 0 
218 7 80 0 0 0 0 0 0 0 0 0 0 
219 7 0 0 0 0 0 0 0 0 0 0 0 
220 7 0 0 0 0 0 0 0 0 0 0 0 
221 7 82 0 0 0 0 0 0 0 0 0 0 
222 7 -1 0 18 0 0 9 4 0 0 0 -122 
223 7 0 0 0 0 0 0 0 0 0 0 0 
224 7 0 0 0 0 0 0 0 0 0 0 0 
225 7 0 0 0 0 0 0 0 0 0 0 0 
226 7 0 0 0 0 0 0 0 0 0 0 0 
227 7 0 0 0 0 0 0 0 0 0 0 0 
228 7 0 0 0 0 0 0 0 0 0 0 0 
229 7 0 0 0 0 0 0 0 0 0 0 0 
230 7 0 0 0 0 0 0 0 0 0 0 0 
231 7 0 0 0 0 0 0 0 0 0 0 0 
232 7 0 0 0 0 0 0 0 0 0 0 0 
233 7 0 0 0 0 0 0 0 0 0 0 0 
234 7 0 0 0 0 0 0 0 0 0 0 0 
235 7 0 0 0 0 0 0 0 0 0 0 0 
236 7 0 0 0 0 0 0 0 0 0 0 0 
237 7 0 0 0 0 0 0 0 0 0 0 0 
238 7 0 0 0 0 0 0 0 0 0 0 0 
239 7 0 0 0 0 0 0 0 0 0 0 0 
240 7 0 0 0 0 0 0 0 0 0 0 0 
241 7 0 0 0 0 0 0 0 0 0 0 0 
242 7 0 0 0 0 0 0 0 0 0 0 0 
243 7 0 0 0 0 0 0 0 0 0 0 0 
244 7 0 0 0 0 0 0 0 0 0 0 0 
245 7 0 0 0 0 0 0 0 0 0 0 0 
246 7 0 0 0 0 0 0 0 0 0 0 0 
247 7 0 0 0 0 0 0 0 0 0 0 0 
248 7 0 0 0 0 0 0 0 0 0 0 0 
249 7 0 0 0 0 0 0 0 0 0 0 0 
250 7 0 0 0 0 0 0 0 0 0 0 0 
251 7 0 0 0 0 0 0 0 0 0 0 0 
252 7 0 0 0 0 0 0 0 0 0 0 0 
253 7 0 0 0 0 0 0 0 0 0 0 0 
254 7 0 0 0 0 0 0 0 0 0 0 0 
255 8 0 0 0 0 0 0 0 0 0 0 0 
256 8 0 0 0 0 0 0 0 0 0 0 0 
257 8 0 0 0 0 0 0 0 0 0 0 0 
258 8 0 0 0 0 0 0 0 0 0 0 0 
259 8 0 0 0 0 0 0 0 0 0 0 0 
260 8 0 0 0 0 0 0 0 0 0 0 0 
261 8 0 0 0 0 0 0 0 0 0 0 0 
262 8 0 0 0 0 0 0 0 0 0 0 0 
263 8 0 0 0 0 0 0 0 0 0 0 0 
264 8 0 0 0 0 0 0 0 0 0 0 0 
265 8 0 0 0 0 0 0 0 0 0 0 0 
266 8 0 0 0 0 0 0 0 0 0 0 0 
267 8 0 0 0 0 0 0 0 0 0 0 0 
268 8 0 0 0 0 0 0 0 0 0 0 0 
269 8 0 0 0 0 0 0 0 0 0 0 0 
270 8 0 0 0 0 0 0 0 0 0 0 0 
271 8 0 0 0 0 0 0 0 0 0 0 0 
272 8 0 0 0 0 0 0 0 0 0 0 0 
273 8 0 0 0 0 0 0 0 0 0 0 0 
274 8 0 0 0 0 0 0 0 0 0 0 0 
275 8 0 0 0 0 0 0 0 0 0 0 0 
276 8 0 0 0 0 0 0 0 0 0 0 0 
277 8 0 0 0 0 0 0 0 0 0 0 0 
278 8 0 0 0 0 0 0 0 0 0 0 0 
279 8 0 0 0 0 0 0 0 0 0 0 0 
280 8 0 0 0 0 0 0 0 0 0 0 0 
281 8 0 0 0 0 0 0 0 0 0 0 0 
282 8 0 0 0 0 0 0 0 0 0 0 0 
283 8 0 0 0 0 0 0 0 0 0 0 0 
284 8 0 0 0 0 0 0 0 0 0 0 0 
285 8 0 0 0 0 0 0 0 0 0 0 0 
286 8 0 0 0 0 0 0 0 0 0 0 0 
287 8 0 0 0 0 0 0 0 0 0 0 0 
288 8 0 0 0 0 0 0 0 0 0 0 0 
289 8 0 0 0 0 0 0 0 0 0 0 0 
290 8 0 0 0 0 0 0 0 0 0 0 0 
291 8 0 0 0 0 0 0 0 0 0 0 0 
292 8 0 0 0 0 0 0 0 0 0 0 0 
293 8 0 0 0 0 0 0 0 0 0 0 0 
294 8 0 0 0 0 0 0 0 0 0 0 0 
295 8 0 0 0 0 0 0 0 0 0 0 0 
296 8 0 0 0 0 0 0 0 0 0 0 0 
297 8 0 0 0 0 0 0 0 0 0 0 0 
298 8 0 0 0 0 0 0 0 0 0 0 0 
299 8 0 0 0 0 0 0 0 0 0 0 0 
300 8 0 0 0 0 0 0 0 0 0 0 0 
301 8 0 0 0 0 0 0 0 0 0 0 0 
302 8 0 0 0 0 0 0 0 0 0 0 0 
303 8 0 0 0 0 0 0 0 0 0 0 0 
304 8 0 0 0 0 0 0 0 0 0 0 0 
305 8 0 0 0 0 0 0 0 0 0 0 0 
306 8 0 0 0 0 0 0 0 0 0 0 0 
307 8 0 0 0 0 0 0 0 0 0 0 0 
308 8 0 0 0 0 0 0 0 0 0 0 0 
309 8 0 0 0 0 0 0 0 0 0 0 0 
310 8 0 0 0 0 0 0 0 0 0 0 0 
311 8 0 0 0 0 0 0 0 0 0 0 0 
312 8 0 0 0 0 0 0 0 0 0 0 0 
313 8 0 0 0 0 0 0 0 0 0 0 0 
314 8 0 0 0 0 0 0 0 0 0 0 0 
315 8 0 0 0 0 0 0 0 0 0 0 0 
316 8 0 0 0 0 0 0 0 0 0 0 0 
317 8 0 0 0 0 0 0 0 0 0 0 0 
318 8 0 0 0 0 0 0 0 0 0 0 0 
319 8 0 0 0 0 0 0 0 0 0 0 0 
320 8 0 0 0 0 0 0 0 0 0 0 0 
321 8 0 0 0 0 0 0 0 0 0 0 0 
322 8 0 0 0 0 0 0 0 0 0 0 0 
323 8 0 0 0 0 0 0 0 0 0 0 0 
324 8 0 0 0 0 0 0 0 0 0 0 0 
325 8 0 0 0 0 0 0 0 0 0 0 0 
326 8 0 0 0 0 0 0 0 0 0 0 0 
327 8 0 0 0 0 0 0 0 0 0 0 0 
328 8 0 0 0 0 0 0 0 0 0 0 0 
329 8 6 0 0 0 0 0 0 0 0 0 0 
330 8 7 0 0 0 0 0 0 0 0 0 0 
331 8 0 0 0 0 0 0 0 0 0 0 0 
332 8 0 0 0 0 0 0 0 0 0 0 0 
333 8 0 0 0 0 0 0 0 0 0 0 0 
334 8 0 0 0 0 0 0 0 0 0 0 0 
335 8 9 0 0 0 0 0 0 0 0 0 0 
336 8 10 0 0 0 0 0 0 0 0 0 0 
337 8 0 0 0 0 0 0 0 0 0 0 0 
338 8 0 0 0 0 0 0 0 0 0 0 0 
339 8 12 0 0 0 0 0 0 0 0 0 0 
340 8 13 0 0 0 0 0 0 0 0 0 0 
341 8 -1 10 12 0 0 2 17 0 0 8 -1 
342 8 16 0 0 0 0 0 0 0 0 0 0 
343 8 0 0 0 0 0 0 0 0 0 0 0 
344 8 0 0 0 0 0 0 0 0 0 0 0 
345 8 0 0 0 0 0 0 0 0 0 0 0 
346 8 0 0 0 0 0 0 0 0 0 0 0 
347 8 0 0 0 0 0 0 0 0 0 0 0 
348 8 0 0 0 0 0 0 0 0 0 0 0 
349 8 0 0 0 0 0 0 0 0 0 0 0 
350 8 0 0 0 0 0 0 0 0 0 0 0 
351 8 0 0 0 0 0 0 0 0 0 0 0 
352 8 0 0 0 0 0 0 0 0 0 0 0 
353 8 0 0 0 0 0 0 0 0 0 0 0 
354 8 0 0 0 0 0 0 0 0 0 0 0 
355 8 22 0 0 0 0 0 0 0 0 0 0 
356 8 23 0 0 0 0 0 0 0 0 0 0 
357 8 0 0 0 0 0 0 0 0 0 0 0 
358 8 0 0 0 0 0 0 0 0 0 0 0 
359 8 0 0 0 0 0 0 0 0 0 0 0 
360 8 0 0 0 0 0 0 0 0 0 0 0 
361 8 0 0 0 0 0 0 0 0 0 0 0 
362 8 0 0 0 0 0 0 0 0 0 0 0 
363 8 0 0 0 0 0 0 0 0 0 0 0 
364 8 0 0 0 0 0 0 0 0 0 0 0 
365 8 0 0 0 0 0 0 0 0 0 0 0 
366 8 0 0 0 0 0 0 0 0 0 0 0 
367 8 0 0 0 0 0 0 0 0 0 0 0 
368 8 0 0 0 0 0 0 0 0 0 0 0 
369 8 0 0 0 0 0 0 0 0 0 0 0 
370 8 0 0 0 0 0 0 0 0 0 0 0 
371 8 0 0 0 0 0 0 0 0 0 0 0 
372 8 0 0 0 0 0 0 0 0 0 0 0 
373 8 0 0 0 0 0 0 0 0 0 0 0 
374 8 0 0 0 0 0 0 0 0 0 0 0 
375 8 0 0 0 0 0 0 0 0 0 0 0 
376 8 0 0 0 0 0 0 0 0 0 0 0 
377 8 0 0 0 0 0 0 0 0 0 0 0 
378 8 0 0 0 0 0 0 0 0 0 0 0 
379 8 0 0 0 0 0 0 0 0 0 0 0 
380 8 0 0 0 0 0 0 0 0 0 0 0 
381 8 0 0 0 0 0 0 0 0 0 0 0 
382 8 0 0 0 0 0 0 0 0 0 0 0 
383 8 0 0 0 0 0 0 0 0 0 0 0 
384 8 0 0 0 0 0 0 0 0 0 0 0 
385 8 0 0 0 0 0 0 0 0 0 0 0 
386 8 0 0 0 0 0 0 0 0 0 0 0 
387 8 0 0 0 0 0 0 0 0 0 0 0 
388 8 0 0 0 0 0 0 0 0 0 0 0 
389 8 30 0 0 0 0 0 0 0 0 0 0 
390 8 -1 6 6 0 0 6 19 0 0 22 8 
391 8 0 0 0 0 0 0 0 0 0 0 0 
392 8 0 0 0 0 0 0 0 0 0 0 0 
393 8 34 0 0 0 0 0 0 0 0 0 0 
394 8 -1 5 0 21 -1 -1 -1 -1 -1 32 -10 
395 8 37 0 0 0 0 0 0 0 0 0 0 
396 8 38 0 0 0 0 0 0 0 0 0 0 
397 8 39 0 0 0 0 0 0 0 0 0 0 
398 8 40 0 0 0 0 0 0 0 0 0 0 
399 8 0 0 0 0 0 0 0 0 0 0 0 
400 8 0 0 0 0 0 0 0 0 0 0 0 
401 8 0 0 0 0 0 0 0 0 0 0 0 
402 8 0 0 0 0 0 0 0 0 0 0 0 
403 8 0 0 0 0 0 0 0 0 0 0 0 
404 8 0 0 0 0 0 0 0 0 0 0 0 
405 8 0 0 0 0 0 0 0 0 0 0 0 
406 8 0 0 0 0 0 0 0 0 0 0 0 
407 8 -1 11 14 0 0 11 4 0 0 4 -113 
408 8 -1 16 19 0 0 11 11 0 0 14 -12 
409 8 49 0 0 0 0 0 0 0 0 0 0 
410 8 -1 7 15 0 0 4 10 0 0 7 -18 
411 8 -1 19 3 0 0 9 14 0 0 12 -10 
412 8 57 0 0 0 0 0 0 0 0 0 0 
413 8 58 0 0 0 0 0 0 0 0 0 0 
414 8 -1 19 0 0 0 5 12 0 0 2 -11 
415 8 0 0 0 0 0 0 0 0 0 0 0 
416 8 0 0 0 0 0 0 0 0 0 0 0 
417 8 0 0 0 0 0 0 0 0 0 0 0 
418 8 0 0 0 0 0 0 0 0 0 0 0 
419 8 0 0 0 0 0 0 0 0 0 0 0 
420 8 0 0 0 0 0 0 0 0 0 0 0 
421 8 0 0 0 0 0 0 0 0 0 0 0 
422 8 0 0 0 0 0 0 0 0 0 0 0 
423 8 63 0 0 0 0 0 0 0 0 0 0 
424 8 -1 6 11 0 0 3 6 0 0 5 17 
425 8 -1 2 16 0 0 9 0 0 0 20 7 
426 8 -1 11 8 0 0 17 1 0 0 0 -57 
427 8 0 0 0 0 0 0 0 0 0 0 0 
428 8 0 0 0 0 0 0 0 0 0 0 0 
429 8 0 0 0 0 0 0 0 0 0 0 0 
430 8 0 0 0 0 0 0 0 0 0 0 0 
431 8 0 0 0 0 0 0 0 0 0 0 0 
432 8 0 0 0 0 0 0 0 0 0 0 0 
433 8 75 0 0 0 0 0 0 0 0 0 0 
434 8 -1 17 19 0 0 16 14 0 0 7 -27 
435 8 0 0 0 0 0 0 0 0 0 0 0 
436 8 0 0 0 0 0 0 0 0 0 0 0 
437 8 0 0 0 0 0 0 0 0 0 0 0 
438 8 0 0 0 0 0 0 0 0 0 0 0 
439 8 0 0 0 0 0 0 0 0 0 0 0 
440 8 0 0 0 0 0 0 0 0 0 0 0 
441 8 0 0 0 0 0 0 0 0 0 0 0 
442 8 0 0 0 0 0 0 0 0 0 0 0 
443 8 0 0 0 0 0 0 0 0 0 0 0 
444 8 0 0 0 0 0 0 0 0 0 0 0 
445 8 83 0 0 0 0 0 0 0 0 0 0 
446 8 -1 13 11 0 0 4 4 0 0 3 -11 
447 8 0 0 0 0 0 0 0 0 0 0 0 
448 8 0 0 0 0 0 0 0 0 0 0 0 
449 8 0 0 0 0 0 0 0 0 0 0 0 
450 8 0 0 0 0 0 0 0 0 0 0 0 
451 8 0 0 0 0 0 0 0 0 0 0 0 
452 8 0 0 0 0 0 0 0 0 0 0 0 
453 8 0 0 0 0 0 0 0 0 0 0 0 
454 8 0 0 0 0 0 0 0 0 0 0 0 
455 8 0 0 0 0 0 0 0 0 0 0 0 
456 8 0 0 0 0 0 0 0 0 0 0 0 
457 8 0 0 0 0 0 0 0 0 0 0 0 
458 8 0 0 0 0 0 0 0 0 0 0 0 
459 8 0 0 0 0 0 0 0 0 0 0 0 
460 8 0 0 0 0 0 0 0 0 0 0 0 
461 8 0 0 0 0 0 0 0 0 0 0 0 
462 8 0 0 0 0 0 0 0 0 0 0 0 
463 8 0 0 0 0 0 0 0 0 0 0 0 
464 8 0 0 0 0 0 0 0 0 0 0 0 
465 8 0 0 0 0 0 0 0 0 0 0 0 
466 8 0 0 0 0 0 0 0 0 0 0 0 
467 8 0 0 0 0 0 0 0 0 0 0 0 
468 8 0 0 0 0 0 0 0 0 0 0 0 
469 8 0 0 0 0 0 0 0 0 0 0 0 
470 8 0 0 0 0 0 0 0 0 0 0 0 
471 8 0 0 0 0 0 0 0 0 0 0 0 
472 8 0 0 0 0 0 0 0 0 0 0 0 
473 8 0 0 0 0 0 0 0 0 0 0 0 
474 8 0 0 0 0 0 0 0 0 0 0 0 
475 8 0 0 0 0 0 0 0 0 0 0 0 
476 8 0 0 0 0 0 0 0 0 0 0 0 
477 8 0 0 0 0 0 0 0 0 0 0 0 
478 8 0 0 0 0 0 0 0 0 0 0 0 
479 8 0 0 0 0 0 0 0 0 0 0 0 
480 8 0 0 0 0 0 0 0 0 0 0 0 
481 8 0 0 0 0 0 0 0 0 0 0 0 
482 8 0 0 0 0 0 0 0 0 0 0 0 
483 8 0 0 0 0 0 0 0 0 0 0 0 
484 8 0 0 0 0 0 0 0 0 0 0 0 
485 8 0 0 0 0 0 0 0 0 0 0 0 
486 8 0 0 0 0 0 0 0 0 0 0 0 
487 8 0 0 0 0 0 0 0 0 0 0 0 
488 8 0 0 0 0 0 0 0 0 0 0 0 
489 8 0 0 0 0 0 0 0 0 0 0 0 
490 8 0 0 0 0 0 0 0 0 0 0 0 
491 8 0 0 0 0 0 0 0 0 0 0 0 
492 8 0 0 0 0 0 0 0 0 0 0 0 
493 8 0 0 0 0 0 0 0 0 0 0 0 
494 8 0 0 0 0 0 0 0 0 0 0 0 
495 8 0 0 0 0 0 0 0 0 0 0 0 
496 8 0 0 0 0 0 0 0 0 0 0 0 
497 8 0 0 0 0 0 0 0 0 0 0 0 
498 8 0 0 0 0 0 0 0 0 0 0 0 
499 8 0 0 0 0 0 0 0 0 0 0 0 
500 8 0 0 0 0 0 0 0 0 0 0 0 
501 8 0 0 0 0 0 0 0 0 0 0 0 
502 8 0 0 0 0 0 0 0 0 0 0 0 
503 8 0 0 0 0 0 0 0 0 0 0 0 
504 8 0 0 0 0 0 0 0 0 0 0 0 
505 8 0 0 0 0 0 0 0 0 0 0 0 
506 8 0 0 0 0 0 0 0 0 0 0 0 
507 8 0 0 0 0 0 0 0 0 0 0 0 
508 8 0 0 0 0 0 0 0 0 0 0 0 
509 8 0 0 0 0 0 0 0 0 0 0 0 
510 8 0 0 0 0 0 0 0 0 0 0 0 
511 9 0 0 0 0 0 0 0 0 0 0 0 
512 9 0 0 0 0 0 0 0 0 0 0 0 
513 9 0 0 0 0 0 0 0 0 0 0 0 
514 9 0 0 0 0 0 0 0 0 0 0 0 
515 9 0 0 0 0 0 0 0 0 0 0 0 
516 9 0 0 0 0 0 0 0 0 0 0 0 
517 9 0 0 0 0 0 0 0 0 0 0 0 
518 9 0 0 0 0 0 0 0 0 0 0 0 
519 9 0 0 0 0 0 0 0 0 0 0 0 
520 9 0 0 0 0 0 0 0 0 0 0 0 
521 9 0 0 0 0 0 0 0 0 0 0 0 
522 9 0 0 0 0 0 0 0 0 0 0 0 
523 9 0 0 0 0 0 0 0 0 0 0 0 
524 9 0 0 0 0 0 0 0 0 0 0 0 
525 9 0 0 0 0 0 0 0 0 0 0 0 
526 9 0 0 0 0 0 0 0 0 0 0 0 
527 9 0 0 0 0 0 0 0 0 0 0 0 
528 9 0 0 0 0 0 0 0 0 0 0 0 
529 9 0 0 0 0 0 0 0 0 0 0 0 
530 9 0 0 0 0 0 0 0 0 0 0 0 
531 9 0 0 0 0 0 0 0 0 0 0 0 
532 9 0 0 0 0 0 0 0 0 0 0 0 
533 9 0 0 0 0 0 0 0 0 0 0 0 
534 9 0 0 0 0 0 0 0 0 0 0 0 
535 9 0 0 0 0 0 0 0 0 0 0 0 
536 9 0 0 0 0 0 0 0 0 0 0 0 
537 9 0 0 0 0 0 0 0 0 0 0 0 
538 9 0 0 0 0 0 0 0 0 0 0 0 
539 9 0 0 0 0 0 0 0 0 0 0 0 
540 9 0 0 0 0 0 0 0 0 0 0 0 
541 9 0 0 0 0 0 0 0 0 0 0 0 
542 9 0 0 0 0 0 0 0 0 0 0 0 
543 9 0 0 0 0 0 0 0 0 0 0 0 
544 9 0 0 0 0 0 0 0 0 0 0 0 
545 9 0 0 0 0 0 0 0 0 0 0 0 
546 9 0 0 0 0 0 0 0 0 0 0 0 
547 9 0 0 0 0 0 0 0 0 0 0 0 
548 9 0 0 0 0 0 0 0 0 0 0 0 
549 9 0 0 0 0 0 0 0 0 0 0 0 
550 9 0 0 0 0 0 0 0 0 0 0 0 
551 9 0 0 0 0 0 0 0 0 0 0 0 
552 9 0 0 0 0 0 0 0 0 0 0 0 
553 9 0 0 0 0 0 0 0 0 0 0 0 
554 9 0 0 0 0 0 0 0 0 0 0 0 
555 9 0 0 0 0 0 0 0 0 0 0 0 
556 9 0 0 0 0 0 0 0 0 0 0 0 
557 9 0 0 0 0 0 0 0 0 0 0 0 
558 9 0 0 0 0 0 0 0 0 0 0 0 
559 9 0 0 0 0 0 0 0 0 0 0 0 
560 9 0 0 0 0 0 0 0 0 0 0 0 
561 9 0 0 0 0 0 0 0 0 0 0 0 
562 9 0 0 0 0 0 0 0 0 0 0 0 
563 9 0 0 0 0 0 0 0 0 0 0 0 
564 9 0 0 0 0 0 0 0 0 0 0 0 
565 9 0 0 0 0 0 0 0 0 0 0 0 
566 9 0 0 0 0 0 0 0 0 0 0 0 
567 9 0 0 0 0 0 0 0 0 0 0 0 
568 9 0 0 0 0 0 0 0 0 0 0 0 
569 9 0 0 0 0 0 0 0 0 0 0 0 
570 9 0 0 0 0 0 0 0 0 0 0 0 
571 9 0 0 0 0 0 0 0 0 0 0 0 
572 9 0 0 0 0 0 0 0 0 0 0 0 
573 9 0 0 0 0 0 0 0 0 0 0 0 
574 9 0 0 0 0 0 0 0 0 0 0 0 
575 9 0 0 0 0 0 0 0 0 0 0 0 
576 9 0 0 0 0 0 0 0 0 0 0 0 
577 9 0 0 0 0 0 0 0 0 0 0 0 
578 9 0 0 0 0 0 0 0 0 0 0 0 
579 9 0 0 0 0 0 0 0 0 0 0 0 
580 9 0 0 0 0 0 0 0 0 0 0 0 
581 9 0 0 0 0 0 0 0 0 0 0 0 
582 9 0 0 0 0 0 0 0 0 0 0 0 
583 9 0 0 0 0 0 0 0 0 0 0 0 
584 9 0 0 0 0 0 0 0 0 0 0 0 
585 9 0 0 0 0 0 0 0 0 0 0 0 
586 9 0 0 0 0 0 0 0 0 0 0 0 
587 9 0 0 0 0 0 0 0 0 0 0 0 
588 9 0 0 0 0 0 0 0 0 0 0 0 
589 9 0 0 0 0 0 0 0 0 0 0 0 
590 9 0 0 0 0 0 0 0 0 0 0 0 
591 9 0 0 0 0 0 0 0 0 0 0 0 
592 9 0 0 0 0 0 0 0 0 0 0 0 
593 9 0 0 0 0 0 0 0 0 0 0 0 
594 9 0 0 0 0 0 0 0 0 0 0 0 
595 9 0 0 0 0 0 0 0 0 0 0 0 
596 9 0 0 0 0 0 0 0 0 0 0 0 
597 9 0 0 0 0 0 0 0 0 0 0 0 
598 9 0 0 0 0 0 0 0 0 0 0 0 
599 9 0 0 0 0 0 0 0 0 0 0 0 
600 9 0 0 0 0 0 0 0 0 0 0 0 
601 9 0 0 0 0 0 0 0 0 0 0 0 
602 9 0 0 0 0 0 0 0 0 0 0 0 
603 9 0 0 0 0 0 0 0 0 0 0 0 
604 9 0 0 0 0 0 0 0 0 0 0 0 
605 9 0 0 0 0 0 0 0 0 0 0 0 
606 9 0 0 0 0 0 0 0 0 0 0 0 
607 9 0 0 0 0 0 0 0 0 0 0 0 
608 9 0 0 0 0 0 0 0 0 0 0 0 
609 9 0 0 0 0 0 0 0 0 0 0 0 
610 9 0 0 0 0 0 0 0 0 0 0 0 
611 9 0 0 0 0 0 0 0 0 0 0 0 
612 9 0 0 0 0 0 0 0 0 0 0 0 
613 9 0 0 0 0 0 0 0 0 0 0 0 
614 9 0 0 0 0 0 0 0 0 0 0 0 
615 9 0 0 0 0 0 0 0 0 0 0 0 
616 9 0 0 0 0 0 0 0 0 0 0 0 
617 9 0 0 0 0 0 0 0 0 0 0 0 
618 9 0 0 0 0 0 0 0 0 0 0 0 
619 9 0 0 0 0 0 0 0 0 0 0 0 
620 9 0 0 0 0 0 0 0 0 0 0 0 
621 9 0 0 0 0 0 0 0 0 0 0 0 
622 9 0 0 0 0 0 0 0 0 0 0 0 
623 9 0 0 0 0 0 0 0 0 0 0 0 
624 9 0 0 0 0 0 0 0 0 0 0 0 
625 9 0 0 0 0 0 0 0 0 0 0 0 
626 9 0 0 0 0 0 0 0 0 0 0 0 
627 9 0 0 0 0 0 0 0 0 0 0 0 
628 9 0 0 0 0 0 0 0 0 0 0 0 
629 9 0 0 0 0 0 0 0 0 0 0 0 
630 9 0 0 0 0 0 0 0 0 0 0 0 
631 9 0 0 0 0 0 0 0 0 0 0 0 
632 9 0 0 0 0 0 0 0 0 0 0 0 
633 9 0 0 0 0 0 0 0 0 0 0 0 
634 9 0 0 0 0 0 0 0 0 0 0 0 
635 9 0 0 0 0 0 0 0 0 0 0 0 
636 9 0 0 0 0 0 0 0 0 0 0 0 
637 9 0 0 0 0 0 0 0 0 0 0 0 
638 9 0 0 0 0 0 0 0 0 0 0 0 
639 9 0 0 0 0 0 0 0 0 0 0 0 
640 9 0 0 0 0 0 0 0 0 0 0 0 
641 9 0 0 0 0 0 0 0 0 0 0 0 
642 9 0 0 0 0 0 0 0 0 0 0 0 
643 9 0 0 0 0 0 0 0 0 0 0 0 
644 9 0 0 0 0 0 0 0 0 0 0 0 
645 9 0 0 0 0 0 0 0 0 0 0 0 
646 9 0 0 0 0 0 0 0 0 0 0 0 
647 9 0 0 0 0 0 0 0 0 0 0 0 
648 9 0 0 0 0 0 0 0 0 0 0 0 
649 9 0 0 0 0 0 0 0 0 0 0 0 
650 9 0 0 0 0 0 0 0 0 0 0 0 
651 9 0 0 0 0 0 0 0 0 0 0 0 
652 9 0 0 0 0 0 0 0 0 0 0 0 
653 9 0 0 0 0 0 0 0 0 0 0 0 
654 9 0 0 0 0 0 0 0 0 0 0 0 
655 9 0 0 0 0 0 0 0 0 0 0 0 
656 9 0 0 0 0 0 0 0 0 0 0 0 
657 9 0 0 0 0 0 0 0 0 0 0 0 
658 9 0 0 0 0 0 0 0 0 0 0 0 
659 9 0 0 0 0 0 0 0 0 0 0 0 
660 9 0 0 0 0 0 0 0 0 0 0 0 
661 9 0 0 0 0 0 0 0 0 0 0 0 
662 9 0 0 0 0 0 0 0 0 0 0 0 
663 9 0 0 0 0 0 0 0 0 0 0 0 
664 9 0 0 0 0 0 0 0 0 0 0 0 
665 9 0 0 0 0 0 0 0 0 0 0 0 
666 9 0 0 0 0 0 0 0 0 0 0 0 
667 9 0 0 0 0 0 0 0 0 0 0 0 
668 9 0 0 0 0 0 0 0 0 0 0 0 
669 9 0 0 0 0 0 0 0 0 0 0 0 
670 9 0 0 0 0 0 0 0 0 0 0 0 
671 9 0 0 0 0 0 0 0 0 0 0 0 
672 9 0 0 0 0 0 0 0 0 0 0 0 
673 9 0 0 0 0 0 0 0 0 0 0 0 
674 9 0 0 0 0 0 0 0 0 0 0 0 
675 9 0 0 0 0 0 0 0 0 0 0 0 
676 9 0 0 0 0 0 0 0 0 0 0 0 
677 9 0 0 0 0 0 0 0 0 0 0 0 
678 9 0 0 0 0 0 0 0 0 0 0 0 
679 9 0 0 0 0 0 0 0 0 0 0 0 
680 9 0 0 0 0 0 0 0 0 0 0 0 
681 9 0 0 0 0 0 0 0 0 0 0 0 
682 9 0 0 0 0 0 0 0 0 0 0 0 
683 9 14 0 0 0 0 0 0 0 0 0 0 
684 9 15 0 0 0 0 0 0 0 0 0 0 
685 9 0 0 0 0 0 0 0 0 0 0 0 
686 9 0 0 0 0 0 0 0 0 0 0 0 
687 9 0 0 0 0 0 0 0 0 0 0 0 
688 9 0 0 0 0 0 0 0 0 0 0 0 
689 9 0 0 0 0 0 0 0 0 0 0 0 
690 9 0 0 0 0 0 0 0 0 0 0 0 
691 9 0 0 0 0 0 0 0 0 0 0 0 
692 9 0 0 0 0 0 0 0 0 0 0 0 
693 9 0 0 0 0 0 0 0 0 0 0 0 
694 9 0 0 0 0 0 0 0 0 0 0 0 
695 9 0 0 0 0 0 0 0 0 0 0 0 
696 9 0 0 0 0 0 0 0 0 0 0 0 
697 9 0 0 0 0 0 0 0 0 0 0 0 
698 9 0 0 0 0 0 0 0 0 0 0 0 
699 9 0 0 0 0 0 0 0 0 0 0 0 
700 9 0 0 0 0 0 0 0 0 0 0 0 
701 9 0 0 0 0 0 0 0 0 0 0 0 
702 9 0 0 0 0 0 0 0 0 0 0 0 
703 9 0 0 0 0 0 0 0 0 0 0 0 
704 9 0 0 0 0 0 0 0 0 0 0 0 
705 9 0 0 0 0 0 0 0 0 0 0 0 
706 9 0 0 0 0 0 0 0 0 0 0 0 
707 9 0 0 0 0 0 0 0 0 0 0 0 
708 9 0 0 0 0 0 0 0 0 0 0 0 
709 9 0 0 0 0 0 0 0 0 0 0 0 
710 9 0 0 0 0 0 0 0 0 0 0 0 
711 9 0 0 0 0 0 0 0 0 0 0 0 
712 9 0 0 0 0 0 0 0 0 0 0 0 
713 9 0 0 0 0 0 0 0 0 0 0 0 
714 9 0 0 0 0 0 0 0 0 0 0 0 
715 9 0 0 0 0 0 0 0 0 0 0 0 
716 9 0 0 0 0 0 0 0 0 0 0 0 
717 9 0 0 0 0 0 0 0 0 0 0 0 
718 9 0 0 0 0 0 0 0 0 0 0 0 
719 9 0 0 0 0 0 0 0 0 0 0 0 
720 9 0 0 0 0 0 0 0 0 0 0 0 
721 9 0 0 0 0 0 0 0 0 0 0 0 
722 9 0 0 0 0 0 0 0 0 0 0 0 
723 9 0 0 0 0 0 0 0 0 0 0 0 
724 9 0 0 0 0 0 0 0 0 0 0 0 
725 9 0 0 0 0 0 0 0 0 0 0 0 
726 9 0 0 0 0 0 0 0 0 0 0 0 
727 9 0 0 0 0 0 0 0 0 0 0 0 
728 9 0 0 0 0 0 0 0 0 0 0 0 
729 9 0 0 0 0 0 0 0 0 0 0 0 
730 9 0 0 0 0 0 0 0 0 0 0 0 
731 9 0 0 0 0 0 0 0 0 0 0 0 
732 9 0 0 0 0 0 0 0 0 0 0 0 
733 9 0 0 0 0 0 0 0 0 0 0 0 
734 9 0 0 0 0 0 0 0 0 0 0 0 
735 9 0 0 0 0 0 0 0 0 0 0 0 
736 9 0 0 0 0 0 0 0 0 0 0 0 
737 9 0 0 0 0 0 0 0 0 0 0 0 
738 9 0 0 0 0 0 0 0 0 0 0 0 
739 9 0 0 0 0 0 0 0 0 0 0 0 
740 9 0 0 0 0 0 0 0 0 0 0 0 
741 9 0 0 0 0 0 0 0 0 0 0 0 
742 9 0 0 0 0 0 0 0 0 0 0 0 
743 9 0 0 0 0 0 0 0 0 0 0 0 
744 9 0 0 0 0 0 0 0 0 0 0 0 
745 9 0 0 0 0 0 0 0 0 0 0 0 
746 9 0 0 0 0 0 0 0 0 0 0 0 
747 9 0 0 0 0 0 0 0 0 0 0 0 
748 9 0 0 0 0 0 0 0 0 0 0 0 
749 9 0 0 0 0 0 0 0 0 0 0 0 
750 9 0 0 0 0 0 0 0 0 0 0 0 
751 9 0 0 0 0 0 0 0 0 0 0 0 
752 9 0 0 0 0 0 0 0 0 0 0 0 
753 9 0 0 0 0 0 0 0 0 0 0 0 
754 9 0 0 0 0 0 0 0 0 0 0 0 
755 9 0 0 0 0 0 0 0 0 0 0 0 
756 9 0 0 0 0 0 0 0 0 0 0 0 
757 9 0 0 0 0 0 0 0 0 0 0 0 
758 9 0 0 0 0 0 0 0 0 0 0 0 
759 9 0 0 0 0 0 0 0 0 0 0 0 
760 9 0 0 0 0 0 0 0 0 0 0 0 
761 9 0 0 0 0 0 0 0 0 0 0 0 
762 9 0 0 0 0 0 0 0 0 0 0 0 
763 9 0 0 0 0 0 0 0 0 0 0 0 
764 9 0 0 0 0 0 0 0 0 0 0 0 
765 9 0 0 0 0 0 0 0 0 0 0 0 
766 9 0 0 0 0 0 0 0 0 0 0 0 
767 9 0 0 0 0 0 0 0 0 0 0 0 
768 9 0 0 0 0 0 0 0 0 0 0 0 
769 9 0 0 0 0 0 0 0 0 0 0 0 
770 9 0 0 0 0 0 0 0 0 0 0 0 
771 9 0 0 0 0 0 0 0 0 0 0 0 
772 9 0 0 0 0 0 0 0 0 0 0 0 
773 9 0 0 0 0 0 0 0 0 0 0 0 
774 9 0 0 0 0 0 0 0 0 0 0 0 
775 9 0 0 0 0 0 0 0 0 0 0 0 
776 9 0 0 0 0 0 0 0 0 0 0 0 
777 9 0 0 0 0 0 0 0 0 0 0 0 
778 9 0 0 0 0 0 0 0 0 0 0 0 
779 9 0 0 0 0 0 0 0 0 0 0 0 
780 9 0 0 0 0 0 0 0 0 0 0 0 
781 9 31 0 0 0 0 0 0 0 0 0 0 
782 9 32 0 0 0 0 0 0 0 0 0 0 
783 9 0 0 0 0 0 0 0 0 0 0 0 
784 9 0 0 0 0 0 0 0 0 0 0 0 
785 9 0 0 0 0 0 0 0 0 0 0 0 
786 9 0 0 0 0 0 0 0 0 0 0 0 
787 9 0 0 0 0 0 0 0 0 0 0 0 
788 9 0 0 0 0 0 0 0 0 0 0 0 
789 9 35 0 0 0 0 0 0 0 0 0 0 
790 9 36 0 0 0 0 0 0 0 0 0 0 
791 9 0 0 0 0 0 0 0 0 0 0 0 
792 9 0 0 0 0 0 0 0 0 0 0 0 
793 9 0 0 0 0 0 0 0 0 0 0 0 
794 9 0 0 0 0 0 0 0 0 0 0 0 
795 9 0 0 0 0 0 0 0 0 0 0 0 
796 9 0 0 0 0 0 0 0 0 0 0 0 
797 9 0 0 0 0 0 0 0 0 0 0 0 
798 9 0 0 0 0 0 0 0 0 0 0 0 
799 9 0 0 0 0 0 0 0 0 0 0 0 
800 9 0 0 0 0 0 0 0 0 0 0 0 
801 9 0 0 0 0 0 0 0 0 0 0 0 
802 9 0 0 0 0 0 0 0 0 0 0 0 
803 9 0 0 0 0 0 0 0 0 0 0 0 
804 9 0 0 0 0 0 0 0 0 0 0 0 
805 9 0 0 0 0 0 0 0 0 0 0 0 
806 9 0 0 0 0 0 0 0 0 0 0 0 
807 9 0 0 0 0 0 0 0 0 0 0 0 
808 9 0 0 0 0 0 0 0 0 0 0 0 
809 9 0 0 0 0 0 0 0 0 0 0 0 
810 9 0 0 0 0 0 0 0 0 0 0 0 
811 9 0 0 0 0 0 0 0 0 0 0 0 
812 9 0 0 0 0 0 0 0 0 0 0 0 
813 9 0 0 0 0 0 0 0 0 0 0 0 
814 9 0 0 0 0 0 0 0 0 0 0 0 
815 9 42 0 0 0 0 0 0 0 0 0 0 
816 9 -1 18 5 0 0 0 6 0 0 10 136 
817 9 -1 13 14 0 0 4 1 0 0 12 17 
818 9 -1 13 0 0 0 5 19 0 0 1 -2 
819 9 0 0 0 0 0 0 0 0 0 0 0 
820 9 0 0 0 0 0 0 0 0 0 0 0 
821 9 50 0 0 0 0 0 0 0 0 0 0 
822 9 -1 19 3 0 0 9 15 0 0 17 1 
823 9 -1 9 3 0 0 15 4 0 0 4 29 
824 9 -1 298 2 23 -1 -1 -1 -1 -1 32 -90 
825 9 0 0 0 0 0 0 0 0 0 0 0 
826 9 0 0 0 0 0 0 0 0 0 0 0 
827 9 0 0 0 0 0 0 0 0 0 0 0 
828 9 0 0 0 0 0 0 0 0 0 0 0 
829 9 59 0 0 0 0 0 0 0 0 0 0 
830 9 -1 300 1 21 -1 -1 -1 -1 -1 32 -71 
831 9 0 0 0 0 0 0 0 0 0 0 0 
832 9 0 0 0 0 0 0 0 0 0 0 0 
833 9 0 0 0 0 0 0 0 0 0 0 0 
834 9 0 0 0 0 0 0 0 0 0 0 0 
835 9 0 0 0 0 0 0 0 0 0 0 0 
836 9 0 0 0 0 0 0 0 0 0 0 0 
837 9 0 0 0 0 0 0 0 0 0 0 0 
838 9 0 0 0 0 0 0 0 0 0 0 0 
839 9 0 0 0 0 0 0 0 0 0 0 0 
840 9 0 0 0 0 0 0 0 0 0 0 0 
841 9 0 0 0 0 0 0 0 0 0 0 0 
842 9 0 0 0 0 0 0 0 0 0 0 0 
843 9 0 0 0 0 0 0 0 0 0 0 0 
844 9 0 0 0 0 0 0 0 0 0 0 0 
845 9 0 0 0 0 0 0 0 0 0 0 0 
846 9 0 0 0 0 0 0 0 0 0 0 0 
847 9 0 0 0 0 0 0 0 0 0 0 0 
848 9 0 0 0 0 0 0 0 0 0 0 0 
849 9 -1 10 19 0 0 1 1 0 0 21 0 
850 9 66 0 0 0 0 0 0 0 0 0 0 
851 9 -1 6 17 0 0 0 13 0 0 17 11 
852 9 69 0 0 0 0 0 0 0 0 0 0 
853 9 70 0 0 0 0 0 0 0 0 0 0 
854 9 -1 2 14 0 0 12 12 0 0 21 4 
855 9 0 0 0 0 0 0 0 0 0 0 0 
856 9 0 0 0 0 0 0 0 0 0 0 0 
857 9 0 0 0 0 0 0 0 0 0 0 0 
858 9 0 0 0 0 0 0 0 0 0 0 0 
859 9 0 0 0 0 0 0 0 0 0 0 0 
860 9 0 0 0 0 0 0 0 0 0 0 0 
861 9 0 0 0 0 0 0 0 0 0 0 0 
862 9 0 0 0 0 0 0 0 0 0 0 0 
863 9 0 0 0 0 0 0 0 0 0 0 0 
864 9 0 0 0 0 0 0 0 0 0 0 0 
865 9 0 0 0 0 0 0 0 0 0 0 0 
866 9 0 0 0 0 0 0 0 0 0 0 0 
867 9 0 0 0 0 0 0 0 0 0 0 0 
868 9 0 0 0 0 0 0 0 0 0 0 0 
869 9 76 0 0 0 0 0 0 0 0 0 0 
870 9 -1 11 0 0 0 11 4 0 0 6 -2 
871 9 0 0 0 0 0 0 0 0 0 0 0 
872 9 0 0 0 0 0 0 0 0 0 0 0 
873 9 0 0 0 0 0 0 0 0 0 0 0 
874 9 0 0 0 0 0 0 0 0 0 0 0 
875 9 0 0 0 0 0 0 0 0 0 0 0 
876 9 0 0 0 0 0 0 0 0 0 0 0 
877 9 0 0 0 0 0 0 0 0 0 0 0 
878 9 0 0 0 0 0 0 0 0 0 0 0 
879 9 0 0 0 0 0 0 0 0 0 0 0 
880 9 0 0 0 0 0 0 0 0 0 0 0 
881 9 0 0 0 0 0 0 0 0 0 0 0 
882 9 0 0 0 0 0 0 0 0 0 0 0 
883 9 0 0 0 0 0 0 0 0 0 0 0 
884 9 0 0 0 0 0 0 0 0 0 0 0 
885 9 0 0 0 0 0 0 0 0 0 0 0 
886 9 0 0 0 0 0 0 0 0 0 0 0 
887 9 0 0 0 0 0 0 0 0 0 0 0 
888 9 0 0 0 0 0 0 0 0 0 0 0 
889 9 0 0 0 0 0 0 0 0 0 0 0 
890 9 0 0 0 0 0 0 0 0 0 0 0 
891 9 0 0 0 0 0 0 0 0 0 0 0 
892 9 0 0 0 0 0 0 0 0 0 0 0 
893 9 84 0 0 0 0 0 0 0 0 0 0 
894 9 -1 18 8 0 0 12 14 0 0 6 -91 
895 9 0 0 0 0 0 0 0 0 0 0 0 
896 9 0 0 0 0 0 0 0 0 0 0 0 
897 9 0 0 0 0 0 0 0 0 0 0 0 
898 9 0 0 0 0 0 0 0 0 0 0 0 
899 9 0 0 0 0 0 0 0 0 0 0 0 
900 9 0 0 0 0 0 0 0 0 0 0 0 
901 9 0 0 0 0 0 0 0 0 0 0 0 
902 9 0 0 0 0 0 0 0 0 0 0 0 
903 9 0 0 0 0 0 0 0 0 0 0 0 
904 9 0 0 0 0 0 0 0 0 0 0 0 
905 9 0 0 0 0 0 0 0 0 0 0 0 
906 9 0 0 0 0 0 0 0 0 0 0 0 
907 9 0 0 0 0 0 0 0 0 0 0 0 
908 9 0 0 0 0 0 0 0 0 0 0 0 
909 9 0 0 0 0 0 0 0 0 0 0 0 
910 9 0 0 0 0 0 0 0 0 0 0 0 
911 9 0 0 0 0 0 0 0 0 0 0 0 
912 9 0 0 0 0 0 0 0 0 0 0 0 
913 9 0 0 0 0 0 0 0 0 0 0 0 
914 9 0 0 0 0 0 0 0 0 0 0 0 
915 9 0 0 0 0 0 0 0 0 0 0 0 
916 9 0 0 0 0 0 0 0 0 0 0 0 
917 9 0 0 0 0 0 0 0 0 0 0 0 
918 9 0 0 0 0 0 0 0 0 0 0 0 
919 9 0 0 0 0 0 0 0 0 0 0 0 
920 9 0 0 0 0 0 0 0 0 0 0 0 
921 9 0 0 0 0 0 0 0 0 0 0 0 
922 9 0 0 0 0 0 0 0 0 0 0 0 
923 9 0 0 0 0 0 0 0 0 0 0 0 
924 9 0 0 0 0 0 0 0 0 0 0 0 
925 9 0 0 0 0 0 0 0 0 0 0 0 
926 9 0 0 0 0 0 0 0 0 0 0 0 
927 9 0 0 0 0 0 0 0 0 0 0 0 
928 9 0 0 0 0 0 0 0 0 0 0 0 
929 9 0 0 0 0 0 0 0 0 0 0 0 
930 9 0 0 0 0 0 0 0 0 0 0 0 
931 9 0 0 0 0 0 0 0 0 0 0 0 
932 9 0 0 0 0 0 0 0 0 0 0 0 
933 9 0 0 0 0 0 0 0 0 0 0 0 
934 9 0 0 0 0 0 0 0 0 0 0 0 
935 9 0 0 0 0 0 0 0 0 0 0 0 
936 9 0 0 0 0 0 0 0 0 0 0 0 
937 9 0 0 0 0 0 0 0 0 0 0 0 
938 9 0 0 0 0 0 0 0 0 0 0 0 
939 9 0 0 0 0 0 0 0 0 0 0 0 
940 9 0 0 0 0 0 0 0 0 0 0 0 
941 9 0 0 0 0 0 0 0 0 0 0 0 
942 9 0 0 0 0 0 0 0 0 0 0 0 
943 9 0 0 0 0 0 0 0 0 0 0 0 
944 9 0 0 0 0 0 0 0 0 0 0 0 
945 9 0 0 0 0 0 0 0 0 0 0 0 
946 9 0 0 0 0 0 0 0 0 0 0 0 
947 9 0 0 0 0 0 0 0 0 0 0 0 
948 9 0 0 0 0 0 0 0 0 0 0 0 
949 9 0 0 0 0 0 0 0 0 0 0 0 
950 9 0 0 0 0 0 0 0 0 0 0 0 
951 9 0 0 0 0 0 0 0 0 0 0 0 
952 9 0 0 0 0 0 0 0 0 0 0 0 
953 9 0 0 0 0 0 0 0 0 0 0 0 
954 9 0 0 0 0 0 0 0 0 0 0 0 
955 9 0 0 0 0 0 0 0 0 0 0 0 
956 9 0 0 0 0 0 0 0 0 0 0 0 
957 9 0 0 0 0 0 0 0 0 0 0 0 
958 9 0 0 0 0 0 0 0 0 0 0 0 
959 9 0 0 0 0 0 0 0 0 0 0 0 
960 9 0 0 0 0 0 0 0 0 0 0 0 
961 9 0 0 0 0 0 0 0 0 0 0 0 
962 9 0 0 0 0 0 0 0 0 0 0 0 
963 9 0 0 0 0 0 0 0 0 0 0 0 
964 9 0 0 0 0 0 0 0 0 0 0 0 
965 9 0 0 0 0 0 0 0 0 0 0 0 
966 9 0 0 0 0 0 0 0 0 0 0 0 
967 9 0 0 0 0 0 0 0 0 0 0 0 
968 9 0 0 0 0 0 0 0 0 0 0 0 
969 9 0 0 0 0 0 0 0 0 0 0 0 
970 9 0 0 0 0 0 0 0 0 0 0 0 
971 9 0 0 0 0 0 0 0 0 0 0 0 
972 9 0 0 0 0 0 0 0 0 0 0 0 
973 9 0 0 0 0 0 0 0 0 0 0 0 
974 9 0 0 0 0 0 0 0 0 0 0 0 
975 9 0 0 0 0 0 0 0 0 0 0 0 
976 9 0 0 0 0 0 0 0 0 0 0 0 
977 9 0 0 0 0 0 0 0 0 0 0 0 
978 9 0 0 0 0 0 0 0 0 0 0 0 
979 9 0 0 0 0 0 0 0 0 0 0 0 
980 9 0 0 0 0 0 0 0 0 0 0 0 
981 9 0 0 0 0 0 0 0 0 0 0 0 
982 9 0 0 0 0 0 0 0 0 0 0 0 
983 9 0 0 0 0 0 0 0 0 0 0 0 
984 9 0 0 0 0 0 0 0 0 0 0 0 
985 9 0 0 0 0 0 0 0 0 0 0 0 
986 9 0 0 0 0 0 0 0 0 0 0 0 
987 9 0 0 0 0 0 0 0 0 0 0 0 
988 9 0 0 0 0 0 0 0 0 0 0 0 
989 9 0 0 0 0 0 0 0 0 0 0 0 
990 9 0 0 0 0 0 0 0 0 0 0 0 
991 9 0 0 0 0 0 0 0 0 0 0 0 
992 9 0 0 0 0 0 0 0 0 0 0 0 
993 9 0 0 0 0 0 0 0 0 0 0 0 
994 9 0 0 0 0 0 0 0 0 0 0 0 
995 9 0 0 0 0 0 0 0 0 0 0 0 
996 9 0 0 0 0 0 0 0 0 0 0 0 
997 9 0 0 0 0 0 0 0 0 0 0 0 
998 9 0 0 0 0 0 0 0 0 0 0 0 
999 9 0 0 0 0 0 0 0 0 0 0 0 
1000 9 0 0 0 0 0 0 0 0 0 0 0 
1001 9 0 0 0 0 0 0 0 0 0 0 0 
1002 9 0 0 0 0 0 0 0 0 0 0 0 
1003 9 0 0 0 0 0 0 0 0 0 0 0 
1004 9 0 0 0 0 0 0 0 0 0 0 0 
1005 9 0 0 0 0 0 0 0 0 0 0 0 
1006 9 0 0 0 0 0 0 0 0 0 0 0 
1007 9 0 0 0 0 0 0 0 0 0 0 0 
1008 9 0 0 0 0 0 0 0 0 0 0 0 
1009 9 0 0 0 0 0 0 0 0 0 0 0 
1010 9 0 0 0 0 0 0 0 0 0 0 0 
1011 9 0 0 0 0 0 0 0 0 0 0 0 
1012 9 0 0 0 0 0 0 0 0 0 0 0 
1013 9 0 0 0 0 0 0 0 0 0 0 0 
1014 9 0 0 0 0 0 0 0 0 0 0 0 
1015 9 0 0 0 0 0 0 0 0 0 0 0 
1016 9 0 0 0 0 0 0 0 0 0 0 0 
1017 9 0 0 0 0 0 0 0 0 0 0 0 
1018 9 0 0 0 0 0 0 0 0 0 0 0 
1019 9 0 0 0 0 0 0 0 0 0 0 0 
1020 9 0 0 0 0 0 0 0 0 0 0 0 
1021 9 0 0 0 0 0 0 0 0 0 0 0 
1022 9 0 0 0 0 0 0 0 0 0 0 0 
1023 10 0 0 0 0 0 0 0 0 0 0 0 
1024 10 0 0 0 0 0 0 0 0 0 0 0 
1025 10 0 0 0 0 0 0 0 0 0 0 0 
1026 10 0 0 0 0 0 0 0 0 0 0 0 
1027 10 0 0 0 0 0 0 0 0 0 0 0 
1028 10 0 0 0 0 0 0 0 0 0 0 0 
1029 10 0 0 0 0 0 0 0 0 0 0 0 
1030 10 0 0 0 0 0 0 0 0 0 0 0 
1031 10 0 0 0 0 0 0 0 0 0 0 0 
1032 10 0 0 0 0 0 0 0 0 0 0 0 
1033 10 0 0 0 0 0 0 0 0 0 0 0 
1034 10 0 0 0 0 0 0 0 0 0 0 0 
1035 10 0 0 0 0 0 0 0 0 0 0 0 
1036 10 0 0 0 0 0 0 0 0 0 0 0 
1037 10 0 0 0 0 0 0 0 0 0 0 0 
1038 10 0 0 0 0 0 0 0 0 0 0 0 
1039 10 0 0 0 0 0 0 0 0 0 0 0 
1040 10 0 0 0 0 0 0 0 0 0 0 0 
1041 10 0 0 0 0 0 0 0 0 0 0 0 
1042 10 0 0 0 0 0 0 0 0 0 0 0 
1043 10 0 0 0 0 0 0 0 0 0 0 0 
1044 10 0 0 0 0 0 0 0 0 0 0 0 
1045 10 0 0 0 0 0 0 0 0 0 0 0 
1046 10 0 0 0 0 0 0 0 0 0 0 0 
1047 10 0 0 0 0 0 0 0 0 0 0 0 
1048 10 0 0 0 0 0 0 0 0 0 0 0 
1049 10 0 0 0 0 0 0 0 0 0 0 0 
1050 10 0 0 0 0 0 0 0 0 0 0 0 
1051 10 0 0 0 0 0 0 0 0 0 0 0 
1052 10 0 0 0 0 0 0 0 0 0 0 0 
1053 10 0 0 0 0 0 0 0 0 0 0 0 
1054 10 0 0 0 0 0 0 0 0 0 0 0 
1055 10 0 0 0 0 0 0 0 0 0 0 0 
1056 10 0 0 0 0 0 0 0 0 0 0 0 
1057 10 0 0 0 0 0 0 0 0 0 0 0 
1058 10 0 0 0 0 0 0 0 0 0 0 0 
1059 10 0 0 0 0 0 0 0 0 0 0 0 
1060 10 0 0 0 0 0 0 0 0 0 0 0 
1061 10 0 0 0 0 0 0 0 0 0 0 0 
1062 10 0 0 0 0 0 0 0 0 0 0 0 
1063 10 0 0 0 0 0 0 0 0 0 0 0 
1064 10 0 0 0 0 0 0 0 0 0 0 0 
1065 10 0 0 0 0 0 0 0 0 0 0 0 
1066 10 0 0 0 0 0 0 0 0 0 0 0 
1067 10 0 0 0 0 0 0 0 0 0 0 0 
1068 10 0 0 0 0 0 0 0 0 0 0 0 
1069 10 0 0 0 0 0 0 0 0 0 0 0 
1070 10 0 0 0 0 0 0 0 0 0 0 0 
1071 10 0 0 0 0 0 0 0 0 0 0 0 
1072 10 0 0 0 0 0 0 0 0 0 0 0 
1073 10 0 0 0 0 0 0 0 0 0 0 0 
1074 10 0 0 0 0 0 0 0 0 0 0 0 
1075 10 0 0 0 0 0 0 0 0 0 0 0 
1076 10 0 0 0 0 0 0 0 0 0 0 0 
1077 10 0 0 0 0 0 0 0 0 0 0 0 
1078 10 0 0 0 0 0 0 0 0 0 0 0 
1079 10 0 0 0 0 0 0 0 0 0 0 0 
1080 10 0 0 0 0 0 0 0 0 0 0 0 
1081 10 0 0 0 0 0 0 0 0 0 0 0 
1082 10 0 0 0 0 0 0 0 0 0 0 0 
1083 10 0 0 0 0 0 0 0 0 0 0 0 
1084 10 0 0 0 0 0 0 0 0 0 0 0 
1085 10 0 0 0 0 0 0 0 0 0 0 0 
1086 10 0 0 0 0 0 0 0 0 0 0 0 
1087 10 0 0 0 0 0 0 0 0 0 0 0 
1088 10 0 0 0 0 0 0 0 0 0 0 0 
1089 10 0 0 0 0 0 0 0 0 0 0 0 
1090 10 0 0 0 0 0 0 0 0 0 0 0 
1091 10 0 0 0 0 0 0 0 0 0 0 0 
1092 10 0 0 0 0 0 0 0 0 0 0 0 
1093 10 0 0 0 0 0 0 0 0 0 0 0 
1094 10 0 0 0 0 0 0 0 0 0 0 0 
1095 10 0 0 0 0 0 0 0 0 0 0 0 
1096 10 0 0 0 0 0 0 0 0 0 0 0 
1097 10 0 0 0 0 0 0 0 0 0 0 0 
1098 10 0 0 0 0 0 0 0 0 0 0 0 
1099 10 0 0 0 0 0 0 0 0 0 0 0 
1100 10 0 0 0 0 0 0 0 0 0 0 0 
1101 10 0 0 0 0 0 0 0 0 0 0 0 
1102 10 0 0 0 0 0 0 0 0 0 0 0 
1103 10 0 0 0 0 0 0 0 0 0 0 0 
1104 10 0 0 0 0 0 0 0 0 0 0 0 
1105 10 0 0 0 0 0 0 0 0 0 0 0 
1106 10 0 0 0 0 0 0 0 0 0 0 0 
1107 10 0 0 0 0 0 0 0 0 0 0 0 
1108 10 0 0 0 0 0 0 0 0 0 0 0 
1109 10 0 0 0 0 0 0 0 0 0 0 0 
1110 10 0 0 0 0 0 0 0 0 0 0 0 
1111 10 0 0 0 0 0 0 0 0 0 0 0 
1112 10 0 0 0 0 0 0 0 0 0 0 0 
1113 10 0 0 0 0 0 0 0 0 0 0 0 
1114 10 0 0 0 0 0 0 0 0 0 0 0 
1115 10 0 0 0 0 0 0 0 0 0 0 0 
1116 10 0 0 0 0 0 0 0 0 0 0 0 
1117 10 0 0 0 0 0 0 0 0 0 0 0 
1118 10 0 0 0 0 0 0 0 0 0 0 0 
1119 10 0 0 0 0 0 0 0 0 0 0 0 
1120 10 0 0 0 0 0 0 0 0 0 0 0 
1121 10 0 0 0 0 0 0 0 0 0 0 0 
1122 10 0 0 0 0 0 0 0 0 0 0 0 
1123 10 0 0 0 0 0 0 0 0 0 0 0 
1124 10 0 0 0 0 0 0 0 0 0 0 0 
1125 10 0 0 0 0 0 0 0 0 0 0 0 
1126 10 0 0 0 0 0 0 0 0 0 0 0 
1127 10 0 0 0 0 0 0 0 0 0 0 0 
1128 10 0 0 0 0 0 0 0 0 0 0 0 
1129 10 0 0 0 0 0 0 0 0 0 0 0 
1130 10 0 0 0 0 0 0 0 0 0 0 0 
1131 10 0 0 0 0 0 0 0 0 0 0 0 
1132 10 0 0 0 0 0 0 0 0 0 0 0 
1133 10 0 0 0 0 0 0 0 0 0 0 0 
1134 10 0 0 0 0 0 0 0 0 0 0 0 
1135 10 0 0 0 0 0 0 0 0 0 0 0 
1136 10 0 0 0 0 0 0 0 0 0 0 0 
1137 10 0 0 0 0 0 0 0 0 0 0 0 
1138 10 0 0 0 0 0 0 0 0 0 0 0 
1139 10 0 0 0 0 0 0 0 0 0 0 0 
1140 10 0 0 0 0 0 0 0 0 0 0 0 
1141 10 0 0 0 0 0 0 0 0 0 0 0 
1142 10 0 0 0 0 0 0 0 0 0 0 0 
1143 10 0 0 0 0 0 0 0 0 0 0 0 
1144 10 0 0 0 0 0 0 0 0 0 0 0 
1145 10 0 0 0 0 0 0 0 0 0 0 0 
1146 10 0 0 0 0 0 0 0 0 0 0 0 
1147 10 0 0 0 0 0 0 0 0 0 0 0 
1148 10 0 0 0 0 0 0 0 0 0 0 0 
1149 10 0 0 0 0 0 0 0 0 0 0 0 
1150 10 0 0 0 0 0 0 0 0 0 0 0 
1151 10 0 0 0 0 0 0 0 0 0 0 0 
1152 10 0 0 0 0 0 0 0 0 0 0 0 
1153 10 0 0 0 0 0 0 0 0 0 0 0 
1154 10 0 0 0 0 0 0 0 0 0 0 0 
1155 10 0 0 0 0 0 0 0 0 0 0 0 
1156 10 0 0 0 0 0 0 0 0 0 0 0 
1157 10 0 0 0 0 0 0 0 0 0 0 0 
1158 10 0 0 0 0 0 0 0 0 0 0 0 
1159 10 0 0 0 0 0 0 0 0 0 0 0 
1160 10 0 0 0 0 0 0 0 0 0 0 0 
1161 10 0 0 0 0 0 0 0 0 0 0 0 
1162 10 0 0 0 0 0 0 0 0 0 0 0 
1163 10 0 0 0 0 0 0 0 0 0 0 0 
1164 10 0 0 0 0 0 0 0 0 0 0 0 
1165 10 0 0 0 0 0 0 0 0 0 0 0 
1166 10 0 0 0 0 0 0 0 0 0 0 0 
1167 10 0 0 0 0 0 0 0 0 0 0 0 
1168 10 0 0 0 0 0 0 0 0 0 0 0 
1169 10 0 0 0 0 0 0 0 0 0 0 0 
1170 10 0 0 0 0 0 0 0 0 0 0 0 
1171 10 0 0 0 0 0 0 0 0 0 0 0 
1172 10 0 0 0 0 0 0 0 0 0 0 0 
1173 10 0 0 0 0 0 0 0 0 0 0 0 
1174 10 0 0 0 0 0 0 0 0 0 0 0 
1175 10 0 0 0 0 0 0 0 0 0 0 0 
1176 10 0 0 0 0 0 0 0 0 0 0 0 
1177 10 0 0 0 0 0 0 0 0 0 0 0 
1178 10 0 0 0 0 0 0 0 0 0 0 0 
1179 10 0 0 0 0 0 0 0 0 0 0 0 
1180 10 0 0 0 0 0 0 0 0 0 0 0 
1181 10 0 0 0 0 0 0 0 0 0 0 0 
1182 10 0 0 0 0 0 0 0 0 0 0 0 
1183 10 0 0 0 0 0 0 0 0 0 0 0 
1184 10 0 0 0 0 0 0 0 0 0 0 0 
1185 10 0 0 0 0 0 0 0 0 0 0 0 
1186 10 0 0 0 0 0 0 0 0 0 0 0 
1187 10 0 0 0 0 0 0 0 0 0 0 0 
1188 10 0 0 0 0 0 0 0 0 0 0 0 
1189 10 0 0 0 0 0 0 0 0 0 0 0 
1190 10 0 0 0 0 0 0 0 0 0 0 0 
1191 10 0 0 0 0 0 0 0 0 0 0 0 
1192 10 0 0 0 0 0 0 0 0 0 0 0 
1193 10 0 0 0 0 0 0 0 0 0 0 0 
1194 10 0 0 0 0 0 0 0 0 0 0 0 
1195 10 0 0 0 0 0 0 0 0 0 0 0 
1196 10 0 0 0 0 0 0 0 0 0 0 0 
1197 10 0 0 0 0 0 0 0 0 0 0 0 
1198 10 0 0 0 0 0 0 0 0 0 0 0 
1199 10 0 0 0 0 0 0 0 0 0 0 0 
1200 10 0 0 0 0 0 0 0 0 0 0 0 
1201 10 0 0 0 0 0 0 0 0 0 0 0 
1202 10 0 0 0 0 0 0 0 0 0 0 0 
1203 10 0 0 0 0 0 0 0 0 0 0 0 
1204 10 0 0 0 0 0 0 0 0 0 0 0 
1205 10 0 0 0 0 0 0 0 0 0 0 0 
1206 10 0 0 0 0 0 0 0 0 0 0 0 
1207 10 0 0 0 0 0 0 0 0 0 0 0 
1208 10 0 0 0 0 0 0 0 0 0 0 0 
1209 10 0 0 0 0 0 0 0 0 0 0 0 
1210 10 0 0 0 0 0 0 0 0 0 0 0 
1211 10 0 0 0 0 0 0 0 0 0 0 0 
1212 10 0 0 0 0 0 0 0 0 0 0 0 
1213 10 0 0 0 0 0 0 0 0 0 0 0 
1214 10 0 0 0 0 0 0 0 0 0 0 0 
1215 10 0 0 0 0 0 0 0 0 0 0 0 
1216 10 0 0 0 0 0 0 0 0 0 0 0 
1217 10 0 0 0 0 0 0 0 0 0 0 0 
1218 10 0 0 0 0 0 0 0 0 0 0 0 
1219 10 0 0 0 0 0 0 0 0 0 0 0 
1220 10 0 0 0 0 0 0 0 0 0 0 0 
1221 10 0 0 0 0 0 0 0 0 0 0 0 
1222 10 0 0 0 0 0 0 0 0 0 0 0 
1223 10 0 0 0 0 0 0 0 0 0 0 0 
1224 10 0 0 0 0 0 0 0 0 0 0 0 
1225 10 0 0 0 0 0 0 0 0 0 0 0 
1226 10 0 0 0 0 0 0 0 0 0 0 0 
1227 10 0 0 0 0 0 0 0 0 0 0 0 
1228 10 0 0 0 0 0 0 0 0 0 0 0 
1229 10 0 0 0 0 0 0 0 0 0 0 0 
1230 10 0 0 0 0 0 0 0 0 0 0 0 
1231 10 0 0 0 0 0 0 0 0 0 0 0 
1232 10 0 0 0 0 0 0 0 0 0 0 0 
1233 10 0 0 0 0 0 0 0 0 0 0 0 
1234 10 0 0 0 0 0 0 0 0 0 0 0 
1235 10 0 0 0 0 0 0 0 0 0 0 0 
1236 10 0 0 0 0 0 0 0 0 0 0 0 
1237 10 0 0 0 0 0 0 0 0 0 0 0 
1238 10 0 0 0 0 0 0 0 0 0 0 0 
1239 10 0 0 0 0 0 0 0 0 0 0 0 
1240 10 0 0 0 0 0 0 0 0 0 0 0 
1241 10 0 0 0 0 0 0 0 0 0 0 0 
1242 10 0 0 0 0 0 0 0 0 0 0 0 
1243 10 0 0 0 0 0 0 0 0 0 0 0 
1244 10 0 0 0 0 0 0 0 0 0 0 0 
1245 10 0 0 0 0 0 0 0 0 0 0 0 
1246 10 0 0 0 0 0 0 0 0 0 0 0 
1247 10 0 0 0 0 0 0 0 0 0 0 0 
1248 10 0 0 0 0 0 0 0 0 0 0 0 
1249 10 0 0 0 0 0 0 0 0 0 0 0 
1250 10 0 0 0 0 0 0 0 0 0 0 0 
1251 10 0 0 0 0 0 0 0 0 0 0 0 
1252 10 0 0 0 0 0 0 0 0 0 0 0 
1253 10 0 0 0 0 0 0 0 0 0 0 0 
1254 10 0 0 0 0 0 0 0 0 0 0 0 
1255 10 0 0 0 0 0 0 0 0 0 0 0 
1256 10 0 0 0 0 0 0 0 0 0 0 0 
1257 10 0 0 0 0 0 0 0 0 0 0 0 
1258 10 0 0 0 0 0 0 0 0 0 0 0 
1259 10 0 0 0 0 0 0 0 0 0 0 0 
1260 10 0 0 0 0 0 0 0 0 0 0 0 
1261 10 0 0 0 0 0 0 0 0 0 0 0 
1262 10 0 0 0 0 0 0 0 0 0 0 0 
1263 10 0 0 0 0 0 0 0 0 0 0 0 
1264 10 0 0 0 0 0 0 0 0 0 0 0 
1265 10 0 0 0 0 0 0 0 0 0 0 0 
1266 10 0 0 0 0 0 0 0 0 0 0 0 
1267 10 0 0 0 0 0 0 0 0 0 0 0 
1268 10 0 0 0 0 0 0 0 0 0 0 0 
1269 10 0 0 0 0 0 0 0 0 0 0 0 
1270 10 0 0 0 0 0 0 0 0 0 0 0 
1271 10 0 0 0 0 0 0 0 0 0 0 0 
1272 10 0 0 0 0 0 0 0 0 0 0 0 
1273 10 0 0 0 0 0 0 0 0 0 0 0 
1274 10 0 0 0 0 0 0 0 0 0 0 0 
1275 10 0 0 0 0 0 0 0 0 0 0 0 
1276 10 0 0 0 0 0 0 0 0 0 0 0 
1277 10 0 0 0 0 0 0 0 0 0 0 0 
1278 10 0 0 0 0 0 0 0 0 0 0 0 
1279 10 0 0 0 0 0 0 0 0 0 0 0 
1280 10 0 0 0 0 0 0 0 0 0 0 0 
1281 10 0 0 0 0 0 0 0 0 0 0 0 
1282 10 0 0 0 0 0 0 0 0 0 0 0 
1283 10 0 0 0 0 0 0 0 0 0 0 0 
1284 10 0 0 0 0 0 0 0 0 0 0 0 
1285 10 0 0 0 0 0 0 0 0 0 0 0 
1286 10 0 0 0 0 0 0 0 0 0 0 0 
1287 10 0 0 0 0 0 0 0 0 0 0 0 
1288 10 0 0 0 0 0 0 0 0 0 0 0 
1289 10 0 0 0 0 0 0 0 0 0 0 0 
1290 10 0 0 0 0 0 0 0 0 0 0 0 
1291 10 0 0 0 0 0 0 0 0 0 0 0 
1292 10 0 0 0 0 0 0 0 0 0 0 0 
1293 10 0 0 0 0 0 0 0 0 0 0 0 
1294 10 0 0 0 0 0 0 0 0 0 0 0 
1295 10 0 0 0 0 0 0 0 0 0 0 0 
1296 10 0 0 0 0 0 0 0 0 0 0 0 
1297 10 0 0 0 0 0 0 0 0 0 0 0 
1298 10 0 0 0 0 0 0 0 0 0 0 0 
1299 10 0 0 0 0 0 0 0 0 0 0 0 
1300 10 0 0 0 0 0 0 0 0 0 0 0 
1301 10 0 0 0 0 0 0 0 0 0 0 0 
1302 10 0 0 0 0 0 0 0 0 0 0 0 
1303 10 0 0 0 0 0 0 0 0 0 0 0 
1304 10 0 0 0 0 0 0 0 0 0 0 0 
1305 10 0 0 0 0 0 0 0 0 0 0 0 
1306 10 0 0 0 0 0 0 0 0 0 0 0 
1307 10 0 0 0 0 0 0 0 0 0 0 0 
1308 10 0 0 0 0 0 0 0 0 0 0 0 
1309 10 0 0 0 0 0 0 0 0 0 0 0 
1310 10 0 0 0 0 0 0 0 0 0 0 0 
1311 10 0 0 0 0 0 0 0 0 0 0 0 
1312 10 0 0 0 0 0 0 0 0 0 0 0 
1313 10 0 0 0 0 0 0 0 0 0 0 0 
1314 10 0 0 0 0 0 0 0 0 0 0 0 
1315 10 0 0 0 0 0 0 0 0 0 0 0 
1316 10 0 0 0 0 0 0 0 0 0 0 0 
1317 10 0 0 0 0 0 0 0 0 0 0 0 
1318 10 0 0 0 0 0 0 0 0 0 0 0 
1319 10 0 0 0 0 0 0 0 0 0 0 0 
1320 10 0 0 0 0 0 0 0 0 0 0 0 
1321 10 0 0 0 0 0 0 0 0 0 0 0 
1322 10 0 0 0 0 0 0 0 0 0 0 0 
1323 10 0 0 0 0 0 0 0 0 0 0 0 
1324 10 0 0 0 0 0 0 0 0 0 0 0 
1325 10 0 0 0 0 0 0 0 0 0 0 0 
1326 10 0 0 0 0 0 0 0 0 0 0 0 
1327 10 0 0 0 0 0 0 0 0 0 0 0 
1328 10 0 0 0 0 0 0 0 0 0 0 0 
1329 10 0 0 0 0 0 0 0 0 0 0 0 
1330 10 0 0 0 0 0 0 0 0 0 0 0 
1331 10 0 0 0 0 0 0 0 0 0 0 0 
1332 10 0 0 0 0 0 0 0 0 0 0 0 
1333 10 0 0 0 0 0 0 0 0 0 0 0 
1334 10 0 0 0 0 0 0 0 0 0 0 0 
1335 10 0 0 0 0 0 0 0 0 0 0 0 
1336 10 0 0 0 0 0 0 0 0 0 0 0 
1337 10 0 0 0 0 0 0 0 0 0 0 0 
1338 10 0 0 0 0 0 0 0 0 0 0 0 
1339 10 0 0 0 0 0 0 0 0 0 0 0 
1340 10 0 0 0 0 0 0 0 0 0 0 0 
1341 10 0 0 0 0 0 0 0 0 0 0 0 
1342 10 0 0 0 0 0 0 0 0 0 0 0 
1343 10 0 0 0 0 0 0 0 0 0 0 0 
1344 10 0 0 0 0 0 0 0 0 0 0 0 
1345 10 0 0 0 0 0 0 0 0 0 0 0 
1346 10 0 0 0 0 0 0 0 0 0 0 0 
1347 10 0 0 0 0 0 0 0 0 0 0 0 
1348 10 0 0 0 0 0 0 0 0 0 0 0 
1349 10 0 0 0 0 0 0 0 0 0 0 0 
1350 10 0 0 0 0 0 0 0 0 0 0 0 
1351 10 0 0 0 0 0 0 0 0 0 0 0 
1352 10 0 0 0 0 0 0 0 0 0 0 0 
1353 10 0 0 0 0 0 0 0 0 0 0 0 
1354 10 0 0 0 0 0 0 0 0 0 0 0 
1355 10 0 0 0 0 0 0 0 0 0 0 0 
1356 10 0 0 0 0 0 0 0 0 0 0 0 
1357 10 0 0 0 0 0 0 0 0 0 0 0 
1358 10 0 0 0 0 0 0 0 0 0 0 0 
1359 10 0 0 0 0 0 0 0 0 0 0 0 
1360 10 0 0 0 0 0 0 0 0 0 0 0 
1361 10 0 0 0 0 0 0 0 0 0 0 0 
1362 10 0 0 0 0 0 0 0 0 0 0 0 
1363 10 0 0 0 0 0 0 0 0 0 0 0 
1364 10 0 0 0 0 0 0 0 0 0 0 0 
1365 10 0 0 0 0 0 0 0 0 0 0 0 
1366 10 0 0 0 0 0 0 0 0 0 0 0 
1367 10 0 0 0 0 0 0 0 0 0 0 0 
1368 10 0 0 0 0 0 0 0 0 0 0 0 
1369 10 0 0 0 0 0 0 0 0 0 0 0 
1370 10 0 0 0 0 0 0 0 0 0 0 0 
1371 10 0 0 0 0 0 0 0 0 0 0 0 
1372 10 0 0 0 0 0 0 0 0 0 0 0 
1373 10 0 0 0 0 0 0 0 0 0 0 0 
1374 10 0 0 0 0 0 0 0 0 0 0 0 
1375 10 0 0 0 0 0 0 0 0 0 0 0 
1376 10 0 0 0 0 0 0 0 0 0 0 0 
1377 10 0 0 0 0 0 0 0 0 0 0 0 
1378 10 0 0 0 0 0 0 0 0 0 0 0 
1379 10 0 0 0 0 0 0 0 0 0 0 0 
1380 10 0 0 0 0 0 0 0 0 0 0 0 
1381 10 0 0 0 0 0 0 0 0 0 0 0 
1382 10 0 0 0 0 0 0 0 0 0 0 0 
1383 10 0 0 0 0 0 0 0 0 0 0 0 
1384 10 0 0 0 0 0 0 0 0 0 0 0 
1385 10 0 0 0 0 0 0 0 0 0 0 0 
1386 10 0 0 0 0 0 0 0 0 0 0 0 
1387 10 0 0 0 0 0 0 0 0 0 0 0 
1388 10 0 0 0 0 0 0 0 0 0 0 0 
1389 10 0 0 0 0 0 0 0 0 0 0 0 
1390 10 0 0 0 0 0 0 0 0 0 0 0 
1391 10 0 0 0 0 0 0 0 0 0 0 0 
1392 10 0 0 0 0 0 0 0 0 0 0 0 
1393 10 0 0 0 0 0 0 0 0 0 0 0 
1394 10 0 0 0 0 0 0 0 0 0 0 0 
1395 10 0 0 0 0 0 0 0 0 0 0 0 
1396 10 0 0 0 0 0 0 0 0 0 0 0 
1397 10 0 0 0 0 0 0 0 0 0 0 0 
1398 10 0 0 0 0 0 0 0 0 0 0 0 
1399 10 0 0 0 0 0 0 0 0 0 0 0 
1400 10 0 0 0 0 0 0 0 0 0 0 0 
1401 10 0 0 0 0 0 0 0 0 0 0 0 
1402 10 0 0 0 0 0 0 0 0 0 0 0 
1403 10 0 0 0 0 0 0 0 0 0 0 0 
1404 10 0 0 0 0 0 0 0 0 0 0 0 
1405 10 0 0 0 0 0 0 0 0 0 0 0 
1406 10 0 0 0 0 0 0 0 0 0 0 0 
1407 10 0 0 0 0 0 0 0 0 0 0 0 
1408 10 0 0 0 0 0 0 0 0 0 0 0 
1409 10 0 0 0 0 0 0 0 0 0 0 0 
1410 10 0 0 0 0 0 0 0 0 0 0 0 
1411 10 0 0 0 0 0 0 0 0 0 0 0 
1412 10 0 0 0 0 0 0 0 0 0 0 0 
1413 10 0 0 0 0 0 0 0 0 0 0 0 
1414 10 0 0 0 0 0 0 0 0 0 0 0 
1415 10 0 0 0 0 0 0 0 0 0 0 0 
1416 10 0 0 0 0 0 0 0 0 0 0 0 
1417 10 0 0 0 0 0 0 0 0 0 0 0 
1418 10 0 0 0 0 0 0 0 0 0 0 0 
1419 10 0 0 0 0 0 0 0 0 0 0 0 
1420 10 0 0 0 0 0 0 0 0 0 0 0 
1421 10 0 0 0 0 0 0 0 0 0 0 0 
1422 10 0 0 0 0 0 0 0 0 0 0 0 
1423 10 0 0 0 0 0 0 0 0 0 0 0 
1424 10 0 0 0 0 0 0 0 0 0 0 0 
1425 10 0 0 0 0 0 0 0 0 0 0 0 
1426 10 0 0 0 0 0 0 0 0 0 0 0 
1427 10 0 0 0 0 0 0 0 0 0 0 0 
1428 10 0 0 0 0 0 0 0 0 0 0 0 
1429 10 0 0 0 0 0 0 0 0 0 0 0 
1430 10 0 0 0 0 0 0 0 0 0 0 0 
1431 10 0 0 0 0 0 0 0 0 0 0 0 
1432 10 0 0 0 0 0 0 0 0 0 0 0 
1433 10 0 0 0 0 0 0 0 0 0 0 0 
1434 10 0 0 0 0 0 0 0 0 0 0 0 
1435 10 0 0 0 0 0 0 0 0 0 0 0 
1436 10 0 0 0 0 0 0 0 0 0 0 0 
1437 10 0 0 0 0 0 0 0 0 0 0 0 
1438 10 0 0 0 0 0 0 0 0 0 0 0 
1439 10 0 0 0 0 0 0 0 0 0 0 0 
1440 10 0 0 0 0 0 0 0 0 0 0 0 
1441 10 0 0 0 0 0 0 0 0 0 0 0 
1442 10 0 0 0 0 0 0 0 0 0 0 0 
1443 10 0 0 0 0 0 0 0 0 0 0 0 
1444 10 0 0 0 0 0 0 0 0 0 0 0 
1445 10 0 0 0 0 0 0 0 0 0 0 0 
1446 10 0 0 0 0 0 0 0 0 0 0 0 
1447 10 0 0 0 0 0 0 0 0 0 0 0 
1448 10 0 0 0 0 0 0 0 0 0 0 0 
1449 10 0 0 0 0 0 0 0 0 0 0 0 
1450 10 0 0 0 0 0 0 0 0 0 0 0 
1451 10 0 0 0 0 0 0 0 0 0 0 0 
1452 10 0 0 0 0 0 0 0 0 0 0 0 
1453 10 0 0 0 0 0 0 0 0 0 0 0 
1454 10 0 0 0 0 0 0 0 0 0 0 0 
1455 10 0 0 0 0 0 0 0 0 0 0 0 
1456 10 0 0 0 0 0 0 0 0 0 0 0 
1457 10 0 0 0 0 0 0 0 0 0 0 0 
1458 10 0 0 0 0 0 0 0 0 0 0 0 
1459 10 0 0 0 0 0 0 0 0 0 0 0 
1460 10 0 0 0 0 0 0 0 0 0 0 0 
1461 10 0 0 0 0 0 0 0 0 0 0 0 
1462 10 0 0 0 0 0 0 0 0 0 0 0 
1463 10 0 0 0 0 0 0 0 0 0 0 0 
1464 10 0 0 0 0 0 0 0 0 0 0 0 
1465 10 0 0 0 0 0 0 0 0 0 0 0 
1466 10 0 0 0 0 0 0 0 0 0 0 0 
1467 10 0 0 0 0 0 0 0 0 0 0 0 
1468 10 0 0 0 0 0 0 0 0 0 0 0 
1469 10 0 0 0 0 0 0 0 0 0 0 0 
1470 10 0 0 0 0 0 0 0 0 0 0 0 
1471 10 0 0 0 0 0 0 0 0 0 0 0 
1472 10 0 0 0 0 0 0 0 0 0 0 0 
1473 10 0 0 0 0 0 0 0 0 0 0 0 
1474 10 0 0 0 0 0 0 0 0 0 0 0 
1475 10 0 0 0 0 0 0 0 0 0 0 0 
1476 10 0 0 0 0 0 0 0 0 0 0 0 
1477 10 0 0 0 0 0 0 0 0 0 0 0 
1478 10 0 0 0 0 0 0 0 0 0 0 0 
1479 10 0 0 0 0 0 0 0 0 0 0 0 
1480 10 0 0 0 0 0 0 0 0 0 0 0 
1481 10 0 0 0 0 0 0 0 0 0 0 0 
1482 10 0 0 0 0 0 0 0 0 0 0 0 
1483 10 0 0 0 0 0 0 0 0 0 0 0 
1484 10 0 0 0 0 0 0 0 0 0 0 0 
1485 10 0 0 0 0 0 0 0 0 0 0 0 
1486 10 0 0 0 0 0 0 0 0 0 0 0 
1487 10 0 0 0 0 0 0 0 0 0 0 0 
1488 10 0 0 0 0 0 0 0 0 0 0 0 
1489 10 0 0 0 0 0 0 0 0 0 0 0 
1490 10 0 0 0 0 0 0 0 0 0 0 0 
1491 10 0 0 0 0 0 0 0 0 0 0 0 
1492 10 0 0 0 0 0 0 0 0 0 0 0 
1493 10 0 0 0 0 0 0 0 0 0 0 0 
1494 10 0 0 0 0 0 0 0 0 0 0 0 
1495 10 0 0 0 0 0 0 0 0 0 0 0 
1496 10 0 0 0 0 0 0 0 0 0 0 0 
1497 10 0 0 0 0 0 0 0 0 0 0 0 
1498 10 0 0 0 0 0 0 0 0 0 0 0 
1499 10 0 0 0 0 0 0 0 0 0 0 0 
1500 10 0 0 0 0 0 0 0 0 0 0 0 
1501 10 0 0 0 0 0 0 0 0 0 0 0 
1502 10 0 0 0 0 0 0 0 0 0 0 0 
1503 10 0 0 0 0 0 0 0 0 0 0 0 
1504 10 0 0 0 0 0 0 0 0 0 0 0 
1505 10 0 0 0 0 0 0 0 0 0 0 0 
1506 10 0 0 0 0 0 0 0 0 0 0 0 
1507 10 0 0 0 0 0 0 0 0 0 0 0 
1508 10 0 0 0 0 0 0 0 0 0 0 0 
1509 10 0 0 0 0 0 0 0 0 0 0 0 
1510 10 0 0 0 0 0 0 0 0 0 0 0 
1511 10 0 0 0 0 0 0 0 0 0 0 0 
1512 10 0 0 0 0 0 0 0 0 0 0 0 
1513 10 0 0 0 0 0 0 0 0 0 0 0 
1514 10 0 0 0 0 0 0 0 0 0 0 0 
1515 10 0 0 0 0 0 0 0 0 0 0 0 
1516 10 0 0 0 0 0 0 0 0 0 0 0 
1517 10 0 0 0 0 0 0 0 0 0 0 0 
1518 10 0 0 0 0 0 0 0 0 0 0 0 
1519 10 0 0 0 0 0 0 0 0 0 0 0 
1520 10 0 0 0 0 0 0 0 0 0 0 0 
1521 10 0 0 0 0 0 0 0 0 0 0 0 
1522 10 0 0 0 0 0 0 0 0 0 0 0 
1523 10 0 0 0 0 0 0 0 0 0 0 0 
1524 10 0 0 0 0 0 0 0 0 0 0 0 
1525 10 0 0 0 0 0 0 0 0 0 0 0 
1526 10 0 0 0 0 0 0 0 0 0 0 0 
1527 10 0 0 0 0 0 0 0 0 0 0 0 
1528 10 0 0 0 0 0 0 0 0 0 0 0 
1529 10 0 0 0 0 0 0 0 0 0 0 0 
1530 10 0 0 0 0 0 0 0 0 0 0 0 
1531 10 0 0 0 0 0 0 0 0 0 0 0 
1532 10 0 0 0 0 0 0 0 0 0 0 0 
1533 10 0 0 0 0 0 0 0 0 0 0 0 
1534 10 0 0 0 0 0 0 0 0 0 0 0 
1535 10 0 0 0 0 0 0 0 0 0 0 0 
1536 10 0 0 0 0 0 0 0 0 0 0 0 
1537 10 0 0 0 0 0 0 0 0 0 0 0 
1538 10 0 0 0 0 0 0 0 0 0 0 0 
1539 10 0 0 0 0 0 0 0 0 0 0 0 
1540 10 0 0 0 0 0 0 0 0 0 0 0 
1541 10 0 0 0 0 0 0 0 0 0 0 0 
1542 10 0 0 0 0 0 0 0 0 0 0 0 
1543 10 0 0 0 0 0 0 0 0 0 0 0 
1544 10 0 0 0 0 0 0 0 0 0 0 0 
1545 10 0 0 0 0 0 0 0 0 0 0 0 
1546 10 0 0 0 0 0 0 0 0 0 0 0 
1547 10 0 0 0 0 0 0 0 0 0 0 0 
1548 10 0 0 0 0 0 0 0 0 0 0 0 
1549 10 0 0 0 0 0 0 0 0 0 0 0 
1550 10 0 0 0 0 0 0 0 0 0 0 0 
1551 10 0 0 0 0 0 0 0 0 0 0 0 
1552 10 0 0 0 0 0 0 0 0 0 0 0 
1553 10 0 0 0 0 0 0 0 0 0 0 0 
1554 10 0 0 0 0 0 0 0 0 0 0 0 
1555 10 0 0 0 0 0 0 0 0 0 0 0 
1556 10 0 0 0 0 0 0 0 0 0 0 0 
1557 10 0 0 0 0 0 0 0 0 0 0 0 
1558 10 0 0 0 0 0 0 0 0 0 0 0 
1559 10 0 0 0 0 0 0 0 0 0 0 0 
1560 10 0 0 0 0 0 0 0 0 0 0 0 
1561 10 0 0 0 0 0 0 0 0 0 0 0 
1562 10 0 0 0 0 0 0 0 0 0 0 0 
1563 10 0 0 0 0 0 0 0 0 0 0 0 
1564 10 0 0 0 0 0 0 0 0 0 0 0 
1565 10 0 0 0 0 0 0 0 0 0 0 0 
1566 10 0 0 0 0 0 0 0 0 0 0 0 
1567 10 0 0 0 0 0 0 0 0 0 0 0 
1568 10 0 0 0 0 0 0 0 0 0 0 0 
1569 10 0 0 0 0 0 0 0 0 0 0 0 
1570 10 0 0 0 0 0 0 0 0 0 0 0 
1571 10 0 0 0 0 0 0 0 0 0 0 0 
1572 10 0 0 0 0 0 0 0 0 0 0 0 
1573 10 0 0 0 0 0 0 0 0 0 0 0 
1574 10 0 0 0 0 0 0 0 0 0 0 0 
1575 10 0 0 0 0 0 0 0 0 0 0 0 
1576 10 0 0 0 0 0 0 0 0 0 0 0 
1577 10 0 0 0 0 0 0 0 0 0 0 0 
1578 10 0 0 0 0 0 0 0 0 0 0 0 
1579 10 0 0 0 0 0 0 0 0 0 0 0 
1580 10 0 0 0 0 0 0 0 0 0 0 0 
1581 10 0 0 0 0 0 0 0 0 0 0 0 
1582 10 0 0 0 0 0 0 0 0 0 0 0 
1583 10 0 0 0 0 0 0 0 0 0 0 0 
1584 10 0 0 0 0 0 0 0 0 0 0 0 
1585 10 0 0 0 0 0 0 0 0 0 0 0 
1586 10 0 0 0 0 0 0 0 0 0 0 0 
1587 10 0 0 0 0 0 0 0 0 0 0 0 
1588 10 0 0 0 0 0 0 0 0 0 0 0 
1589 10 0 0 0 0 0 0 0 0 0 0 0 
1590 10 0 0 0 0 0 0 0 0 0 0 0 
1591 10 0 0 0 0 0 0 0 0 0 0 0 
1592 10 0 0 0 0 0 0 0 0 0 0 0 
1593 10 0 0 0 0 0 0 0 0 0 0 0 
1594 10 0 0 0 0 0 0 0 0 0 0 0 
1595 10 0 0 0 0 0 0 0 0 0 0 0 
1596 10 0 0 0 0 0 0 0 0 0 0 0 
1597 10 0 0 0 0 0 0 0 0 0 0 0 
1598 10 0 0 0 0 0 0 0 0 0 0 0 
1599 10 0 0 0 0 0 0 0 0 0 0 0 
1600 10 0 0 0 0 0 0 0 0 0 0 0 
1601 10 0 0 0 0 0 0 0 0 0 0 0 
1602 10 0 0 0 0 0 0 0 0 0 0 0 
1603 10 0 0 0 0 0 0 0 0 0 0 0 
1604 10 0 0 0 0 0 0 0 0 0 0 0 
1605 10 0 0 0 0 0 0 0 0 0 0 0 
1606 10 0 0 0 0 0 0 0 0 0 0 0 
1607 10 0 0 0 0 0 0 0 0 0 0 0 
1608 10 0 0 0 0 0 0 0 0 0 0 0 
1609 10 0 0 0 0 0 0 0 0 0 0 0 
1610 10 0 0 0 0 0 0 0 0 0 0 0 
1611 10 0 0 0 0 0 0 0 0 0 0 0 
1612 10 0 0 0 0 0 0 0 0 0 0 0 
1613 10 0 0 0 0 0 0 0 0 0 0 0 
1614 10 0 0 0 0 0 0 0 0 0 0 0 
1615 10 0 0 0 0 0 0 0 0 0 0 0 
1616 10 0 0 0 0 0 0 0 0 0 0 0 
1617 10 0 0 0 0 0 0 0 0 0 0 0 
1618 10 0 0 0 0 0 0 0 0 0 0 0 
1619 10 0 0 0 0 0 0 0 0 0 0 0 
1620 10 0 0 0 0 0 0 0 0 0 0 0 
1621 10 0 0 0 0 0 0 0 0 0 0 0 
1622 10 0 0 0 0 0 0 0 0 0 0 0 
1623 10 0 0 0 0 0 0 0 0 0 0 0 
1624 10 0 0 0 0 0 0 0 0 0 0 0 
1625 10 0 0 0 0 0 0 0 0 0 0 0 
1626 10 0 0 0 0 0 0 0 0 0 0 0 
1627 10 0 0 0 0 0 0 0 0 0 0 0 
1628 10 0 0 0 0 0 0 0 0 0 0 0 
1629 10 0 0 0 0 0 0 0 0 0 0 0 
1630 10 0 0 0 0 0 0 0 0 0 0 0 
1631 10 0 0 0 0 0 0 0 0 0 0 0 
1632 10 0 0 0 0 0 0 0 0 0 0 0 
1633 10 43 0 0 0 0 0 0 0 0 0 0 
1634 10 44 0 0 0 0 0 0 0 0 0 0 
1635 10 45 0 0 0 0 0 0 0 0 0 0 
1636 10 46 0 0 0 0 0 0 0 0 0 0 
1637 10 47 0 0 0 0 0 0 0 0 0 0 
1638 10 48 0 0 0 0 0 0 0 0 0 0 
1639 10 0 0 0 0 0 0 0 0 0 0 0 
1640 10 0 0 0 0 0 0 0 0 0 0 0 
1641 10 0 0 0 0 0 0 0 0 0 0 0 
1642 10 0 0 0 0 0 0 0 0 0 0 0 
1643 10 0 0 0 0 0 0 0 0 0 0 0 
1644 10 0 0 0 0 0 0 0 0 0 0 0 
1645 10 51 0 0 0 0 0 0 0 0 0 0 
1646 10 52 0 0 0 0 0 0 0 0 0 0 
1647 10 53 0 0 0 0 0 0 0 0 0 0 
1648 10 54 0 0 0 0 0 0 0 0 0 0 
1649 10 55 0 0 0 0 0 0 0 0 0 0 
1650 10 56 0 0 0 0 0 0 0 0 0 0 
1651 10 0 0 0 0 0 0 0 0 0 0 0 
1652 10 0 0 0 0 0 0 0 0 0 0 0 
1653 10 0 0 0 0 0 0 0 0 0 0 0 
1654 10 0 0 0 0 0 0 0 0 0 0 0 
1655 10 0 0 0 0 0 0 0 0 0 0 0 
1656 10 0 0 0 0 0 0 0 0 0 0 0 
1657 10 0 0 0 0 0 0 0 0 0 0 0 
1658 10 0 0 0 0 0 0 0 0 0 0 0 
1659 10 0 0 0 0 0 0 0 0 0 0 0 
1660 10 0 0 0 0 0 0 0 0 0 0 0 
1661 10 60 0 0 0 0 0 0 0 0 0 0 
1662 10 61 0 0 0 0 0 0 0 0 0 0 
1663 10 0 0 0 0 0 0 0 0 0 0 0 
1664 10 0 0 0 0 0 0 0 0 0 0 0 
1665 10 0 0 0 0 0 0 0 0 0 0 0 
1666 10 0 0 0 0 0 0 0 0 0 0 0 
1667 10 0 0 0 0 0 0 0 0 0 0 0 
1668 10 0 0 0 0 0 0 0 0 0 0 0 
1669 10 0 0 0 0 0 0 0 0 0 0 0 
1670 10 0 0 0 0 0 0 0 0 0 0 0 
1671 10 0 0 0 0 0 0 0 0 0 0 0 
1672 10 0 0 0 0 0 0 0 0 0 0 0 
1673 10 0 0 0 0 0 0 0 0 0 0 0 
1674 10 0 0 0 0 0 0 0 0 0 0 0 
1675 10 0 0 0 0 0 0 0 0 0 0 0 
1676 10 0 0 0 0 0 0 0 0 0 0 0 
1677 10 0 0 0 0 0 0 0 0 0 0 0 
1678 10 0 0 0 0 0 0 0 0 0 0 0 
1679 10 0 0 0 0 0 0 0 0 0 0 0 
1680 10 0 0 0 0 0 0 0 0 0 0 0 
1681 10 0 0 0 0 0 0 0 0 0 0 0 
1682 10 0 0 0 0 0 0 0 0 0 0 0 
1683 10 0 0 0 0 0 0 0 0 0 0 0 
1684 10 0 0 0 0 0 0 0 0 0 0 0 
1685 10 0 0 0 0 0 0 0 0 0 0 0 
1686 10 0 0 0 0 0 0 0 0 0 0 0 
1687 10 0 0 0 0 0 0 0 0 0 0 0 
1688 10 0 0 0 0 0 0 0 0 0 0 0 
1689 10 0 0 0 0 0 0 0 0 0 0 0 
1690 10 0 0 0 0 0 0 0 0 0 0 0 
1691 10 0 0 0 0 0 0 0 0 0 0 0 
1692 10 0 0 0 0 0 0 0 0 0 0 0 
1693 10 0 0 0 0 0 0 0 0 0 0 0 
1694 10 0 0 0 0 0 0 0 0 0 0 0 
1695 10 0 0 0 0 0 0 0 0 0 0 0 
1696 10 0 0 0 0 0 0 0 0 0 0 0 
1697 10 0 0 0 0 0 0 0 0 0 0 0 
1698 10 0 0 0 0 0 0 0 0 0 0 0 
1699 10 64 0 0 0 0 0 0 0 0 0 0 
1700 10 65 0 0 0 0 0 0 0 0 0 0 
1701 10 0 0 0 0 0 0 0 0 0 0 0 
1702 10 0 0 0 0 0 0 0 0 0 0 0 
1703 10 67 0 0 0 0 0 0 0 0 0 0 
1704 10 68 0 0 0 0 0 0 0 0 0 0 
1705 10 0 0 0 0 0 0 0 0 0 0 0 
1706 10 0 0 0 0 0 0 0 0 0 0 0 
1707 10 0 0 0 0 0 0 0 0 0 0 0 
1708 10 0 0 0 0 0 0 0 0 0 0 0 
1709 10 71 0 0 0 0 0 0 0 0 0 0 
1710 10 72 0 0 0 0 0 0 0 0 0 0 
1711 10 0 0 0 0 0 0 0 0 0 0 0 
1712 10 0 0 0 0 0 0 0 0 0 0 0 
1713 10 0 0 0 0 0 0 0 0 0 0 0 
1714 10 0 0 0 0 0 0 0 0 0 0 0 
1715 10 0 0 0 0 0 0 0 0 0 0 0 
1716 10 0 0 0 0 0 0 0 0 0 0 0 
1717 10 0 0 0 0 0 0 0 0 0 0 0 
1718 10 0 0 0 0 0 0 0 0 0 0 0 
1719 10 0 0 0 0 0 0 0 0 0 0 0 
1720 10 0 0 0 0 0 0 0 0 0 0 0 
1721 10 0 0 0 0 0 0 0 0 0 0 0 
1722 10 0 0 0 0 0 0 0 0 0 0 0 
1723 10 0 0 0 0 0 0 0 0 0 0 0 
1724 10 0 0 0 0 0 0 0 0 0 0 0 
1725 10 0 0 0 0 0 0 0 0 0 0 0 
1726 10 0 0 0 0 0 0 0 0 0 0 0 
1727 10 0 0 0 0 0 0 0 0 0 0 0 
1728 10 0 0 0 0 0 0 0 0 0 0 0 
1729 10 0 0 0 0 0 0 0 0 0 0 0 
1730 10 0 0 0 0 0 0 0 0 0 0 0 
1731 10 0 0 0 0 0 0 0 0 0 0 0 
1732 10 0 0 0 0 0 0 0 0 0 0 0 
1733 10 0 0 0 0 0 0 0 0 0 0 0 
1734 10 0 0 0 0 0 0 0 0 0 0 0 
1735 10 0 0 0 0 0 0 0 0 0 0 0 
1736 10 0 0 0 0 0 0 0 0 0 0 0 
1737 10 0 0 0 0 0 0 0 0 0 0 0 
1738 10 0 0 0 0 0 0 0 0 0 0 0 
1739 10 0 0 0 0 0 0 0 0 0 0 0 
1740 10 0 0 0 0 0 0 0 0 0 0 0 
1741 10 77 0 0 0 0 0 0 0 0 0 0 
1742 10 78 0 0 0 0 0 0 0 0 0 0 
1743 10 0 0 0 0 0 0 0 0 0 0 0 
1744 10 0 0 0 0 0 0 0 0 0 0 0 
1745 10 0 0 0 0 0 0 0 0 0 0 0 
1746 10 0 0 0 0 0 0 0 0 0 0 0 
1747 10 0 0 0 0 0 0 0 0 0 0 0 
1748 10 0 0 0 0 0 0 0 0 0 0 0 
1749 10 0 0 0 0 0 0 0 0 0 0 0 
1750 10 0 0 0 0 0 0 0 0 0 0 0 
1751 10 0 0 0 0 0 0 0 0 0 0 0 
1752 10 0 0 0 0 0 0 0 0 0 0 0 
1753 10 0 0 0 0 0 0 0 0 0 0 0 
1754 10 0 0 0 0 0 0 0 0 0 0 0 
1755 10 0 0 0 0 0 0 0 0 0 0 0 
1756 10 0 0 0 0 0 0 0 0 0 0 0 
1757 10 0 0 0 0 0 0 0 0 0 0 0 
1758 10 0 0 0 0 0 0 0 0 0 0 0 
1759 10 0 0 0 0 0 0 0 0 0 0 0 
1760 10 0 0 0 0 0 0 0 0 0 0 0 
1761 10 0 0 0 0 0 0 0 0 0 0 0 
1762 10 0 0 0 0 0 0 0 0 0 0 0 
1763 10 0 0 0 0 0 0 0 0 0 0 0 
1764 10 0 0 0 0 0 0 0 0 0 0 0 
1765 10 0 0 0 0 0 0 0 0 0 0 0 
1766 10 0 0 0 0 0 0 0 0 0 0 0 
1767 10 0 0 0 0 0 0 0 0 0 0 0 
1768 10 0 0 0 0 0 0 0 0 0 0 0 
1769 10 0 0 0 0 0 0 0 0 0 0 0 
1770 10 0 0 0 0 0 0 0 0 0 0 0 
1771 10 0 0 0 0 0 0 0 0 0 0 0 
1772 10 0 0 0 0 0 0 0 0 0 0 0 
1773 10 0 0 0 0 0 0 0 0 0 0 0 
1774 10 0 0 0 0 0 0 0 0 0 0 0 
1775 10 0 0 0 0 0 0 0 0 0 0 0 
1776 10 0 0 0 0 0 0 0 0 0 0 0 
1777 10 0 0 0 0 0 0 0 0 0 0 0 
1778 10 0 0 0 0 0 0 0 0 0 0 0 
1779 10 0 0 0 0 0 0 0 0 0 0 0 
1780 10 0 0 0 0 0 0 0 0 0 0 0 
1781 10 0 0 0 0 0 0 0 0 0 0 0 
1782 10 0 0 0 0 0 0 0 0 0 0 0 
1783 10 0 0 0 0 0 0 0 0 0 0 0 
1784 10 0 0 0 0 0 0 0 0 0 0 0 
1785 10 0 0 0 0 0 0 0 0 0 0 0 
1786 10 0 0 0 0 0 0 0 0 0 0 0 
1787 10 0 0 0 0 0 0 0 0 0 0 0 
1788 10 0 0 0 0 0 0 0 0 0 0 0 
1789 10 85 0 0 0 0 0 0 0 0 0 0 
1790 10 86 0 0 0 0 0 0 0 0 0 0 
1791 10 0 0 0 0 0 0 0 0 0 0 0 
1792 10 0 0 0 0 0 0 0 0 0 0 0 
1793 10 0 0 0 0 0 0 0 0 0 0 0 
1794 10 0 0 0 0 0 0 0 0 0 0 0 
1795 10 0 0 0 0 0 0 0 0 0 0 0 
1796 10 0 0 0 0 0 0 0 0 0 0 0 
1797 10 0 0 0 0 0 0 0 0 0 0 0 
1798 10 0 0 0 0 0 0 0 0 0 0 0 
1799 10 0 0 0 0 0 0 0 0 0 0 0 
1800 10 0 0 0 0 0 0 0 0 0 0 0 
1801 10 0 0 0 0 0 0 0 0 0 0 0 
1802 10 0 0 0 0 0 0 0 0 0 0 0 
1803 10 0 0 0 0 0 0 0 0 0 0 0 
1804 10 0 0 0 0 0 0 0 0 0 0 0 
1805 10 0 0 0 0 0 0 0 0 0 0 0 
1806 10 0 0 0 0 0 0 0 0 0 0 0 
1807 10 0 0 0 0 0 0 0 0 0 0 0 
1808 10 0 0 0 0 0 0 0 0 0 0 0 
1809 10 0 0 0 0 0 0 0 0 0 0 0 
1810 10 0 0 0 0 0 0 0 0 0 0 0 
1811 10 0 0 0 0 0 0 0 0 0 0 0 
1812 10 0 0 0 0 0 0 0 0 0 0 0 
1813 10 0 0 0 0 0 0 0 0 0 0 0 
1814 10 0 0 0 0 0 0 0 0 0 0 0 
1815 10 0 0 0 0 0 0 0 0 0 0 0 
1816 10 0 0 0 0 0 0 0 0 0 0 0 
1817 10 0 0 0 0 0 0 0 0 0 0 0 
1818 10 0 0 0 0 0 0 0 0 0 0 0 
1819 10 0 0 0 0 0 0 0 0 0 0 0 
1820 10 0 0 0 0 0 0 0 0 0 0 0 
1821 10 0 0 0 0 0 0 0 0 0 0 0 
1822 10 0 0 0 0 0 0 0 0 0 0 0 
1823 10 0 0 0 0 0 0 0 0 0 0 0 
1824 10 0 0 0 0 0 0 0 0 0 0 0 
1825 10 0 0 0 0 0 0 0 0 0 0 0 
1826 10 0 0 0 0 0 0 0 0 0 0 0 
1827 10 0 0 0 0 0 0 0 0 0 0 0 
1828 10 0 0 0 0 0 0 0 0 0 0 0 
1829 10 0 0 0 0 0 0 0 0 0 0 0 
1830 10 0 0 0 0 0 0 0 0 0 0 0 
1831 10 0 0 0 0 0 0 0 0 0 0 0 
1832 10 0 0 0 0 0 0 0 0 0 0 0 
1833 10 0 0 0 0 0 0 0 0 0 0 0 
1834 10 0 0 0 0 0 0 0 0 0 0 0 
1835 10 0 0 0 0 0 0 0 0 0 0 0 
1836 10 0 0 0 0 0 0 0 0 0 0 0 
1837 10 0 0 0 0 0 0 0 0 0 0 0 
1838 10 0 0 0 0 0 0 0 0 0 0 0 
1839 10 0 0 0 0 0 0 0 0 0 0 0 
1840 10 0 0 0 0 0 0 0 0 0 0 0 
1841 10 0 0 0 0 0 0 0 0 0 0 0 
1842 10 0 0 0 0 0 0 0 0 0 0 0 
1843 10 0 0 0 0 0 0 0 0 0 0 0 
1844 10 0 0 0 0 0 0 0 0 0 0 0 
1845 10 0 0 0 0 0 0 0 0 0 0 0 
1846 10 0 0 0 0 0 0 0 0 0 0 0 
1847 10 0 0 0 0 0 0 0 0 0 0 0 
1848 10 0 0 0 0 0 0 0 0 0 0 0 
1849 10 0 0 0 0 0 0 0 0 0 0 0 
1850 10 0 0 0 0 0 0 0 0 0 0 0 
1851 10 0 0 0 0 0 0 0 0 0 0 0 
1852 10 0 0 0 0 0 0 0 0 0 0 0 
1853 10 0 0 0 0 0 0 0 0 0 0 0 
1854 10 0 0 0 0 0 0 0 0 0 0 0 
1855 10 0 0 0 0 0 0 0 0 0 0 0 
1856 10 0 0 0 0 0 0 0 0 0 0 0 
1857 10 0 0 0 0 0 0 0 0 0 0 0 
1858 10 0 0 0 0 0 0 0 0 0 0 0 
1859 10 0 0 0 0 0 0 0 0 0 0 0 
1860 10 0 0 0 0 0 0 0 0 0 0 0 
1861 10 0 0 0 0 0 0 0 0 0 0 0 
1862 10 0 0 0 0 0 0 0 0 0 0 0 
1863 10 0 0 0 0 0 0 0 0 0 0 0 
1864 10 0 0 0 0 0 0 0 0 0 0 0 
1865 10 0 0 0 0 0 0 0 0 0 0 0 
1866 10 0 0 0 0 0 0 0 0 0 0 0 
1867 10 0 0 0 0 0 0 0 0 0 0 0 
1868 10 0 0 0 0 0 0 0 0 0 0 0 
1869 10 0 0 0 0 0 0 0 0 0 0 0 
1870 10 0 0 0 0 0 0 0 0 0 0 0 
1871 10 0 0 0 0 0 0 0 0 0 0 0 
1872 10 0 0 0 0 0 0 0 0 0 0 0 
1873 10 0 0 0 0 0 0 0 0 0 0 0 
1874 10 0 0 0 0 0 0 0 0 0 0 0 
1875 10 0 0 0 0 0 0 0 0 0 0 0 
1876 10 0 0 0 0 0 0 0 0 0 0 0 
1877 10 0 0 0 0 0 0 0 0 0 0 0 
1878 10 0 0 0 0 0 0 0 0 0 0 0 
1879 10 0 0 0 0 0 0 0 0 0 0 0 
1880 10 0 0 0 0 0 0 0 0 0 0 0 
1881 10 0 0 0 0 0 0 0 0 0 0 0 
1882 10 0 0 0 0 0 0 0 0 0 0 0 
1883 10 0 0 0 0 0 0 0 0 0 0 0 
1884 10 0 0 0 0 0 0 0 0 0 0 0 
1885 10 0 0 0 0 0 0 0 0 0 0 0 
1886 10 0 0 0 0 0 0 0 0 0 0 0 
1887 10 0 0 0 0 0 0 0 0 0 0 0 
1888 10 0 0 0 0 0 0 0 0 0 0 0 
1889 10 0 0 0 0 0 0 0 0 0 0 0 
1890 10 0 0 0 0 0 0 0 0 0 0 0 
1891 10 0 0 0 0 0 0 0 0 0 0 0 
1892 10 0 0 0 0 0 0 0 0 0 0 0 
1893 10 0 0 0 0 0 0 0 0 0 0 0 
1894 10 0 0 0 0 0 0 0 0 0 0 0 
1895 10 0 0 0 0 0 0 0 0 0 0 0 
1896 10 0 0 0 0 0 0 0 0 0 0 0 
1897 10 0 0 0 0 0 0 0 0 0 0 0 
1898 10 0 0 0 0 0 0 0 0 0 0 0 
1899 10 0 0 0 0 0 0 0 0 0 0 0 
1900 10 0 0 0 0 0 0 0 0 0 0 0 
1901 10 0 0 0 0 0 0 0 0 0 0 0 
1902 10 0 0 0 0 0 0 0 0 0 0 0 
1903 10 0 0 0 0 0 0 0 0 0 0 0 
1904 10 0 0 0 0 0 0 0 0 0 0 0 
1905 10 0 0 0 0 0 0 0 0 0 0 0 
1906 10 0 0 0 0 0 0 0 0 0 0 0 
1907 10 0 0 0 0 0 0 0 0 0 0 0 
1908 10 0 0 0 0 0 0 0 0 0 0 0 
1909 10 0 0 0 0 0 0 0 0 0 0 0 
1910 10 0 0 0 0 0 0 0 0 0 0 0 
1911 10 0 0 0 0 0 0 0 0 0 0 0 
1912 10 0 0 0 0 0 0 0 0 0 0 0 
1913 10 0 0 0 0 0 0 0 0 0 0 0 
1914 10 0 0 0 0 0 0 0 0 0 0 0 
1915 10 0 0 0 0 0 0 0 0 0 0 0 
1916 10 0 0 0 0 0 0 0 0 0 0 0 
1917 10 0 0 0 0 0 0 0 0 0 0 0 
1918 10 0 0 0 0 0 0 0 0 0 0 0 
1919 10 0 0 0 0 0 0 0 0 0 0 0 
1920 10 0 0 0 0 0 0 0 0 0 0 0 
1921 10 0 0 0 0 0 0 0 0 0 0 0 
1922 10 0 0 0 0 0 0 0 0 0 0 0 
1923 10 0 0 0 0 0 0 0 0 0 0 0 
1924 10 0 0 0 0 0 0 0 0 0 0 0 
1925 10 0 0 0 0 0 0 0 0 0 0 0 
1926 10 0 0 0 0 0 0 0 0 0 0 0 
1927 10 0 0 0 0 0 0 0 0 0 0 0 
1928 10 0 0 0 0 0 0 0 0 0 0 0 
1929 10 0 0 0 0 0 0 0 0 0 0 0 
1930 10 0 0 0 0 0 0 0 0 0 0 0 
1931 10 0 0 0 0 0 0 0 0 0 0 0 
1932 10 0 0 0 0 0 0 0 0 0 0 0 
1933 10 0 0 0 0 0 0 0 0 0 0 0 
1934 10 0 0 0 0 0 0 0 0 0 0 0 
1935 10 0 0 0 0 0 0 0 0 0 0 0 
1936 10 0 0 0 0 0 0 0 0 0 0 0 
1937 10 0 0 0 0 0 0 0 0 0 0 0 
1938 10 0 0 0 0 0 0 0 0 0 0 0 
1939 10 0 0 0 0 0 0 0 0 0 0 0 
1940 10 0 0 0 0 0 0 0 0 0 0 0 
1941 10 0 0 0 0 0 0 0 0 0 0 0 
1942 10 0 0 0 0 0 0 0 0 0 0 0 
1943 10 0 0 0 0 0 0 0 0 0 0 0 
1944 10 0 0 0 0 0 0 0 0 0 0 0 
1945 10 0 0 0 0 0 0 0 0 0 0 0 
1946 10 0 0 0 0 0 0 0 0 0 0 0 
1947 10 0 0 0 0 0 0 0 0 0 0 0 
1948 10 0 0 0 0 0 0 0 0 0 0 0 
1949 10 0 0 0 0 0 0 0 0 0 0 0 
1950 10 0 0 0 0 0 0 0 0 0 0 0 
1951 10 0 0 0 0 0 0 0 0 0 0 0 
1952 10 0 0 0 0 0 0 0 0 0 0 0 
1953 10 0 0 0 0 0 0 0 0 0 0 0 
1954 10 0 0 0 0 0 0 0 0 0 0 0 
1955 10 0 0 0 0 0 0 0 0 0 0 0 
1956 10 0 0 0 0 0 0 0 0 0 0 0 
1957 10 0 0 0 0 0 0 0 0 0 0 0 
1958 10 0 0 0 0 0 0 0 0 0 0 0 
1959 10 0 0 0 0 0 0 0 0 0 0 0 
1960 10 0 0 0 0 0 0 0 0 0 0 0 
1961 10 0 0 0 0 0 0 0 0 0 0 0 
1962 10 0 0 0 0 0 0 0 0 0 0 0 
1963 10 0 0 0 0 0 0 0 0 0 0 0 
1964 10 0 0 0 0 0 0 0 0 0 0 0 
1965 10 0 0 0 0 0 0 0 0 0 0 0 
1966 10 0 0 0 0 0 0 0 0 0 0 0 
1967 10 0 0 0 0 0 0 0 0 0 0 0 
1968 10 0 0 0 0 0 0 0 0 0 0 0 
1969 10 0 0 0 0 0 0 0 0 0 0 0 
1970 10 0 0 0 0 0 0 0 0 0 0 0 
1971 10 0 0 0 0 0 0 0 0 0 0 0 
1972 10 0 0 0 0 0 0 0 0 0 0 0 
1973 10 0 0 0 0 0 0 0 0 0 0 0 
1974 10 0 0 0 0 0 0 0 0 0 0 0 
1975 10 0 0 0 0 0 0 0 0 0 0 0 
1976 10 0 0 0 0 0 0 0 0 0 0 0 
1977 10 0 0 0 0 0 0 0 0 0 0 0 
1978 10 0 0 0 0 0 0 0 0 0 0 0 
1979 10 0 0 0 0 0 0 0 0 0 0 0 
1980 10 0 0 0 0 0 0 0 0 0 0 0 
1981 10 0 0 0 0 0 0 0 0 0 0 0 
1982 10 0 0 0 0 0 0 0 0 0 0 0 
1983 10 0 0 0 0 0 0 0 0 0 0 0 
1984 10 0 0 0 0 0 0 0 0 0 0 0 
1985 10 0 0 0 0 0 0 0 0 0 0 0 
1986 10 0 0 0 0 0 0 0 0 0 0 0 
1987 10 0 0 0 0 0 0 0 0 0 0 0 
1988 10 0 0 0 0 0 0 0 0 0 0 0 
1989 10 0 0 0 0 0 0 0 0 0 0 0 
1990 10 0 0 0 0 0 0 0 0 0 0 0 
1991 10 0 0 0 0 0 0 0 0 0 0 0 
1992 10 0 0 0 0 0 0 0 0 0 0 0 
1993 10 0 0 0 0 0 0 0 0 0 0 0 
1994 10 0 0 0 0 0 0 0 0 0 0 0 
1995 10 0 0 0 0 0 0 0 0 0 0 0 
1996 10 0 0 0 0 0 0 0 0 0 0 0 
1997 10 0 0 0 0 0 0 0 0 0 0 0 
1998 10 0 0 0 0 0 0 0 0 0 0 0 
1999 10 0 0 0 0 0 0 0 0 0 0 0 
2000 10 0 0 0 0 0 0 0 0 0 0 0 
2001 10 0 0 0 0 0 0 0 0 0 0 0 
2002 10 0 0 0 0 0 0 0 0 0 0 0 
2003 10 0 0 0 0 0 0 0 0 0 0 0 
2004 10 0 0 0 0 0 0 0 0 0 0 0 
2005 10 0 0 0 0 0 0 0 0 0 0 0 
2006 10 0 0 0 0 0 0 0 0 0 0 0 
2007 10 0 0 0 0 0 0 0 0 0 0 0 
2008 10 0 0 0 0 0 0 0 0 0 0 0 
2009 10 0 0 0 0 0 0 0 0 0 0 0 
2010 10 0 0 0 0 0 0 0 0 0 0 0 
2011 10 0 0 0 0 0 0 0 0 0 0 0 
2012 10 0 0 0 0 0 0 0 0 0 0 0 
2013 10 0 0 0 0 0 0 0 0 0 0 0 
2014 10 0 0 0 0 0 0 0 0 0 0 0 
2015 10 0 0 0 0 0 0 0 0 0 0 0 
2016 10 0 0 0 0 0 0 0 0 0 0 0 
2017 10 0 0 0 0 0 0 0 0 0 0 0 
2018 10 0 0 0 0 0 0 0 0 0 0 0 
2019 10 0 0 0 0 0 0 0 0 0 0 0 
2020 10 0 0 0 0 0 0 0 0 0 0 0 
2021 10 0 0 0 0 0 0 0 0 0 0 0 
2022 10 0 0 0 0 0 0 0 0 0 0 0 
2023 10 0 0 0 0 0 0 0 0 0 0 0 
2024 10 0 0 0 0 0 0 0 0 0 0 0 
2025 10 0 0 0 0 0 0 0 0 0 0 0 
2026 10 0 0 0 0 0 0 0 0 0 0 0 
2027 10 0 0 0 0 0 0 0 0 0 0 0 
2028 10 0 0 0 0 0 0 0 0 0 0 0 
2029 10 0 0 0 0 0 0 0 0 0 0 0 
2030 10 0 0 0 0 0 0 0 0 0 0 0 
2031 10 0 0 0 0 0 0 0 0 0 0 0 
2032 10 0 0 0 0 0 0 0 0 0 0 0 
2033 10 0 0 0 0 0 0 0 0 0 0 0 
2034 10 0 0 0 0 0 0 0 0 0 0 0 
2035 10 0 0 0 0 0 0 0 0 0 0 0 
2036 10 0 0 0 0 0 0 0 0 0 0 0 
2037 10 0 0 0 0 0 0 0 0 0 0 0 
2038 10 0 0 0 0 0 0 0 0 0 0 0 
2039 10 0 0 0 0 0 0 0 0 0 0 0 
2040 10 0 0 0 0 0 0 0 0 0 0 0 
2041 10 0 0 0 0 0 0 0 0 0 0 0 
2042 10 0 0 0 0 0 0 0 0 0 0 0 
2043 10 0 0 0 0 0 0 0 0 0 0 0 
2044 10 0 0 0 0 0 0 0 0 0 0 0 
2045 10 0 0 0 0 0 0 0 0 0 0 0 
2046 10 0 0 0 0 0 0 0 0 0 0 0 

0 6 2 1 koaramarch 0.0554839 1 -14 -51 216 4 pakuncho 0.228967 5 14 -36 300 12 -37 300 16 -16 312 -33 14 228 -28 3 240 
1 6 2 1 koaramarch 0.786585 6 19 -52 156 25 -38 144 25 -16 144 7 -26 156 -16 -36 300 -26 29 252 4 pakuncho 0.908943 13 29 11 120 13 -29 312 9 -43 312 20 -6 132 -35 -17 228 -23 -48 228 6 -51 312 -19 -21 288 -18 -6 168 -30 35 168 -21 -16 288 -31 -45 168 -34 -43 300 
2 6 2 1 koaramarch 0.973585 12 28 1 168 16 -45 264 16 -9 264 22 43 60 11 25 228 21 -20 60 19 39 0 19 13 216 15 45 300 13 28 12 -8 47 132 26 -34 168 4 pakuncho 0.908451 6 22 -23 132 32 43 36 17 -35 84 18 36 180 14 -25 228 17 -25 84 
3 6 3 0 pack 0.338583 1 13 48 312 1 koaramarch 0.866935 10 21 -3 216 14 -29 0 20 -2 324 27 -26 300 16 46 24 14 20 252 17 45 0 -1 47 0 8 45 0 7 47 252 4 pakuncho 0.982314 31 14 -43 300 -11 42 36 5 -32 264 11 19 300 24 39 132 18 -43 168 32 43 168 -19 43 36 25 -7 60 20 22 132 27 18 48 13 47 144 12 46 132 15 47 228 -1 44 264 5 48 240 4 46 312 6 49 228 12 45 168 13 45 60 26 3 228 -2 47 288 8 47 36 4 45 48 8 38 300 9 47 288 16 3 180 -16 -48 180 15 48 72 10 45 132 -20 50 144 
4 6 2 1 koaramarch 0.877551 3 14 0 228 15 20 228 27 12 168 4 pakuncho 0.811321 2 13 -19 228 6 -34 264 
5 6 1 1 koaramarch 0.826923 2 19 -19 216 16 -10 24 
6 6 2 1 koaramarch 0.843137 3 -16 24 120 -7 -47 156 -9 -23 144 4 pakuncho 0.977273 10 -4 -45 240 -8 42 48 20 -28 288 -15 2 36 -6 48 120 -8 46 168 23 36 120 -12 43 60 4 43 168 -16 44 228 
7 6 2 1 koaramarch 0.98977 9 -21 -27 60 -27 5 120 -29 48 228 -22 32 216 16 -27 132 -12 43 156 23 -31 216 -25 44 120 17 -25 72 4 pakuncho 0.68254 1 -26 44 144 
8 6 2 1 koaramarch 0.589041 3 -15 20 144 15 46 72 13 -35 24 4 pakuncho 0.483146 2 -15 -17 240 -6 43 168 
9 6 2 1 koaramarch 0.921429 6 17 18 120 -26 -4 156 18 22 120 -28 -35 324 -16 -15 144 -25 -10 24 4 pakuncho 0.960298 9 28 -21 48 17 0 84 -32 -20 228 23 29 132 -6 -45 36 -23 14 240 -21 6 36 35 -12 36 -19 38 240 
10 6 1 4 pakuncho 0.993837 15 29 -47 228 -26 12 240 -21 25 240 -26 -19 228 23 -37 120 -20 -2 36 -12 12 228 -30 2 228 -15 0 36 16 -10 144 -13 -9 228 20 -39 312 -14 -8 36 29 -44 36 26 -40 36 
11 6 1 5 painomi 0.615385 1 40 -3 312 
12 6 1 1 koaramarch 0.914894 1 25 -23 168 
13 6 2 1 koaramarch 0.96968 238 16 -2 108 11 22 252 7 -34 108 8 31 132 3 32 228 15 34 144 3 -44 228 15 16 156 16 6 156 22 13 0 3 20 72 11 -34 72 -4 -15 132 -6 43 132 13 -31 156 10 -43 72 7 -21 72 8 14 12 8 -47 24 7 40 12 10 5 132 -3 -25 132 11 8 132 9 -33 60 18 0 0 22 12 0 1 13 72 13 -44 60 -7 20 264 -6 -37 264 5 37 216 4 15 144 5 4 156 1 -50 24 0 40 12 8 -44 156 6 -10 144 8 -10 144 3 37 120 4 -3 216 5 -31 132 5 -21 324 13 -41 144 4 -7 24 0 -43 24 2 -48 132 5 -10 252 4 -49 24 -7 -49 12 -8 -16 228 2 -43 60 9 19 60 9 -11 300 -2 27 12 -6 -25 24 -5 -27 12 -5 -10 12 4 -32 252 -3 -27 0 8 9 24 8 37 108 8 -29 0 4 -26 0 7 2 72 6 -4 216 -12 -19 264 -1 40 264 -3 -16 156 0 5 144 7 -30 168 -2 31 264 -3 24 264 -14 -23 264 9 -47 144 8 21 156 -6 -19 168 -6 29 156 -6 30 252 -13 10 156 -4 -36 144 2 15 216 -9 -13 24 -2 21 144 1 -18 324 -1 -33 120 -7 1 24 -6 41 24 -2 7 156 3 -32 324 3 -24 216 2 -40 120 4 -9 0 -1 -19 0 -3 -12 324 2 -9 120 -8 -5 12 9 -18 0 -6 39 120 9 -15 0 -2 11 24 -3 -22 24 0 -48 60 4 35 156 8 19 168 -2 46 24 -25 18 132 1 19 156 -10 -1 324 -10 17 216 -8 -27 324 -13 25 264 7 -2 168 2 40 156 -13 -5 168 -14 -28 264 -9 0 168 -7 -34 24 -8 18 216 -12 25 156 -7 -4 144 -2 -33 156 -7 -45 252 -25 -10 252 -14 31 24 -16 -8 156 -27 19 228 -9 -26 12 -5 40 168 -10 15 228 -10 -46 24 -26 -44 228 -7 34 72 -11 7 324 -8 25 12 -4 2 0 -5 -19 168 -21 -4 132 -17 31 156 -11 21 24 -12 12 108 -13 20 108 -14 2 108 -14 1 108 -24 -42 0 -3 12 168 -1 2 168 -25 30 228 1 -37 168 -2 3 168 -15 -6 24 -13 -29 324 -19 -12 0 -12 35 108 -9 -10 156 -14 24 24 -10 -35 324 -15 29 24 -22 -13 0 2 9 108 -16 -7 228 -8 -38 324 -11 27 24 -13 9 324 -16 -30 0 -17 2 216 -3 39 108 -11 -23 60 -21 26 264 -16 -29 132 -15 -43 60 -12 -25 72 -14 19 300 -19 -40 120 -12 6 12 -23 -7 264 -28 -37 324 -10 -1 144 -20 -10 132 -22 3 12 -17 -32 228 -12 -19 72 -20 -33 228 -19 24 228 -17 45 228 -3 -51 108 -14 38 0 -11 -37 228 -15 -22 24 -7 30 0 -11 31 120 -9 -13 252 -21 -25 120 -10 27 252 -19 -45 132 -21 -38 252 -20 -42 120 -4 30 108 -15 0 0 -18 23 12 -17 28 72 -18 3 228 -20 -17 252 -13 21 72 -12 -47 132 -7 -42 60 -15 -19 72 -10 -48 144 -5 13 0 -10 -43 144 -12 -33 0 -11 0 0 -14 8 0 -15 -43 0 -9 12 60 -9 -39 0 -8 38 0 -22 41 24 -15 18 120 -16 5 72 -9 -49 60 -22 11 132 -29 37 264 -17 30 72 -22 10 252 -17 -33 216 -16 -2 72 -4 40 300 -7 2 60 -12 -37 120 -13 0 156 -22 -8 324 -25 -27 324 -11 -36 144 -22 2 216 -23 -26 216 -21 36 24 -22 -22 216 -23 -6 216 4 pakuncho 0.934655 159 5 -9 144 0 35 144 5 -25 144 12 36 168 -4 32 312 18 18 36 23 11 168 11 32 168 19 -8 60 -2 -29 240 13 -21 168 -5 35 312 15 -26 168 13 -22 60 21 -15 60 18 44 36 4 15 168 6 -31 168 15 -31 168 -1 5 168 -10 -41 300 -9 -11 168 -8 21 300 22 -49 60 -10 21 312 -3 24 168 6 38 180 -3 31 168 2 -18 168 2 11 240 19 -15 36 23 -28 72 1 14 240 1 -1 180 -1 -30 168 -1 24 240 28 -5 168 2 -31 168 9 -22 168 1 -14 264 -8 28 312 -4 22 180 -13 -30 264 -5 10 168 10 -26 168 12 10 180 9 19 36 -15 -47 168 6 -31 180 0 5 168 -15 -46 168 -10 6 168 9 -23 180 -12 -19 300 -3 19 228 13 -13 72 21 -45 72 0 -26 264 18 -33 36 -8 -37 180 11 -7 36 0 19 168 2 -23 180 11 -3 36 -6 29 264 19 -43 72 -3 -36 264 5 -47 120 -14 13 312 -9 35 168 6 34 36 -25 30 180 4 42 180 -14 37 264 -13 17 264 -10 30 264 6 -8 48 -24 -32 180 -8 42 264 -11 24 264 -27 2 180 -13 -21 264 -9 -15 264 -24 3 300 -13 14 180 -16 31 36 -15 -10 36 -11 16 264 -15 33 180 13 -34 72 -16 14 312 -9 30 264 -14 -9 264 -24 30 180 -27 -37 180 -11 0 300 -2 38 36 -28 22 312 -24 34 300 -14 -4 36 -23 40 312 13 -23 36 -20 20 300 -6 -16 36 -19 6 312 17 -49 168 -2 7 36 -13 -52 168 8 17 72 -25 11 168 5 -8 36 -24 -13 180 -16 28 264 8 23 84 6 -35 84 -8 -32 168 -25 -21 180 -8 6 36 -19 -26 264 -17 36 264 -10 -9 264 -17 -4 264 -5 19 288 4 34 60 1 -6 36 -2 20 48 -4 0 60 1 -28 36 -6 23 48 0 -46 288 0 -46 60 0 14 48 -9 1 240 5 -20 36 -13 -5 288 1 15 72 1 9 72 0 28 36 -4 -44 120 5 45 228 -22 -32 228 0 31 72 -2 17 228 -10 -5 228 -25 -16 228 -18 -37 228 -15 -21 228 -9 -24 48 -22 -6 144 -9 21 228 5 33 228 -18 27 240 0 17 72 -1 -37 72 -22 -31 132 -11 -38 84 -1 -38 228 -9 -26 60 11 -53 48 
14 6 2 1 koaramarch 0.979747 9 12 -24 120 5 -43 0 2 -42 228 14 -3 60 17 0 60 7 4 300 6 31 300 6 -4 60 10 31 108 4 pakuncho 0.865772 3 17 -25 48 3 36 312 3 10 312 
15 6 2 1 koaramarch 0.544304 1 5 24 228 4 pakuncho 0.96728 11 4 -8 240 7 5 240 16 -39 144 2 -19 264 5 -1 240 15 -42 48 16 -37 228 10 17 144 17 -27 228 13 -12 36 25 -28 48 
16 6 2 1 koaramarch 0.990132 14 -2 -34 0 6 -15 24 1 -31 228 12 15 108 18 34 0 7 6 264 -3 -18 132 7 39 60 -2 6 72 16 19 156 17 21 156 10 -19 120 14 0 0 13 -1 0 4 pakuncho 0.741379 2 14 -20 60 -8 -10 144 
17 6 2 1 koaramarch 0.83844 7 14 -36 216 -4 -1 228 3 26 0 8 21 228 23 29 168 -18 -49 120 13 5 264 4 pakuncho 0.986885 28 18 -26 120 8 -10 132 17 -26 120 3 -6 132 14 -38 132 20 -22 228 1 -49 120 4 34 300 5 38 312 23 -40 36 -4 -32 312 9 -24 144 16 -44 120 -3 26 264 17 21 228 3 19 228 -5 3 300 8 -45 288 11 -26 288 -3 -47 300 -1 9 264 -11 -50 180 -2 8 144 12 28 132 12 -37 36 5 -12 312 13 12 132 30 -34 36 
18 6 2 1 koaramarch 0.972851 5 6 -19 264 19 2 144 16 36 324 -3 -49 252 12 22 24 4 pakuncho 0.754386 1 -2 5 132 
19 6 2 1 koaramarch 0.832258 6 16 -22 144 -1 17 228 14 -45 264 18 5 156 9 0 156 7 34 264 4 pakuncho 0.68984 3 17 -23 144 2 39 300 7 -35 312 
20 6 2 1 koaramarch 0.892116 5 13 13 24 17 -15 144 6 -22 0 20 -16 144 7 -22 0 4 pakuncho 0.977273 12 19 -18 228 14 30 228 9 27 312 6 2 132 23 35 36 -5 33 264 18 1 228 17 -36 132 2 31 264 -2 -3 312 17 2 132 -7 -33 144 
21 6 1 1 koaramarch 0.781818 1 -19 13 300 
22 6 1 1 koaramarch 0.992308 6 17 7 132 18 -3 132 30 19 144 -3 49 72 -30 -18 228 -17 -50 228 
23 6 2 1 koaramarch 0.754386 2 -29 -15 24 -5 -51 0 4 pakuncho 0.989381 13 -19 3 168 27 -44 36 32 11 168 32 7 168 27 -20 144 -14 -51 168 -16 -52 168 -24 22 132 -33 -34 312 -35 -40 300 -9 41 120 -5 -52 300 -23 31 228 
24 6 4 1 koaramarch 0.948529 6 10 48 72 18 -49 12 22 38 60 7 -52 24 1 49 24 5 51 216 3 can 0.641791 1 26 39 12 4 pakuncho 0.641791 1 16 46 288 5 painomi 0.780488 4 35 -10 120 63 -17 348 55 19 348 43 -25 132 
25 6 3 0 pack 0.796296 2 -6 47 24 10 45 144 2 bottle 0.930736 5 10 31 96 9 81 324 4 84 264 16 58 72 9 80 348 5 painomi 0.780488 4 -21 20 60 31 -29 300 37 -42 132 23 17 312 
26 6 2 1 koaramarch 0.877551 4 -5 -29 0 16 -8 228 5 -29 300 16 -20 132 4 pakuncho 0.979296 11 -5 -39 132 -8 -47 240 7 -3 228 8 -3 228 27 28 120 10 21 228 -20 44 144 -8 37 132 -8 -4 132 -11 -11 132 -11 2 132 
27 6 2 1 koaramarch 0.449477 3 0 33 0 23 -50 144 1 -26 300 4 pakuncho 0.827985 15 -15 -5 132 -15 21 132 -17 -33 144 0 -40 288 -17 29 132 -18 -22 132 -11 -40 132 -9 44 132 8 1 228 -13 -8 132 29 -7 36 6 37 120 24 34 228 5 -23 120 -4 -54 288 
28 6 5 0 pack 0.472527 1 16 -54 276 1 koaramarch 0.472527 1 -30 44 228 2 bottle 0.803738 4 2 67 0 -8 71 192 1 67 12 -17 -12 24 4 pakuncho 0.745665 3 -14 -48 312 -18 -51 264 -35 -20 180 5 painomi 0.410256 2 -2 0 60 -35 -45 60 
29 6 3 0 pack 0.934783 2 5 74 288 -14 20 228 1 koaramarch 0.843137 1 -31 48 228 2 bottle 0.843137 1 17 -25 180 
30 6 3 1 koaramarch 0.605634 1 9 49 0 3 can 0.949527 7 20 49 60 7 47 288 10 51 84 25 49 12 13 48 288 -2 51 84 23 28 60 5 painomi 0.842105 6 -20 26 348 6 28 132 -14 28 168 65 31 48 35 29 228 -5 29 132 
31 6 3 2 bottle 0.284768 1 31 -20 96 3 can 0.447917 2 20 9 348 25 18 36 5 painomi 0.990291 51 56 -22 348 -5 33 228 -30 31 228 -26 31 312 40 25 36 -24 16 48 37 10 312 -29 -24 60 23 -40 312 23 -8 312 -54 -11 36 -40 28 312 -51 -11 36 18 27 36 -32 16 48 -27 -63 60 -22 4 48 3 -30 120 -18 44 300 -22 29 312 -49 29 132 -34 39 300 -27 41 300 -19 29 312 -17 21 60 68 -28 48 35 -37 312 2 22 36 10 28 132 39 26 228 -53 21 36 -45 35 300 6 25 168 0 33 48 -1 22 168 -26 -41 60 -37 18 60 -23 44 120 -37 17 48 -34 -21 60 17 -38 276 54 25 60 -32 9 60 38 29 180 37 36 228 -53 9 228 8 21 348 21 35 228 -10 33 48 30 26 36 59 28 180 
32 6 3 2 bottle 0.877551 1 -10 26 144 3 can 0.877551 1 -17 50 168 5 painomi 0.727273 1 -29 28 228 
33 6 2 1 koaramarch 0.895833 2 -10 -52 120 -31 -28 228 4 pakuncho 0.941606 3 -32 -47 132 3 -49 312 -14 -15 84 
34 6 2 0 pack 0.980456 7 4 22 24 -23 -9 264 7 23 12 23 39 228 6 79 36 0 24 144 7 101 60 2 bottle 0.843137 2 -25 -84 24 16 68 108 
35 6 3 0 pack 0.68254 2 -26 68 36 15 -65 288 3 can 0.68254 2 -3 46 168 22 42 72 5 painomi 0.944882 15 -27 27 168 -20 29 168 -40 38 288 -4 43 120 -35 18 36 59 -21 228 60 -23 228 -59 -43 36 -59 -23 180 -30 -8 60 -55 -2 36 -56 -36 36 38 -27 132 -27 -29 60 -38 -51 228 
36 6 2 0 pack 0.811321 1 -33 -106 36 2 bottle 0.955556 3 -17 -84 324 -23 15 348 -1 -95 60 
37 6 6 0 pack 0.252446 3 -2 94 300 -17 -108 276 -6 89 96 1 koaramarch 0.100233 1 -25 -44 156 2 bottle 0.252446 3 8 26 192 -7 27 144 -10 -94 0 3 can 0.182979 2 24 46 0 -26 38 36 4 pakuncho 0.100233 1 -32 8 168 5 painomi 0.144144 4 -48 -58 36 38 -15 132 -44 -39 48 -40 -54 48 
38 6 4 2 bottle 0.948529 6 -18 29 264 -19 29 264 6 28 72 -3 30 72 -7 56 72 -16 57 324 3 can 0.796296 2 -9 50 288 -13 49 132 4 pakuncho 0.641791 1 -8 -47 312 5 painomi 0.705882 3 -46 36 180 32 32 60 18 33 180 
39 6 2 1 koaramarch 0.68254 1 15 -50 264 5 painomi 0.75 3 15 24 36 -37 -23 60 28 -22 312 
40 6 3 2 bottle 0.781818 3 -9 27 12 22 -49 348 -13 0 96 3 can 0.870445 5 13 51 84 -6 53 132 22 -30 348 20 -35 12 -21 50 0 5 painomi 0.914286 12 26 -14 312 -29 -17 48 -47 -41 36 23 23 168 -42 -50 36 49 21 348 -55 31 168 8 36 228 -4 34 228 -41 -27 60 7 -35 60 25 -48 300 
41 6 4 0 pack 0.438775 2 -18 -14 12 -18 -16 204 3 can 0.438775 2 -2 34 228 2 32 348 4 pakuncho 0.277419 1 -19 41 228 5 painomi 0.307692 3 -9 -33 48 -6 21 348 -22 -30 48 
42 6 1 5 painomi 1 1 -43 12 228 
43 6 2 0 pack 0.457447 2 33 -64 300 31 25 300 5 painomi 0.989899 49 -20 9 36 -48 -34 228 20 -6 312 -43 9 228 -40 15 228 55 -22 168 57 2 168 19 -4 300 24 -10 300 -38 -19 228 58 0 168 29 4 348 45 -10 348 -37 -57 228 -39 0 228 59 -27 168 -16 -11 36 -45 -9 228 -30 -63 36 -29 -48 228 -32 -58 36 -37 7 36 30 -65 348 35 -24 348 -44 -30 228 -26 -5 36 -20 -9 48 36 -51 348 27 17 348 54 7 348 -13 -23 60 11 -2 312 -28 -25 228 -27 -26 228 -24 -55 36 17 -27 312 29 -20 348 -34 -24 36 -43 -42 228 -34 16 228 10 -50 312 32 -30 348 39 -14 348 26 -21 348 -27 -26 60 -21 -1 48 -25 -48 36 -42 -53 36 29 -50 348 
44 6 1 5 painomi 1 1 20 -48 348 
45 6 1 5 painomi 0.992248 16 -41 -12 228 45 -43 348 -42 -47 228 -6 22 48 16 11 312 -39 -35 228 -37 -12 228 34 -38 348 -49 -19 228 -26 -42 48 -17 -34 60 -44 12 36 -38 -46 36 18 -38 348 -39 18 228 -14 6 60 
46 6 1 5 painomi 1 7 -26 7 36 39 -64 348 58 -10 168 31 15 132 26 -29 300 -34 -7 36 32 -1 348 
47 6 4 0 pack 0.914894 8 23 45 204 14 40 24 -39 27 324 12 42 204 9 38 204 40 -41 228 31 -21 36 32 -22 36 1 koaramarch 0.483146 1 -9 -54 144 4 pakuncho 0.483146 1 -28 -23 36 5 painomi 0.904348 13 -16 -13 48 19 -43 312 -23 -39 60 -24 -50 60 32 -58 348 -8 15 48 -12 17 48 -31 -1 228 26 -63 312 -37 -59 36 -25 -49 48 -33 -18 36 -26 -7 228 
48 6 3 0 pack 0.654822 3 17 45 24 32 -90 36 -38 -2 312 2 bottle 0.551282 2 27 -1 0 -3 69 0 5 painomi 0.72 9 -29 -66 36 34 -39 132 28 -4 132 32 -42 132 18 -44 348 44 -66 168 11 -35 312 -39 8 228 -30 -33 36 
49 6 1 5 painomi 0.5 1 -21 -7 228 
50 6 4 0 pack 0.851485 8 -35 -98 312 19 -25 324 -34 -26 228 -40 62 276 -45 -61 300 32 -51 324 -46 -16 36 -35 -41 228 2 bottle 0.544304 2 -27 -84 24 17 -61 264 3 can 0.367521 1 -27 -22 132 5 painomi 0.945455 26 1 16 48 -30 19 228 -10 4 60 4 17 48 11 10 300 6 10 48 -8 -55 48 -54 -38 228 22 17 132 48 -64 168 5 12 48 -8 -61 36 -31 17 228 -34 1 228 -33 -39 228 -1 6 36 9 -43 348 51 -54 180 12 19 348 0 -6 48 39 -62 168 -60 -22 312 -4 -54 36 40 -53 168 17 -15 348 -32 -21 228 
51 6 4 0 pack 0.754386 9 27 -25 36 -32 -46 144 -5 29 180 28 -19 300 22 -60 300 -14 31 180 36 26 324 22 -88 300 -27 6 96 2 bottle 0.825702 13 19 -3 0 -22 -71 0 -21 -58 12 12 -25 0 23 40 72 3 72 108 18 -55 12 -21 11 24 6 73 96 12 -17 24 26 -73 0 12 -63 12 13 -35 324 3 can 0.754386 9 -25 20 348 3 -34 252 11 -48 72 -26 -43 0 -26 -43 192 22 -24 108 15 35 36 22 25 36 23 -4 36 5 painomi 0.818898 26 -62 -20 168 -21 13 228 9 19 348 11 -62 348 7 -4 312 -62 -50 312 13 -29 348 7 -3 348 51 -41 180 45 1 168 13 -41 348 -16 -41 228 -1 13 348 -23 -3 228 -8 -7 36 -33 -22 288 26 -20 132 -12 -53 36 30 -66 168 10 -1 348 48 -59 168 32 -60 168 4 -32 348 8 -49 312 -35 -48 228 29 -18 120 
52 6 5 0 pack 0.885157 19 -40 7 276 -32 -23 252 33 0 324 35 59 324 29 -80 324 -18 31 228 -44 -76 288 35 13 324 -36 -15 324 28 -47 228 33 -9 324 7 -54 180 23 -96 312 -33 -66 252 21 71 312 -37 -5 204 24 -10 300 -36 -45 204 39 -51 144 2 bottle 0.938865 30 15 -61 12 20 -34 324 26 -12 96 6 71 72 22 24 72 -22 -25 324 26 6 96 13 -74 12 -22 -52 324 -31 -67 264 20 -35 60 -21 16 144 -17 -42 0 -24 -73 180 -18 -17 60 19 -38 0 21 -61 0 -19 -40 24 -22 -13 144 -18 -31 72 27 -89 132 -19 -34 12 -20 -68 24 -21 -93 24 -25 26 348 -24 -71 144 -25 -10 252 13 -94 180 -27 -8 300 25 20 72 3 can 0.483146 3 -25 15 108 -23 -27 168 23 -46 36 4 pakuncho 0.380531 2 -28 35 144 -22 -42 264 5 painomi 0.658824 14 -23 7 228 -3 -43 348 -48 -68 348 52 11 168 1 11 348 5 15 312 2 11 348 53 19 168 62 -31 180 -12 -22 60 62 -24 180 -60 -41 36 -63 -41 180 36 -57 168 
53 6 5 0 pack 0.874112 83 -23 7 228 19 17 12 11 -16 60 -16 -15 204 -29 -53 300 -20 20 324 28 -59 60 -20 -34 312 -29 32 288 -22 -18 300 21 14 144 -28 -83 288 14 -22 204 -15 0 312 18 46 60 17 50 252 -27 79 300 -19 -99 96 20 -57 36 14 -84 252 -26 74 288 16 -31 312 -34 32 300 -17 62 252 -23 -52 276 -5 -21 276 19 -19 264 -9 -13 312 14 -66 324 -33 62 252 30 43 204 -7 -67 252 -8 -57 288 -10 -78 252 15 -13 60 40 0 312 12 -20 84 8 -29 324 -17 -8 300 27 -3 60 -22 -56 12 34 16 60 44 -41 228 -31 -48 300 -32 -57 312 21 -25 24 0 -13 252 -17 -56 84 7 10 180 2 -71 288 19 26 288 17 -50 180 5 -80 252 -8 -26 288 -32 -94 288 -28 -41 300 -1 -3 180 -43 42 96 -22 -48 144 -1 -10 288 -25 -74 324 14 -93 96 -8 -55 300 -4 57 288 13 10 12 -25 -18 12 13 -43 300 -22 60 276 28 61 252 -16 51 252 -21 -71 96 -23 -47 324 -38 41 288 -15 6 264 22 -18 156 -43 -38 96 -29 -71 96 1 -59 96 -20 -17 156 -39 -89 324 -25 97 312 -43 63 300 -11 -25 144 1 koaramarch 0.0596394 1 12 49 252 2 bottle 0.843137 68 26 2 192 21 -16 192 -12 -33 96 32 -25 72 7 -26 264 13 -15 324 7 -50 144 10 -61 144 27 12 12 -20 -30 192 -17 -73 180 14 13 72 -3 10 192 -22 -4 264 -24 -23 192 5 -68 144 15 -19 300 4 -16 24 -10 46 252 24 -48 72 5 -65 180 30 -22 132 6 -40 180 14 -47 60 -3 -66 192 -6 -62 72 -1 11 60 -3 27 348 25 -30 0 -13 -56 72 5 -15 144 31 7 60 -8 -72 192 -26 -4 300 -24 -23 264 3 29 324 28 30 324 26 3 60 -11 -21 12 0 74 180 -8 -78 72 -16 -41 108 0 0 72 -6 -43 0 -24 -61 348 -6 -21 192 4 18 324 19 -21 144 -10 -4 144 -13 10 96 1 -52 324 -13 -46 96 3 -86 12 -19 -67 96 -25 -73 192 -6 -5 180 -9 -66 60 -14 18 192 8 -44 108 -27 -64 300 -20 -68 96 -11 -13 324 8 -50 108 1 10 192 15 18 300 12 -50 108 -7 -72 144 -10 -28 144 3 can 0.87234 82 -19 16 72 8 29 228 8 30 228 5 3 228 -22 18 288 28 17 168 23 31 108 -11 -2 36 -5 21 228 27 11 168 26 -36 168 -24 41 72 22 -1 84 17 -43 192 16 -1 348 19 52 60 26 -15 168 7 -46 288 -12 -10 36 13 -4 72 -11 -5 168 16 -31 72 -22 -14 348 -13 31 348 -12 -21 168 22 38 60 23 24 168 17 -6 192 -4 -1 108 -20 -3 192 -2 39 348 -11 -24 12 21 36 60 1 -23 108 16 -40 108 17 15 108 -19 23 228 -17 19 12 -1 -14 72 6 -37 132 -10 -39 108 17 -7 132 -11 5 84 0 -20 348 -20 -35 84 -14 -3 108 -16 11 96 -11 -17 96 -24 5 168 -3 -11 84 -1 -31 84 -4 44 228 2 -26 84 6 4 288 -4 -9 348 -7 9 12 -9 17 288 -15 -22 288 1 -7 192 -15 5 348 10 -18 288 -26 -28 288 -23 -44 12 14 42 348 4 17 36 16 19 84 12 -5 288 9 44 96 4 38 348 5 -1 348 1 1 84 -22 27 228 -24 -12 288 -25 39 36 -5 -11 12 -18 25 348 5 38 348 -19 29 348 -7 3 348 -12 -32 12 -25 -31 192 -22 27 0 5 painomi 0.766699 99 5 -47 48 8 -7 180 24 -19 120 -13 9 228 54 12 180 -4 17 228 27 38 264 15 -49 36 55 12 180 14 11 48 18 6 48 20 -31 180 -13 -25 348 -28 20 228 31 8 300 -10 -26 168 8 2 60 41 21 36 57 21 228 36 -12 180 1 -29 228 -21 -49 228 -36 28 312 -5 -56 228 -13 -18 180 1 -31 228 -41 27 312 48 -47 228 70 15 48 4 23 300 -5 15 168 36 -55 36 -45 -13 348 33 -15 264 -23 -57 228 -6 13 228 4 -41 180 -16 -55 228 -41 -11 348 20 -38 168 14 -51 300 60 -53 60 14 -18 120 28 -22 120 28 -40 168 7 -29 180 61 -42 36 12 24 276 45 11 180 35 -49 180 -24 -32 228 2 21 312 24 17 168 -49 25 348 8 -37 168 -10 -31 228 -19 -45 348 58 -32 228 -11 -49 348 -21 -48 180 -5 -24 168 11 -63 276 -17 -27 228 6 -61 168 13 -18 108 52 -52 228 3 -29 180 37 3 36 13 8 276 -62 -27 180 -63 -28 180 43 -8 180 49 23 180 26 -9 180 0 -43 36 -2 -68 168 -13 5 228 12 16 168 -61 32 180 59 26 180 -17 -64 228 -55 -31 348 55 -34 180 -3 -52 312 32 -7 36 18 12 132 -23 4 348 31 -6 36 27 20 36 9 14 48 -32 31 276 -6 -33 180 -61 -45 348 14 -32 180 -11 18 180 -4 -52 60 6 -5 36 32 22 48 -8 -31 60 
54 6 4 0 pack 0.972362 18 18 -7 144 12 65 84 26 -22 312 -17 -89 96 16 61 324 7 -90 60 13 -28 24 -8 5 24 -13 22 204 29 63 60 -24 32 12 -26 -12 180 23 -8 144 -14 6 180 -10 16 252 -31 58 312 -30 20 288 -27 10 204 2 bottle 0.614286 2 9 -12 192 8 -24 192 3 can 0.872464 7 -22 -12 216 -20 3 36 -18 17 348 6 -14 348 4 -26 36 -19 45 288 4 31 12 5 painomi 0.222222 1 -11 -39 348 
55 6 4 0 pack 0.784253 82 37 -64 300 37 -77 324 35 -42 180 -23 79 288 29 35 252 18 -86 276 13 -19 96 34 12 96 15 66 300 31 -5 96 -41 -22 36 30 -11 60 -39 -58 288 -32 -65 312 -26 -24 144 -2 91 84 -38 19 288 29 -31 312 -36 -1 36 -33 -99 276 -40 -95 276 21 -71 300 28 13 324 29 -11 144 -28 11 324 -4 -67 84 27 -21 228 18 -79 312 -31 -86 276 20 -24 252 -24 -32 288 -38 -71 276 -32 -71 276 -28 -101 276 19 6 252 19 -84 300 26 -55 156 -21 3 312 -29 20 276 -27 30 324 -22 29 300 26 -43 156 -22 29 288 18 -91 324 16 -103 324 -16 -105 288 -23 23 276 20 -38 60 6 -35 252 21 24 60 10 0 252 -33 34 276 -26 -68 276 -9 -33 180 -16 -95 288 -25 -23 12 -17 19 12 -4 45 252 -21 -29 204 -17 51 276 -2 -16 252 -15 44 276 29 9 180 -10 -107 276 3 -22 252 3 -21 252 -19 20 276 -7 -92 276 -16 -46 204 -13 -32 252 21 -48 144 -26 -10 324 16 29 60 -2 55 252 -17 18 312 -2 -35 276 22 -9 312 -8 21 204 -11 -56 12 24 7 180 4 -9 12 13 -85 36 2 bottle 0.911731 184 27 -87 60 33 6 132 33 15 96 26 -89 144 21 -64 192 -22 -60 60 -1 25 72 -24 23 192 -20 -70 72 20 43 300 -16 16 72 -29 -58 252 28 -6 132 20 -7 72 -23 14 252 -18 -11 144 -11 -6 72 -16 -3 324 -12 -9 60 -9 -21 0 7 78 144 -12 0 72 -8 -41 12 -13 -74 72 -17 -5 300 9 -40 12 20 -25 72 -8 23 0 12 -24 300 -9 -58 12 15 -83 24 -15 -78 24 9 -8 0 -11 11 72 13 -90 24 -20 21 300 -14 12 108 -7 -64 24 -5 -43 24 -6 -34 12 4 -34 324 -9 -34 300 -8 -37 348 -6 -28 348 -19 4 252 6 -8 0 7 -3 60 11 11 348 22 -43 96 -3 -53 72 -14 16 108 -15 -39 132 21 -18 96 -4 23 0 -12 33 72 -15 -37 132 -4 -38 24 19 -59 72 -13 -57 348 -8 -80 12 10 -80 0 17 -74 72 -3 15 24 2 -59 24 -18 29 348 24 -79 108 10 8 72 -15 -29 144 6 5 348 5 -84 24 9 -30 252 -2 -20 324 8 5 72 4 -54 24 5 56 72 20 -32 108 -9 -22 108 -15 -52 300 -4 -1 300 -16 18 300 -3 14 72 -8 22 108 -15 -7 252 -5 -81 24 -1 -72 72 12 -62 72 15 50 300 14 28 252 -24 44 252 -11 -20 252 -3 -35 96 2 9 72 -13 22 348 -4 -36 108 3 -80 24 23 -35 144 -11 -77 348 -1 -89 72 3 -92 72 19 -15 108 -8 -76 0 -23 -90 180 5 5 324 7 -45 72 -7 -33 96 -15 -15 144 20 43 72 -4 -21 300 -11 -71 348 7 -21 72 -5 3 300 14 31 324 -6 -57 300 -10 2 252 5 -92 72 -21 44 252 7 -75 72 -6 -23 108 5 -72 348 5 -47 96 -5 -26 108 -1 -46 108 -5 10 252 -18 -67 252 16 -90 108 10 45 72 -5 -81 72 2 -58 96 -9 -85 108 2 51 300 2 -46 96 -9 -15 252 20 22 180 -6 -25 252 12 39 252 3 31 72 1 11 96 18 -79 132 -6 -77 300 15 -55 108 -9 -74 348 4 -54 72 5 -73 324 -21 -78 180 -10 50 348 2 -64 300 7 -15 132 17 -56 132 6 -65 96 -13 46 324 -11 -90 144 8 -77 96 -1 35 72 8 -66 72 7 39 252 2 -21 108 18 -62 144 18 -64 192 18 -64 144 4 42 72 10 10 96 -8 -44 132 3 -11 264 -21 15 192 4 -76 252 13 -93 144 9 -70 96 -1 -75 252 -13 -30 180 13 -43 192 8 -70 132 9 -62 108 19 9 144 12 -25 144 -3 38 300 13 -24 144 12 5 144 -3 37 252 12 -62 144 -1 -17 264 17 -41 132 0 -3 144 23 -72 180 5 -30 132 3 can 0.862426 128 23 -17 348 22 28 192 26 -34 252 24 -17 132 22 -16 192 24 43 0 24 -5 252 25 -29 12 -11 -46 132 -11 -49 132 19 20 96 23 -8 216 22 -32 72 23 -25 204 22 2 132 24 -24 0 -20 -16 36 -20 -13 36 -18 -45 348 -23 34 12 -24 -38 192 -11 34 36 -23 -18 348 12 -53 216 17 -35 228 20 5 348 -9 11 36 -20 -3 288 -20 37 12 -5 9 36 -17 43 36 13 -47 228 -20 14 12 18 38 84 17 17 348 -20 34 72 -21 -42 228 -22 0 288 -27 -24 96 -20 39 132 -26 -20 348 10 -36 36 10 6 288 17 20 108 17 4 132 7 36 288 -15 -2 72 -16 36 192 11 -31 348 6 25 288 17 32 288 -15 -49 192 20 -41 72 16 37 72 13 26 12 -12 -17 288 14 11 108 16 -14 228 -21 -17 288 -16 -23 168 -5 45 12 14 -30 348 9 17 132 -10 -48 288 10 2 108 -13 3 348 10 -45 288 -14 -1 192 12 -14 72 7 27 12 -19 13 84 -1 -31 192 -7 1 228 -15 -21 288 6 20 192 7 -13 288 -13 0 348 -12 -27 348 10 35 108 -9 -4 228 -20 -6 288 7 -27 288 12 -12 96 28 25 72 -20 -29 288 9 0 12 10 12 228 -7 4 288 -8 11 288 -1 -33 72 4 -4 132 -3 -26 192 6 -32 12 -22 44 36 -3 2 72 -8 -39 72 -1 11 348 -2 23 348 0 -19 36 -14 -47 168 -7 -28 108 -15 19 96 -1 22 348 -5 -11 228 -1 -43 36 -2 24 108 9 -38 96 -19 29 96 10 -19 96 -4 9 132 -16 31 96 -6 31 192 1 -32 36 -12 34 84 -6 -38 36 -7 -1 132 6 -47 72 -6 22 228 3 -11 96 4 -40 96 -4 -12 348 -12 -33 84 2 17 348 6 -28 96 6 -31 96 26 -47 168 5 -37 36 -7 26 348 5 painomi 0.691289 124 33 -12 120 51 -64 228 -31 -33 180 33 -6 120 58 -42 60 58 6 228 57 -5 228 44 -65 36 75 20 48 68 -1 48 -17 -5 228 50 -28 180 1 -65 36 -26 -6 228 43 -50 180 -6 -36 60 -27 8 228 33 -46 168 -6 -5 348 1 -42 48 -13 -60 348 -15 -4 348 20 -53 180 -15 -64 348 -4 -21 60 -15 -52 276 -17 -68 348 28 -64 168 3 -37 36 33 -54 180 -7 -57 348 47 -28 180 6 -36 36 8 4 48 0 -36 48 -7 -60 348 -15 -2 228 28 -19 168 0 25 288 18 -52 168 4 -35 48 9 -55 36 22 -52 276 31 -62 132 -3 -53 228 39 -13 180 60 17 180 15 -45 180 13 -52 180 27 7 168 12 -44 180 -11 11 348 -3 -43 60 -5 -40 228 -22 -67 228 15 -57 132 19 -19 132 -21 -14 228 -6 -53 180 18 19 36 0 8 312 15 -6 168 2 -21 312 7 -18 180 54 13 180 5 -42 48 -1 -53 228 29 -1 180 -6 -10 228 25 -3 168 16 -42 132 0 -36 108 21 8 36 -11 -44 180 19 -16 132 29 2 180 68 4 48 9 -59 168 5 -20 180 -3 -35 228 -30 -53 348 -36 -56 348 23 1 180 -33 -24 348 -41 -50 348 5 11 168 -41 -51 348 -39 -38 180 19 -33 36 8 3 168 23 -52 36 13 14 180 21 -34 36 -44 -24 348 -16 -33 228 25 -42 36 7 -55 48 -58 -52 180 -3 6 180 -2 -7 180 6 -12 168 -8 5 180 2 -35 228 -49 -65 348 9 -45 48 -42 -37 348 -1 -22 228 16 -3 276 -2 -14 228 -8 -63 168 -4 -39 312 69 20 48 -9 -62 168 26 22 48 -1 7 168 57 -35 36 12 -51 132 -13 6 228 -57 -18 348 11 -61 132 -60 -26 348 23 -36 36 33 -17 36 -45 -18 348 
56 6 4 0 pack 0.898882 43 -3 -42 288 10 -21 60 3 7 180 4 70 84 -10 -39 228 -26 -29 252 -29 18 96 1 -42 24 3 -106 324 -3 -25 288 7 -11 276 9 -13 12 -24 -26 252 -13 25 180 -39 48 96 11 -8 12 2 -98 324 -33 -54 96 -40 2 96 -32 -89 252 -18 -77 96 7 -18 204 -22 35 96 -19 -4 96 -7 -23 264 -22 51 96 1 -9 60 -6 -9 228 7 31 60 0 -100 60 -17 -23 84 -12 -9 180 -18 31 36 -21 -24 180 -11 -101 96 -12 38 96 -6 0 264 -20 -22 36 -19 5 264 -1 -101 288 -28 54 60 23 -109 312 24 35 204 2 bottle 0.828694 27 2 -73 144 -10 -3 180 13 25 132 8 -45 144 8 -87 180 -9 -16 180 -1 -45 144 -7 -25 180 10 -47 144 -17 20 264 -12 1 192 3 7 180 -10 -24 192 11 -32 144 -9 -90 192 -10 23 264 27 -63 0 13 -38 144 -2 11 144 4 21 132 -10 -74 192 4 -18 192 -9 -13 180 -9 -57 180 2 -68 180 -5 -16 180 2 -96 192 3 can 0.75 18 -2 20 168 -22 -24 252 0 21 168 -5 16 168 -24 -2 168 -8 25 168 11 43 168 -2 -7 96 -22 -12 132 -23 -13 60 -21 36 60 -21 -21 132 -20 -19 204 29 -36 252 -21 33 204 -20 35 204 -19 19 252 28 -20 12 5 painomi 0.690027 32 -3 -44 168 -12 -65 168 -59 -15 348 -55 -59 348 -6 -43 168 -50 -27 348 -7 -59 312 29 33 264 -45 -5 348 -44 -6 348 -3 -42 168 -50 -36 348 -56 -30 180 9 -64 132 40 -18 36 -7 16 228 37 -22 36 60 -36 60 7 -8 60 24 0 48 38 18 36 -7 -15 228 39 -17 36 1 22 228 -5 -54 228 -47 32 180 16 -52 300 24 -28 120 45 -21 228 -59 -54 168 56 -44 60 7 -26 60 
57 6 2 0 pack 0.558442 1 1 17 12 5 painomi 0.32 1 13 -6 48 
58 6 5 0 pack 0.873096 8 -28 22 180 -43 36 288 -42 68 84 -25 42 156 -43 18 288 -20 22 264 6 -106 84 16 28 204 2 bottle 0.889655 9 -24 -6 24 -24 -56 144 -25 4 348 -25 -50 180 -2 71 96 -27 16 192 -9 61 300 -22 28 192 12 -5 24 3 can 0.826923 6 -27 33 228 -22 18 168 -28 18 168 -28 -26 216 -26 -14 36 -26 -25 168 4 pakuncho 0.401869 1 4 -57 120 5 painomi 0.719101 8 -45 -50 300 -51 34 300 -56 -7 132 -61 12 348 -58 19 348 -63 -15 312 -25 7 276 1 -24 276 
59 6 3 0 pack 0.914894 15 -4 42 36 -21 -12 60 -9 23 36 -8 39 36 -8 -69 36 -11 -46 60 -3 -20 324 -15 -88 36 -10 -92 36 -20 -36 264 8 49 36 -12 51 60 6 -30 228 -11 67 96 -1 -33 324 3 can 0.328244 1 -11 -1 0 5 painomi 0.929461 28 51 -55 60 -31 35 132 31 -19 48 52 22 60 48 -19 36 50 -24 228 44 -44 36 31 -51 264 49 -51 60 66 13 48 -1 34 288 52 9 36 44 1 228 51 -55 228 51 -13 60 -3 -39 228 49 -33 36 53 -18 36 43 -40 36 5 -31 300 68 21 48 44 -43 228 -22 -26 168 -9 -28 312 48 -31 36 -13 -44 312 54 -54 228 6 -4 228 
60 6 3 0 pack 0.89924 22 -11 78 36 -30 58 252 1 -107 60 12 -20 204 -32 -33 84 -14 32 84 -6 -15 84 -12 52 312 13 -17 228 4 13 288 5 -46 96 -13 -76 312 -25 29 84 -8 -19 96 -9 -46 96 6 -7 36 -3 -76 324 15 -51 312 -1 39 84 -12 36 36 -3 33 60 6 -4 156 3 can 0.818448 13 21 -18 216 -20 -49 168 -17 29 0 -18 2 132 -17 -14 12 -19 10 168 -17 36 204 -20 -27 132 -16 31 168 -18 -9 132 -13 46 132 -25 -37 204 -15 42 132 5 painomi 0.684492 16 27 14 264 -15 -34 276 -52 27 168 67 27 48 -13 -16 168 -18 -59 168 11 -9 60 -24 -49 168 21 -41 48 -19 -15 168 -60 -43 312 -25 -64 168 6 -62 132 -8 6 312 -24 -63 168 8 -52 132 
61 6 3 0 pack 0.741379 20 -19 -94 324 -11 -46 324 -11 30 60 -14 -90 60 8 -35 288 0 12 312 -2 -101 96 -3 -103 96 -7 -52 324 -22 -103 60 -21 20 60 3 26 300 3 38 36 9 44 288 -3 -57 312 2 -35 144 -2 -72 36 2 -52 144 -4 -80 36 11 44 288 3 can 0.954545 84 21 12 216 -12 0 204 -13 -33 252 18 17 216 -14 -24 216 -16 1 204 14 17 168 -17 15 12 -12 3 168 -10 3 60 -15 7 0 -16 15 168 16 26 132 12 29 168 -17 -32 12 -14 -36 0 -10 30 12 23 -34 216 -12 16 216 19 -13 204 -16 -23 60 9 -47 216 16 -42 0 18 27 0 12 1 216 -7 27 168 12 -46 204 17 -46 204 18 32 132 5 35 0 -3 46 132 15 -32 12 8 -22 168 -4 26 252 -11 -29 204 2 -24 132 11 -33 168 -12 -4 252 2 -32 216 -12 10 252 10 -50 216 2 -19 168 9 -41 216 -9 21 132 8 23 216 -2 25 252 7 15 132 6 -19 168 8 -23 168 7 -14 168 -9 -34 12 10 -39 168 15 38 132 15 26 252 -3 24 204 8 -31 168 7 -49 12 13 8 204 13 -39 204 -12 -8 60 16 12 204 9 -21 12 -8 -13 252 6 14 132 5 -24 132 7 19 0 0 7 12 -7 -4 132 2 -11 252 -8 -12 168 3 1 216 -5 13 216 -1 -23 132 -1 -11 12 1 -8 12 5 7 0 8 -32 60 1 15 0 -6 32 132 -6 13 132 -4 -17 132 5 12 12 3 17 60 20 -45 60 5 painomi 0.792793 55 -33 -7 168 54 -33 36 56 -28 228 -9 -5 312 -38 -48 168 -24 -41 168 13 8 60 -53 -18 312 2 -41 228 62 19 48 -29 -53 168 -55 10 312 8 -37 132 -54 -63 312 55 1 36 6 -15 300 -28 -62 168 -43 -61 168 64 -6 48 52 -30 36 40 18 48 -46 -51 168 4 -37 228 48 -25 228 -34 9 168 62 26 48 -32 -22 168 53 31 228 -15 -52 312 18 8 120 -39 -1 168 6 -50 228 49 -48 228 -41 -45 168 -31 -2 168 -37 -14 168 21 -46 228 2 -13 228 21 -37 228 -36 16 168 -15 -27 312 -15 -8 312 -44 4 168 -15 -7 312 4 -9 228 -14 -23 312 9 -54 120 -43 16 168 49 6 60 39 -67 228 59 -31 48 5 -47 300 57 -40 228 2 2 288 13 -8 276 
62 6 1 4 pakuncho 0.955556 1 14 -53 144 
63 6 2 0 pack 0.811321 1 -4 -43 84 1 koaramarch 0.811321 1 28 -48 168 
64 6 3 2 bottle 0.589041 1 5 -22 12 3 can 0.589041 1 -27 -6 12 5 painomi 0.982456 14 18 -41 228 43 -47 228 -25 -28 288 46 -30 60 7 34 276 11 10 228 21 13 264 -27 -29 312 34 -65 228 4 13 276 45 -17 228 26 -21 264 -25 -46 120 -3 -28 132 
65 6 1 5 painomi 0.996337 34 35 -14 228 -8 15 288 -42 -45 120 -22 -47 312 -8 19 288 35 15 228 -43 26 132 2 8 276 -1 -60 276 7 -37 264 -17 26 120 10 -25 276 -44 -50 132 -43 -51 132 -43 -46 132 -3 27 276 -46 8 168 -10 -5 276 -53 -23 132 24 -52 60 -33 -7 120 -32 -25 312 -26 16 288 -51 -25 132 35 -20 48 -41 -1 132 3 -11 264 7 -36 264 28 -48 264 8 9 228 -6 -15 108 -23 3 288 -32 7 300 -20 18 120 
66 6 1 5 painomi 1 1 46 -21 48 
67 6 4 0 pack 0.267081 3 -11 41 144 -49 37 96 24 24 312 2 bottle 0.19457 2 -28 -59 348 -31 -67 252 3 can 0.107232 1 3 7 12 5 painomi 0.981132 156 -31 -51 120 -21 33 276 -9 -49 300 -4 -7 264 -17 34 276 -27 -53 288 26 -6 264 33 -44 228 -22 20 300 -28 -46 108 -9 11 276 -35 -68 276 21 -64 228 18 -2 228 26 5 60 -8 -54 120 10 -2 276 -44 -17 132 15 -18 264 40 -8 48 15 -53 264 -51 -2 312 12 -14 264 -17 16 108 -6 -10 132 -18 7 288 -16 26 276 23 18 228 -8 -10 132 46 -7 60 23 12 60 56 -12 48 -22 -43 108 12 -15 264 40 7 60 -44 26 168 23 24 228 12 21 228 -29 -6 120 8 -49 276 -18 -39 300 -34 -27 288 15 -35 264 -5 10 276 -51 -10 132 -28 12 132 -58 -38 168 -29 27 132 -7 12 264 -15 -36 132 0 19 276 23 -30 228 8 4 276 -28 -2 300 30 25 228 23 -43 228 6 -46 276 43 -53 48 -49 22 312 -32 -62 312 -32 -40 120 -30 -16 276 -19 24 108 -12 15 132 24 -49 228 -25 27 276 -19 25 108 29 -20 228 33 -18 228 -3 -59 108 -15 -24 288 -24 -35 108 -28 -5 300 15 -59 60 12 2 228 24 21 228 -22 -57 300 -15 -60 108 45 8 228 -30 -54 108 25 0 228 26 -60 228 -26 -63 108 30 24 228 -58 -61 168 7 -57 276 28 -53 228 28 0 228 -22 -19 276 -51 0 168 26 -26 228 -7 -31 300 6 -54 120 5 -55 276 32 -30 60 4 3 276 -18 -15 288 47 -35 60 -1 -28 120 37 15 60 26 8 228 -11 -52 300 -15 -46 108 3 3 276 -25 -27 300 24 1 228 26 -57 228 1 -21 276 -35 -53 312 -9 24 288 16 10 264 -15 8 288 -26 2 300 -1 -54 300 -1 -34 120 -6 -37 132 12 -53 228 20 -44 264 -24 -41 312 -29 -30 132 -29 -2 276 -2 20 132 -10 2 264 7 3 120 -30 1 120 -26 -9 276 21 -54 60 1 -29 276 50 -16 48 -16 30 300 -41 16 312 -3 16 276 3 -5 276 46 -44 48 -13 -3 108 -11 -33 132 4 11 264 -52 -52 168 -18 -41 120 4 -20 108 5 12 276 11 24 108 7 15 276 13 -40 60 29 23 60 8 5 276 -43 -21 120 38 -45 228 -16 -7 276 -1 -14 276 12 -15 120 24 -35 228 -8 32 300 -44 -25 312 -44 -24 312 -11 -31 120 
68 6 1 5 painomi 0.995556 28 10 -16 264 -50 18 312 33 -3 228 4 26 264 -27 -52 132 -30 1 108 -36 10 120 11 -43 264 -9 -2 108 -32 29 288 39 -42 228 42 30 228 -33 11 120 33 -3 60 -16 28 276 19 33 228 -24 -14 132 -40 -20 120 -19 39 300 30 -50 228 -48 -34 132 -12 -19 108 7 14 108 -11 -44 108 -24 -9 276 -9 25 276 31 -3 228 -9 14 276 
69 6 0 
70 6 1 5 painomi 1 3 3 35 276 2 34 276 22 4 60 
71 6 3 2 bottle 0.254438 1 -1 69 180 3 can 0.254438 1 1 -1 216 5 painomi 0.982456 56 -7 5 276 -7 2 276 8 -21 264 -34 -11 132 -31 -23 120 38 -40 60 -51 18 180 -33 -1 312 8 3 228 -29 17 300 35 -2 228 38 -62 60 -13 3 132 6 -16 228 -38 -7 132 -2 -55 276 22 -3 60 -25 -48 108 -4 17 276 -33 -62 132 -14 -6 120 -14 22 132 -16 29 288 -55 3 168 52 -37 48 -17 5 276 42 -43 60 -6 6 132 17 -58 228 -22 -33 312 50 -36 48 -42 7 168 -41 21 312 -15 30 132 -21 -24 108 19 -60 60 -7 -4 108 32 -56 228 -17 39 300 39 -8 60 13 -23 228 7 -3 120 -21 -38 120 -5 -27 132 58 -24 48 -6 -32 108 -31 32 120 -17 28 276 10 -48 228 34 -28 228 -19 -11 300 -6 7 288 -2 -20 132 -29 27 288 27 -12 264 -32 -52 300 
72 6 1 5 painomi 1 2 21 31 228 -7 16 108 
73 6 1 5 painomi 1 1 -37 11 132 
74 6 1 5 painomi 0.380952 1 48 33 60 
75 6 6 0 pack 0.811321 12 39 21 300 34 25 264 39 -49 324 26 29 96 32 71 36 41 -36 36 38 -56 36 -19 76 288 23 37 276 40 -37 264 26 10 84 1 23 264 1 koaramarch 0.616046 5 19 1 120 29 12 300 25 -49 144 20 -7 264 12 49 300 2 bottle 0.877551 18 24 -42 264 24 -22 24 29 13 72 33 19 180 29 -9 192 29 -80 348 31 -65 60 35 -49 96 36 -59 72 27 7 72 33 -53 96 32 -24 108 33 -7 132 24 53 252 33 -18 180 34 -11 108 -1 29 264 15 59 348 3 can 0.825702 13 30 25 12 27 -21 132 23 -49 288 30 -42 204 27 39 72 24 -46 84 26 30 96 25 -39 288 30 10 252 27 21 228 27 37 192 27 -37 108 28 -40 132 4 pakuncho 0.483146 3 24 24 228 8 18 264 -5 51 312 5 painomi 0.754717 20 61 6 36 51 -7 228 32 0 264 54 -42 228 74 -7 48 18 5 276 51 11 228 15 16 108 13 22 276 46 10 132 51 6 228 15 -11 276 6 32 120 16 -29 108 13 -22 276 16 22 276 34 21 312 36 -7 264 38 -49 264 18 40 276 
76 6 1 5 painomi 0.990476 13 -15 36 276 35 35 60 -23 35 312 -9 45 120 -2 45 120 23 25 348 74 33 48 24 -25 276 -25 42 288 -21 42 276 43 33 60 -4 45 288 15 40 228 
77 6 5 0 pack 0.832258 3 6 70 252 19 38 96 3 72 276 1 koaramarch 0.955556 8 16 49 156 -11 49 60 17 48 216 27 -6 216 27 -42 60 -4 50 108 22 -38 264 -16 51 156 3 can 0.589041 1 28 49 60 4 pakuncho 0.754386 2 13 42 300 15 48 288 5 painomi 0.347826 1 43 14 312 
78 6 4 0 pack 0.741379 2 48 -55 156 4 -108 96 3 can 0.741379 2 27 52 0 30 9 168 4 pakuncho 0.821656 3 18 -17 240 39 -21 36 27 -16 132 5 painomi 0.876712 8 11 43 120 -25 25 36 29 -46 276 -2 -26 276 53 -3 228 62 36 228 -2 44 300 10 -25 60 
79 6 1 1 koaramarch 0.754386 1 24 42 0 
80 6 2 1 koaramarch 0.905263 8 19 42 252 17 28 228 20 -17 0 20 5 120 22 0 156 24 25 0 22 -43 24 29 15 108 4 pakuncho 0.975968 17 8 35 264 32 6 48 7 -48 264 38 -26 36 17 -21 240 19 18 84 33 -11 48 24 13 144 20 39 84 37 30 36 30 -27 36 33 14 120 19 26 84 8 0 264 23 27 144 30 -11 36 18 -30 240 
81 6 3 0 pack 0.928058 6 27 52 288 6 24 144 -12 71 252 29 57 288 -5 22 144 13 29 96 2 bottle 0.589041 1 5 27 144 5 painomi 0.861538 7 -16 44 120 -9 -34 276 -20 33 108 62 -30 36 11 -20 276 60 -58 168 -25 -44 276 
82 6 5 0 pack 0.487528 5 48 -7 312 45 -10 156 40 2 96 -14 56 180 44 -87 312 1 koaramarch 0.27044 2 18 25 72 17 38 72 2 bottle 0.27044 2 -6 85 0 38 3 132 3 can 0.155235 1 24 -36 228 5 painomi 0.172662 3 69 -22 48 64 -27 228 15 5 276 
83 6 1 5 painomi 0.25 1 -12 41 264 
84 6 1 5 painomi 0.380952 1 40 -40 312 
85 6 1 2 bottle 0.781818 1 -1 33 108 
86 6 6 0 pack 0.843137 6 -19 50 12 -7 51 12 27 64 288 20 -94 276 25 52 204 24 -41 288 1 koaramarch 0.605634 2 -7 49 156 18 -40 72 2 bottle 0.767857 4 -7 32 144 -27 -51 300 14 72 24 26 -13 24 3 can 0.605634 2 -5 -42 168 24 35 60 4 pakuncho 0.811321 5 -12 49 228 -20 49 180 -4 -58 48 15 -55 132 2 -57 120 5 painomi 0.774194 9 49 34 60 -19 33 168 -48 31 228 43 43 48 17 -31 60 23 36 228 43 -56 48 33 15 300 32 -31 120 
87 6 5 1 koaramarch 0.0269255 1 13 -57 120 2 bottle 0.1 4 -24 14 300 6 62 252 -6 34 132 31 -20 0 3 can 0.0525031 2 -4 -38 168 -3 -47 252 4 pakuncho 0.0768314 3 -1 49 180 2 -57 168 9 -55 72 5 painomi 0.0492005 5 -21 36 276 -57 34 312 -37 42 300 8 14 288 32 30 36 
