10 53 6
0 0 -1 185 2 29 -1 -1 -1 -1 -1 32 -169 
1 1 -1 155 0 60 -1 -1 -1 -1 -1 32 -136 
2 1 -1 169 2 67 -1 -1 -1 -1 -1 32 -29 
3 2 0 0 0 0 0 0 0 0 0 0 0 
4 2 -1 65 2 43 -1 -1 -1 -1 -1 32 -100 
5 2 -1 14 14 0 0 9 6 0 0 6 74 
6 2 52 0 0 0 0 0 0 0 0 0 0 
7 3 0 0 0 0 0 0 0 0 0 0 0 
8 3 0 0 0 0 0 0 0 0 0 0 0 
9 3 -1 89 2 64 -1 -1 -1 -1 -1 32 -73 
10 3 19 0 0 0 0 0 0 0 0 0 0 
11 3 -1 9 14 0 0 8 0 0 0 0 -166 
12 3 51 0 0 0 0 0 0 0 0 0 0 
13 3 0 0 0 0 0 0 0 0 0 0 0 
14 3 0 0 0 0 0 0 0 0 0 0 0 
15 4 0 0 0 0 0 0 0 0 0 0 0 
16 4 0 0 0 0 0 0 0 0 0 0 0 
17 4 0 0 0 0 0 0 0 0 0 0 0 
18 4 0 0 0 0 0 0 0 0 0 0 0 
19 4 -1 0 8 0 0 14 9 0 0 5 33 
20 4 -1 279 0 39 -1 -1 -1 -1 -1 32 20 
21 4 0 0 0 0 0 0 0 0 0 0 0 
22 4 0 0 0 0 0 0 0 0 0 0 0 
23 4 20 0 0 0 0 0 0 0 0 0 0 
24 4 -1 326 2 48 -1 -1 -1 -1 -1 32 -52 
25 4 0 0 0 0 0 0 0 0 0 0 0 
26 4 0 0 0 0 0 0 0 0 0 0 0 
27 4 0 0 0 0 0 0 0 0 0 0 0 
28 4 0 0 0 0 0 0 0 0 0 0 0 
29 4 0 0 0 0 0 0 0 0 0 0 0 
30 4 0 0 0 0 0 0 0 0 0 0 0 
31 5 0 0 0 0 0 0 0 0 0 0 0 
32 5 0 0 0 0 0 0 0 0 0 0 0 
33 5 0 0 0 0 0 0 0 0 0 0 0 
34 5 0 0 0 0 0 0 0 0 0 0 0 
35 5 0 0 0 0 0 0 0 0 0 0 0 
36 5 0 0 0 0 0 0 0 0 0 0 0 
37 5 0 0 0 0 0 0 0 0 0 0 0 
38 5 0 0 0 0 0 0 0 0 0 0 0 
39 5 -1 2 1 0 0 19 17 0 0 16 50 
40 5 7 0 0 0 0 0 0 0 0 0 0 
41 5 -1 55 0 24 -1 -1 -1 -1 -1 32 -169 
42 5 -1 15 9 0 0 2 11 0 0 11 -2 
43 5 0 0 0 0 0 0 0 0 0 0 0 
44 5 0 0 0 0 0 0 0 0 0 0 0 
45 5 0 0 0 0 0 0 0 0 0 0 0 
46 5 0 0 0 0 0 0 0 0 0 0 0 
47 5 0 0 0 0 0 0 0 0 0 0 0 
48 5 0 0 0 0 0 0 0 0 0 0 0 
49 5 -1 319 2 42 -1 -1 -1 -1 -1 32 -68 
50 5 -1 19 15 0 0 0 2 0 0 17 -11 
51 5 0 0 0 0 0 0 0 0 0 0 0 
52 5 0 0 0 0 0 0 0 0 0 0 0 
53 5 0 0 0 0 0 0 0 0 0 0 0 
54 5 0 0 0 0 0 0 0 0 0 0 0 
55 5 0 0 0 0 0 0 0 0 0 0 0 
56 5 0 0 0 0 0 0 0 0 0 0 0 
57 5 0 0 0 0 0 0 0 0 0 0 0 
58 5 0 0 0 0 0 0 0 0 0 0 0 
59 5 0 0 0 0 0 0 0 0 0 0 0 
60 5 0 0 0 0 0 0 0 0 0 0 0 
61 5 0 0 0 0 0 0 0 0 0 0 0 
62 5 0 0 0 0 0 0 0 0 0 0 0 
63 6 0 0 0 0 0 0 0 0 0 0 0 
64 6 0 0 0 0 0 0 0 0 0 0 0 
65 6 0 0 0 0 0 0 0 0 0 0 0 
66 6 0 0 0 0 0 0 0 0 0 0 0 
67 6 0 0 0 0 0 0 0 0 0 0 0 
68 6 0 0 0 0 0 0 0 0 0 0 0 
69 6 0 0 0 0 0 0 0 0 0 0 0 
70 6 0 0 0 0 0 0 0 0 0 0 0 
71 6 0 0 0 0 0 0 0 0 0 0 0 
72 6 0 0 0 0 0 0 0 0 0 0 0 
73 6 0 0 0 0 0 0 0 0 0 0 0 
74 6 0 0 0 0 0 0 0 0 0 0 0 
75 6 0 0 0 0 0 0 0 0 0 0 0 
76 6 0 0 0 0 0 0 0 0 0 0 0 
77 6 0 0 0 0 0 0 0 0 0 0 0 
78 6 0 0 0 0 0 0 0 0 0 0 0 
79 6 -1 9 13 0 0 19 17 0 0 2 8 
80 6 -1 17 13 0 0 15 17 0 0 18 1 
81 6 0 0 0 0 0 0 0 0 0 0 0 
82 6 0 0 0 0 0 0 0 0 0 0 0 
83 6 -1 318 1 38 -1 -1 -1 -1 -1 32 -123 
84 6 14 0 0 0 0 0 0 0 0 0 0 
85 6 15 0 0 0 0 0 0 0 0 0 0 
86 6 -1 18 14 0 0 2 8 0 0 11 3 
87 6 0 0 0 0 0 0 0 0 0 0 0 
88 6 0 0 0 0 0 0 0 0 0 0 0 
89 6 0 0 0 0 0 0 0 0 0 0 0 
90 6 0 0 0 0 0 0 0 0 0 0 0 
91 6 0 0 0 0 0 0 0 0 0 0 0 
92 6 0 0 0 0 0 0 0 0 0 0 0 
93 6 0 0 0 0 0 0 0 0 0 0 0 
94 6 0 0 0 0 0 0 0 0 0 0 0 
95 6 0 0 0 0 0 0 0 0 0 0 0 
96 6 0 0 0 0 0 0 0 0 0 0 0 
97 6 0 0 0 0 0 0 0 0 0 0 0 
98 6 0 0 0 0 0 0 0 0 0 0 0 
99 6 -1 188 1 44 -1 -1 -1 -1 -1 32 -96 
100 6 -1 165 2 78 -1 -1 -1 -1 -1 32 -61 
101 6 -1 254 0 71 -1 -1 -1 -1 -1 32 -212 
102 6 -1 3 6 0 0 13 8 0 0 16 3 
103 6 0 0 0 0 0 0 0 0 0 0 0 
104 6 0 0 0 0 0 0 0 0 0 0 0 
105 6 0 0 0 0 0 0 0 0 0 0 0 
106 6 0 0 0 0 0 0 0 0 0 0 0 
107 6 0 0 0 0 0 0 0 0 0 0 0 
108 6 0 0 0 0 0 0 0 0 0 0 0 
109 6 0 0 0 0 0 0 0 0 0 0 0 
110 6 0 0 0 0 0 0 0 0 0 0 0 
111 6 0 0 0 0 0 0 0 0 0 0 0 
112 6 0 0 0 0 0 0 0 0 0 0 0 
113 6 0 0 0 0 0 0 0 0 0 0 0 
114 6 0 0 0 0 0 0 0 0 0 0 0 
115 6 0 0 0 0 0 0 0 0 0 0 0 
116 6 0 0 0 0 0 0 0 0 0 0 0 
117 6 0 0 0 0 0 0 0 0 0 0 0 
118 6 0 0 0 0 0 0 0 0 0 0 0 
119 6 0 0 0 0 0 0 0 0 0 0 0 
120 6 0 0 0 0 0 0 0 0 0 0 0 
121 6 0 0 0 0 0 0 0 0 0 0 0 
122 6 0 0 0 0 0 0 0 0 0 0 0 
123 6 0 0 0 0 0 0 0 0 0 0 0 
124 6 0 0 0 0 0 0 0 0 0 0 0 
125 6 0 0 0 0 0 0 0 0 0 0 0 
126 6 0 0 0 0 0 0 0 0 0 0 0 
127 7 0 0 0 0 0 0 0 0 0 0 0 
128 7 0 0 0 0 0 0 0 0 0 0 0 
129 7 0 0 0 0 0 0 0 0 0 0 0 
130 7 0 0 0 0 0 0 0 0 0 0 0 
131 7 0 0 0 0 0 0 0 0 0 0 0 
132 7 0 0 0 0 0 0 0 0 0 0 0 
133 7 0 0 0 0 0 0 0 0 0 0 0 
134 7 0 0 0 0 0 0 0 0 0 0 0 
135 7 0 0 0 0 0 0 0 0 0 0 0 
136 7 0 0 0 0 0 0 0 0 0 0 0 
137 7 0 0 0 0 0 0 0 0 0 0 0 
138 7 0 0 0 0 0 0 0 0 0 0 0 
139 7 0 0 0 0 0 0 0 0 0 0 0 
140 7 0 0 0 0 0 0 0 0 0 0 0 
141 7 0 0 0 0 0 0 0 0 0 0 0 
142 7 0 0 0 0 0 0 0 0 0 0 0 
143 7 0 0 0 0 0 0 0 0 0 0 0 
144 7 0 0 0 0 0 0 0 0 0 0 0 
145 7 0 0 0 0 0 0 0 0 0 0 0 
146 7 0 0 0 0 0 0 0 0 0 0 0 
147 7 0 0 0 0 0 0 0 0 0 0 0 
148 7 0 0 0 0 0 0 0 0 0 0 0 
149 7 0 0 0 0 0 0 0 0 0 0 0 
150 7 0 0 0 0 0 0 0 0 0 0 0 
151 7 0 0 0 0 0 0 0 0 0 0 0 
152 7 0 0 0 0 0 0 0 0 0 0 0 
153 7 0 0 0 0 0 0 0 0 0 0 0 
154 7 0 0 0 0 0 0 0 0 0 0 0 
155 7 0 0 0 0 0 0 0 0 0 0 0 
156 7 0 0 0 0 0 0 0 0 0 0 0 
157 7 0 0 0 0 0 0 0 0 0 0 0 
158 7 0 0 0 0 0 0 0 0 0 0 0 
159 7 -1 10 15 0 0 15 11 0 0 2 -2 
160 7 3 0 0 0 0 0 0 0 0 0 0 
161 7 4 0 0 0 0 0 0 0 0 0 0 
162 7 -1 7 17 0 0 19 18 0 0 3 -15 
163 7 0 0 0 0 0 0 0 0 0 0 0 
164 7 0 0 0 0 0 0 0 0 0 0 0 
165 7 0 0 0 0 0 0 0 0 0 0 0 
166 7 0 0 0 0 0 0 0 0 0 0 0 
167 7 -1 8 17 0 0 12 3 0 0 3 45 
168 7 13 0 0 0 0 0 0 0 0 0 0 
169 7 0 0 0 0 0 0 0 0 0 0 0 
170 7 0 0 0 0 0 0 0 0 0 0 0 
171 7 0 0 0 0 0 0 0 0 0 0 0 
172 7 0 0 0 0 0 0 0 0 0 0 0 
173 7 16 0 0 0 0 0 0 0 0 0 0 
174 7 -1 12 3 0 0 5 17 0 0 9 -29 
175 7 0 0 0 0 0 0 0 0 0 0 0 
176 7 0 0 0 0 0 0 0 0 0 0 0 
177 7 0 0 0 0 0 0 0 0 0 0 0 
178 7 0 0 0 0 0 0 0 0 0 0 0 
179 7 0 0 0 0 0 0 0 0 0 0 0 
180 7 0 0 0 0 0 0 0 0 0 0 0 
181 7 0 0 0 0 0 0 0 0 0 0 0 
182 7 0 0 0 0 0 0 0 0 0 0 0 
183 7 0 0 0 0 0 0 0 0 0 0 0 
184 7 0 0 0 0 0 0 0 0 0 0 0 
185 7 0 0 0 0 0 0 0 0 0 0 0 
186 7 0 0 0 0 0 0 0 0 0 0 0 
187 7 0 0 0 0 0 0 0 0 0 0 0 
188 7 0 0 0 0 0 0 0 0 0 0 0 
189 7 0 0 0 0 0 0 0 0 0 0 0 
190 7 0 0 0 0 0 0 0 0 0 0 0 
191 7 0 0 0 0 0 0 0 0 0 0 0 
192 7 0 0 0 0 0 0 0 0 0 0 0 
193 7 0 0 0 0 0 0 0 0 0 0 0 
194 7 0 0 0 0 0 0 0 0 0 0 0 
195 7 0 0 0 0 0 0 0 0 0 0 0 
196 7 0 0 0 0 0 0 0 0 0 0 0 
197 7 0 0 0 0 0 0 0 0 0 0 0 
198 7 0 0 0 0 0 0 0 0 0 0 0 
199 7 -1 220 2 66 -1 -1 -1 -1 -1 32 -91 
200 7 -1 180 2 77 -1 -1 -1 -1 -1 32 -145 
201 7 -1 91 2 20 -1 -1 -1 -1 -1 32 -74 
202 7 -1 95 1 58 -1 -1 -1 -1 -1 32 -63 
203 7 42 0 0 0 0 0 0 0 0 0 0 
204 7 -1 5 7 0 0 14 16 0 0 6 28 
205 7 -1 3 12 0 0 18 0 0 0 0 -1 
206 7 -1 13 12 0 0 0 2 0 0 6 1 
207 7 0 0 0 0 0 0 0 0 0 0 0 
208 7 0 0 0 0 0 0 0 0 0 0 0 
209 7 0 0 0 0 0 0 0 0 0 0 0 
210 7 0 0 0 0 0 0 0 0 0 0 0 
211 7 0 0 0 0 0 0 0 0 0 0 0 
212 7 0 0 0 0 0 0 0 0 0 0 0 
213 7 0 0 0 0 0 0 0 0 0 0 0 
214 7 0 0 0 0 0 0 0 0 0 0 0 
215 7 0 0 0 0 0 0 0 0 0 0 0 
216 7 0 0 0 0 0 0 0 0 0 0 0 
217 7 0 0 0 0 0 0 0 0 0 0 0 
218 7 0 0 0 0 0 0 0 0 0 0 0 
219 7 0 0 0 0 0 0 0 0 0 0 0 
220 7 0 0 0 0 0 0 0 0 0 0 0 
221 7 0 0 0 0 0 0 0 0 0 0 0 
222 7 0 0 0 0 0 0 0 0 0 0 0 
223 7 0 0 0 0 0 0 0 0 0 0 0 
224 7 0 0 0 0 0 0 0 0 0 0 0 
225 7 0 0 0 0 0 0 0 0 0 0 0 
226 7 0 0 0 0 0 0 0 0 0 0 0 
227 7 0 0 0 0 0 0 0 0 0 0 0 
228 7 0 0 0 0 0 0 0 0 0 0 0 
229 7 0 0 0 0 0 0 0 0 0 0 0 
230 7 0 0 0 0 0 0 0 0 0 0 0 
231 7 0 0 0 0 0 0 0 0 0 0 0 
232 7 0 0 0 0 0 0 0 0 0 0 0 
233 7 0 0 0 0 0 0 0 0 0 0 0 
234 7 0 0 0 0 0 0 0 0 0 0 0 
235 7 0 0 0 0 0 0 0 0 0 0 0 
236 7 0 0 0 0 0 0 0 0 0 0 0 
237 7 0 0 0 0 0 0 0 0 0 0 0 
238 7 0 0 0 0 0 0 0 0 0 0 0 
239 7 0 0 0 0 0 0 0 0 0 0 0 
240 7 0 0 0 0 0 0 0 0 0 0 0 
241 7 0 0 0 0 0 0 0 0 0 0 0 
242 7 0 0 0 0 0 0 0 0 0 0 0 
243 7 0 0 0 0 0 0 0 0 0 0 0 
244 7 0 0 0 0 0 0 0 0 0 0 0 
245 7 0 0 0 0 0 0 0 0 0 0 0 
246 7 0 0 0 0 0 0 0 0 0 0 0 
247 7 0 0 0 0 0 0 0 0 0 0 0 
248 7 0 0 0 0 0 0 0 0 0 0 0 
249 7 0 0 0 0 0 0 0 0 0 0 0 
250 7 0 0 0 0 0 0 0 0 0 0 0 
251 7 0 0 0 0 0 0 0 0 0 0 0 
252 7 0 0 0 0 0 0 0 0 0 0 0 
253 7 0 0 0 0 0 0 0 0 0 0 0 
254 7 0 0 0 0 0 0 0 0 0 0 0 
255 8 0 0 0 0 0 0 0 0 0 0 0 
256 8 0 0 0 0 0 0 0 0 0 0 0 
257 8 0 0 0 0 0 0 0 0 0 0 0 
258 8 0 0 0 0 0 0 0 0 0 0 0 
259 8 0 0 0 0 0 0 0 0 0 0 0 
260 8 0 0 0 0 0 0 0 0 0 0 0 
261 8 0 0 0 0 0 0 0 0 0 0 0 
262 8 0 0 0 0 0 0 0 0 0 0 0 
263 8 0 0 0 0 0 0 0 0 0 0 0 
264 8 0 0 0 0 0 0 0 0 0 0 0 
265 8 0 0 0 0 0 0 0 0 0 0 0 
266 8 0 0 0 0 0 0 0 0 0 0 0 
267 8 0 0 0 0 0 0 0 0 0 0 0 
268 8 0 0 0 0 0 0 0 0 0 0 0 
269 8 0 0 0 0 0 0 0 0 0 0 0 
270 8 0 0 0 0 0 0 0 0 0 0 0 
271 8 0 0 0 0 0 0 0 0 0 0 0 
272 8 0 0 0 0 0 0 0 0 0 0 0 
273 8 0 0 0 0 0 0 0 0 0 0 0 
274 8 0 0 0 0 0 0 0 0 0 0 0 
275 8 0 0 0 0 0 0 0 0 0 0 0 
276 8 0 0 0 0 0 0 0 0 0 0 0 
277 8 0 0 0 0 0 0 0 0 0 0 0 
278 8 0 0 0 0 0 0 0 0 0 0 0 
279 8 0 0 0 0 0 0 0 0 0 0 0 
280 8 0 0 0 0 0 0 0 0 0 0 0 
281 8 0 0 0 0 0 0 0 0 0 0 0 
282 8 0 0 0 0 0 0 0 0 0 0 0 
283 8 0 0 0 0 0 0 0 0 0 0 0 
284 8 0 0 0 0 0 0 0 0 0 0 0 
285 8 0 0 0 0 0 0 0 0 0 0 0 
286 8 0 0 0 0 0 0 0 0 0 0 0 
287 8 0 0 0 0 0 0 0 0 0 0 0 
288 8 0 0 0 0 0 0 0 0 0 0 0 
289 8 0 0 0 0 0 0 0 0 0 0 0 
290 8 0 0 0 0 0 0 0 0 0 0 0 
291 8 0 0 0 0 0 0 0 0 0 0 0 
292 8 0 0 0 0 0 0 0 0 0 0 0 
293 8 0 0 0 0 0 0 0 0 0 0 0 
294 8 0 0 0 0 0 0 0 0 0 0 0 
295 8 0 0 0 0 0 0 0 0 0 0 0 
296 8 0 0 0 0 0 0 0 0 0 0 0 
297 8 0 0 0 0 0 0 0 0 0 0 0 
298 8 0 0 0 0 0 0 0 0 0 0 0 
299 8 0 0 0 0 0 0 0 0 0 0 0 
300 8 0 0 0 0 0 0 0 0 0 0 0 
301 8 0 0 0 0 0 0 0 0 0 0 0 
302 8 0 0 0 0 0 0 0 0 0 0 0 
303 8 0 0 0 0 0 0 0 0 0 0 0 
304 8 0 0 0 0 0 0 0 0 0 0 0 
305 8 0 0 0 0 0 0 0 0 0 0 0 
306 8 0 0 0 0 0 0 0 0 0 0 0 
307 8 0 0 0 0 0 0 0 0 0 0 0 
308 8 0 0 0 0 0 0 0 0 0 0 0 
309 8 0 0 0 0 0 0 0 0 0 0 0 
310 8 0 0 0 0 0 0 0 0 0 0 0 
311 8 0 0 0 0 0 0 0 0 0 0 0 
312 8 0 0 0 0 0 0 0 0 0 0 0 
313 8 0 0 0 0 0 0 0 0 0 0 0 
314 8 0 0 0 0 0 0 0 0 0 0 0 
315 8 0 0 0 0 0 0 0 0 0 0 0 
316 8 0 0 0 0 0 0 0 0 0 0 0 
317 8 0 0 0 0 0 0 0 0 0 0 0 
318 8 0 0 0 0 0 0 0 0 0 0 0 
319 8 1 0 0 0 0 0 0 0 0 0 0 
320 8 2 0 0 0 0 0 0 0 0 0 0 
321 8 0 0 0 0 0 0 0 0 0 0 0 
322 8 0 0 0 0 0 0 0 0 0 0 0 
323 8 0 0 0 0 0 0 0 0 0 0 0 
324 8 0 0 0 0 0 0 0 0 0 0 0 
325 8 5 0 0 0 0 0 0 0 0 0 0 
326 8 6 0 0 0 0 0 0 0 0 0 0 
327 8 0 0 0 0 0 0 0 0 0 0 0 
328 8 0 0 0 0 0 0 0 0 0 0 0 
329 8 0 0 0 0 0 0 0 0 0 0 0 
330 8 0 0 0 0 0 0 0 0 0 0 0 
331 8 0 0 0 0 0 0 0 0 0 0 0 
332 8 0 0 0 0 0 0 0 0 0 0 0 
333 8 0 0 0 0 0 0 0 0 0 0 0 
334 8 0 0 0 0 0 0 0 0 0 0 0 
335 8 -1 15 1 0 0 19 4 0 0 16 0 
336 8 12 0 0 0 0 0 0 0 0 0 0 
337 8 0 0 0 0 0 0 0 0 0 0 0 
338 8 0 0 0 0 0 0 0 0 0 0 0 
339 8 0 0 0 0 0 0 0 0 0 0 0 
340 8 0 0 0 0 0 0 0 0 0 0 0 
341 8 0 0 0 0 0 0 0 0 0 0 0 
342 8 0 0 0 0 0 0 0 0 0 0 0 
343 8 0 0 0 0 0 0 0 0 0 0 0 
344 8 0 0 0 0 0 0 0 0 0 0 0 
345 8 0 0 0 0 0 0 0 0 0 0 0 
346 8 0 0 0 0 0 0 0 0 0 0 0 
347 8 0 0 0 0 0 0 0 0 0 0 0 
348 8 0 0 0 0 0 0 0 0 0 0 0 
349 8 17 0 0 0 0 0 0 0 0 0 0 
350 8 18 0 0 0 0 0 0 0 0 0 0 
351 8 0 0 0 0 0 0 0 0 0 0 0 
352 8 0 0 0 0 0 0 0 0 0 0 0 
353 8 0 0 0 0 0 0 0 0 0 0 0 
354 8 0 0 0 0 0 0 0 0 0 0 0 
355 8 0 0 0 0 0 0 0 0 0 0 0 
356 8 0 0 0 0 0 0 0 0 0 0 0 
357 8 0 0 0 0 0 0 0 0 0 0 0 
358 8 0 0 0 0 0 0 0 0 0 0 0 
359 8 0 0 0 0 0 0 0 0 0 0 0 
360 8 0 0 0 0 0 0 0 0 0 0 0 
361 8 0 0 0 0 0 0 0 0 0 0 0 
362 8 0 0 0 0 0 0 0 0 0 0 0 
363 8 0 0 0 0 0 0 0 0 0 0 0 
364 8 0 0 0 0 0 0 0 0 0 0 0 
365 8 0 0 0 0 0 0 0 0 0 0 0 
366 8 0 0 0 0 0 0 0 0 0 0 0 
367 8 0 0 0 0 0 0 0 0 0 0 0 
368 8 0 0 0 0 0 0 0 0 0 0 0 
369 8 0 0 0 0 0 0 0 0 0 0 0 
370 8 0 0 0 0 0 0 0 0 0 0 0 
371 8 0 0 0 0 0 0 0 0 0 0 0 
372 8 0 0 0 0 0 0 0 0 0 0 0 
373 8 0 0 0 0 0 0 0 0 0 0 0 
374 8 0 0 0 0 0 0 0 0 0 0 0 
375 8 0 0 0 0 0 0 0 0 0 0 0 
376 8 0 0 0 0 0 0 0 0 0 0 0 
377 8 0 0 0 0 0 0 0 0 0 0 0 
378 8 0 0 0 0 0 0 0 0 0 0 0 
379 8 0 0 0 0 0 0 0 0 0 0 0 
380 8 0 0 0 0 0 0 0 0 0 0 0 
381 8 0 0 0 0 0 0 0 0 0 0 0 
382 8 0 0 0 0 0 0 0 0 0 0 0 
383 8 0 0 0 0 0 0 0 0 0 0 0 
384 8 0 0 0 0 0 0 0 0 0 0 0 
385 8 0 0 0 0 0 0 0 0 0 0 0 
386 8 0 0 0 0 0 0 0 0 0 0 0 
387 8 0 0 0 0 0 0 0 0 0 0 0 
388 8 0 0 0 0 0 0 0 0 0 0 0 
389 8 0 0 0 0 0 0 0 0 0 0 0 
390 8 0 0 0 0 0 0 0 0 0 0 0 
391 8 0 0 0 0 0 0 0 0 0 0 0 
392 8 0 0 0 0 0 0 0 0 0 0 0 
393 8 0 0 0 0 0 0 0 0 0 0 0 
394 8 0 0 0 0 0 0 0 0 0 0 0 
395 8 0 0 0 0 0 0 0 0 0 0 0 
396 8 0 0 0 0 0 0 0 0 0 0 0 
397 8 0 0 0 0 0 0 0 0 0 0 0 
398 8 0 0 0 0 0 0 0 0 0 0 0 
399 8 -1 129 0 51 -1 -1 -1 -1 -1 32 -126 
400 8 -1 12 4 0 0 19 18 0 0 11 -2 
401 8 28 0 0 0 0 0 0 0 0 0 0 
402 8 -1 16 1 0 0 12 19 0 0 1 -24 
403 8 -1 3 5 0 0 14 13 0 0 2 1 
404 8 -1 7 9 0 0 16 2 0 0 3 -34 
405 8 -1 1 7 0 0 18 1 0 0 1 -41 
406 8 41 0 0 0 0 0 0 0 0 0 0 
407 8 0 0 0 0 0 0 0 0 0 0 0 
408 8 0 0 0 0 0 0 0 0 0 0 0 
409 8 43 0 0 0 0 0 0 0 0 0 0 
410 8 44 0 0 0 0 0 0 0 0 0 0 
411 8 -1 3 17 0 0 8 3 0 0 0 -2 
412 8 47 0 0 0 0 0 0 0 0 0 0 
413 8 48 0 0 0 0 0 0 0 0 0 0 
414 8 -1 14 14 0 0 1 5 0 0 5 2 
415 8 0 0 0 0 0 0 0 0 0 0 0 
416 8 0 0 0 0 0 0 0 0 0 0 0 
417 8 0 0 0 0 0 0 0 0 0 0 0 
418 8 0 0 0 0 0 0 0 0 0 0 0 
419 8 0 0 0 0 0 0 0 0 0 0 0 
420 8 0 0 0 0 0 0 0 0 0 0 0 
421 8 0 0 0 0 0 0 0 0 0 0 0 
422 8 0 0 0 0 0 0 0 0 0 0 0 
423 8 0 0 0 0 0 0 0 0 0 0 0 
424 8 0 0 0 0 0 0 0 0 0 0 0 
425 8 0 0 0 0 0 0 0 0 0 0 0 
426 8 0 0 0 0 0 0 0 0 0 0 0 
427 8 0 0 0 0 0 0 0 0 0 0 0 
428 8 0 0 0 0 0 0 0 0 0 0 0 
429 8 0 0 0 0 0 0 0 0 0 0 0 
430 8 0 0 0 0 0 0 0 0 0 0 0 
431 8 0 0 0 0 0 0 0 0 0 0 0 
432 8 0 0 0 0 0 0 0 0 0 0 0 
433 8 0 0 0 0 0 0 0 0 0 0 0 
434 8 0 0 0 0 0 0 0 0 0 0 0 
435 8 0 0 0 0 0 0 0 0 0 0 0 
436 8 0 0 0 0 0 0 0 0 0 0 0 
437 8 0 0 0 0 0 0 0 0 0 0 0 
438 8 0 0 0 0 0 0 0 0 0 0 0 
439 8 0 0 0 0 0 0 0 0 0 0 0 
440 8 0 0 0 0 0 0 0 0 0 0 0 
441 8 0 0 0 0 0 0 0 0 0 0 0 
442 8 0 0 0 0 0 0 0 0 0 0 0 
443 8 0 0 0 0 0 0 0 0 0 0 0 
444 8 0 0 0 0 0 0 0 0 0 0 0 
445 8 0 0 0 0 0 0 0 0 0 0 0 
446 8 0 0 0 0 0 0 0 0 0 0 0 
447 8 0 0 0 0 0 0 0 0 0 0 0 
448 8 0 0 0 0 0 0 0 0 0 0 0 
449 8 0 0 0 0 0 0 0 0 0 0 0 
450 8 0 0 0 0 0 0 0 0 0 0 0 
451 8 0 0 0 0 0 0 0 0 0 0 0 
452 8 0 0 0 0 0 0 0 0 0 0 0 
453 8 0 0 0 0 0 0 0 0 0 0 0 
454 8 0 0 0 0 0 0 0 0 0 0 0 
455 8 0 0 0 0 0 0 0 0 0 0 0 
456 8 0 0 0 0 0 0 0 0 0 0 0 
457 8 0 0 0 0 0 0 0 0 0 0 0 
458 8 0 0 0 0 0 0 0 0 0 0 0 
459 8 0 0 0 0 0 0 0 0 0 0 0 
460 8 0 0 0 0 0 0 0 0 0 0 0 
461 8 0 0 0 0 0 0 0 0 0 0 0 
462 8 0 0 0 0 0 0 0 0 0 0 0 
463 8 0 0 0 0 0 0 0 0 0 0 0 
464 8 0 0 0 0 0 0 0 0 0 0 0 
465 8 0 0 0 0 0 0 0 0 0 0 0 
466 8 0 0 0 0 0 0 0 0 0 0 0 
467 8 0 0 0 0 0 0 0 0 0 0 0 
468 8 0 0 0 0 0 0 0 0 0 0 0 
469 8 0 0 0 0 0 0 0 0 0 0 0 
470 8 0 0 0 0 0 0 0 0 0 0 0 
471 8 0 0 0 0 0 0 0 0 0 0 0 
472 8 0 0 0 0 0 0 0 0 0 0 0 
473 8 0 0 0 0 0 0 0 0 0 0 0 
474 8 0 0 0 0 0 0 0 0 0 0 0 
475 8 0 0 0 0 0 0 0 0 0 0 0 
476 8 0 0 0 0 0 0 0 0 0 0 0 
477 8 0 0 0 0 0 0 0 0 0 0 0 
478 8 0 0 0 0 0 0 0 0 0 0 0 
479 8 0 0 0 0 0 0 0 0 0 0 0 
480 8 0 0 0 0 0 0 0 0 0 0 0 
481 8 0 0 0 0 0 0 0 0 0 0 0 
482 8 0 0 0 0 0 0 0 0 0 0 0 
483 8 0 0 0 0 0 0 0 0 0 0 0 
484 8 0 0 0 0 0 0 0 0 0 0 0 
485 8 0 0 0 0 0 0 0 0 0 0 0 
486 8 0 0 0 0 0 0 0 0 0 0 0 
487 8 0 0 0 0 0 0 0 0 0 0 0 
488 8 0 0 0 0 0 0 0 0 0 0 0 
489 8 0 0 0 0 0 0 0 0 0 0 0 
490 8 0 0 0 0 0 0 0 0 0 0 0 
491 8 0 0 0 0 0 0 0 0 0 0 0 
492 8 0 0 0 0 0 0 0 0 0 0 0 
493 8 0 0 0 0 0 0 0 0 0 0 0 
494 8 0 0 0 0 0 0 0 0 0 0 0 
495 8 0 0 0 0 0 0 0 0 0 0 0 
496 8 0 0 0 0 0 0 0 0 0 0 0 
497 8 0 0 0 0 0 0 0 0 0 0 0 
498 8 0 0 0 0 0 0 0 0 0 0 0 
499 8 0 0 0 0 0 0 0 0 0 0 0 
500 8 0 0 0 0 0 0 0 0 0 0 0 
501 8 0 0 0 0 0 0 0 0 0 0 0 
502 8 0 0 0 0 0 0 0 0 0 0 0 
503 8 0 0 0 0 0 0 0 0 0 0 0 
504 8 0 0 0 0 0 0 0 0 0 0 0 
505 8 0 0 0 0 0 0 0 0 0 0 0 
506 8 0 0 0 0 0 0 0 0 0 0 0 
507 8 0 0 0 0 0 0 0 0 0 0 0 
508 8 0 0 0 0 0 0 0 0 0 0 0 
509 8 0 0 0 0 0 0 0 0 0 0 0 
510 8 0 0 0 0 0 0 0 0 0 0 0 
511 9 0 0 0 0 0 0 0 0 0 0 0 
512 9 0 0 0 0 0 0 0 0 0 0 0 
513 9 0 0 0 0 0 0 0 0 0 0 0 
514 9 0 0 0 0 0 0 0 0 0 0 0 
515 9 0 0 0 0 0 0 0 0 0 0 0 
516 9 0 0 0 0 0 0 0 0 0 0 0 
517 9 0 0 0 0 0 0 0 0 0 0 0 
518 9 0 0 0 0 0 0 0 0 0 0 0 
519 9 0 0 0 0 0 0 0 0 0 0 0 
520 9 0 0 0 0 0 0 0 0 0 0 0 
521 9 0 0 0 0 0 0 0 0 0 0 0 
522 9 0 0 0 0 0 0 0 0 0 0 0 
523 9 0 0 0 0 0 0 0 0 0 0 0 
524 9 0 0 0 0 0 0 0 0 0 0 0 
525 9 0 0 0 0 0 0 0 0 0 0 0 
526 9 0 0 0 0 0 0 0 0 0 0 0 
527 9 0 0 0 0 0 0 0 0 0 0 0 
528 9 0 0 0 0 0 0 0 0 0 0 0 
529 9 0 0 0 0 0 0 0 0 0 0 0 
530 9 0 0 0 0 0 0 0 0 0 0 0 
531 9 0 0 0 0 0 0 0 0 0 0 0 
532 9 0 0 0 0 0 0 0 0 0 0 0 
533 9 0 0 0 0 0 0 0 0 0 0 0 
534 9 0 0 0 0 0 0 0 0 0 0 0 
535 9 0 0 0 0 0 0 0 0 0 0 0 
536 9 0 0 0 0 0 0 0 0 0 0 0 
537 9 0 0 0 0 0 0 0 0 0 0 0 
538 9 0 0 0 0 0 0 0 0 0 0 0 
539 9 0 0 0 0 0 0 0 0 0 0 0 
540 9 0 0 0 0 0 0 0 0 0 0 0 
541 9 0 0 0 0 0 0 0 0 0 0 0 
542 9 0 0 0 0 0 0 0 0 0 0 0 
543 9 0 0 0 0 0 0 0 0 0 0 0 
544 9 0 0 0 0 0 0 0 0 0 0 0 
545 9 0 0 0 0 0 0 0 0 0 0 0 
546 9 0 0 0 0 0 0 0 0 0 0 0 
547 9 0 0 0 0 0 0 0 0 0 0 0 
548 9 0 0 0 0 0 0 0 0 0 0 0 
549 9 0 0 0 0 0 0 0 0 0 0 0 
550 9 0 0 0 0 0 0 0 0 0 0 0 
551 9 0 0 0 0 0 0 0 0 0 0 0 
552 9 0 0 0 0 0 0 0 0 0 0 0 
553 9 0 0 0 0 0 0 0 0 0 0 0 
554 9 0 0 0 0 0 0 0 0 0 0 0 
555 9 0 0 0 0 0 0 0 0 0 0 0 
556 9 0 0 0 0 0 0 0 0 0 0 0 
557 9 0 0 0 0 0 0 0 0 0 0 0 
558 9 0 0 0 0 0 0 0 0 0 0 0 
559 9 0 0 0 0 0 0 0 0 0 0 0 
560 9 0 0 0 0 0 0 0 0 0 0 0 
561 9 0 0 0 0 0 0 0 0 0 0 0 
562 9 0 0 0 0 0 0 0 0 0 0 0 
563 9 0 0 0 0 0 0 0 0 0 0 0 
564 9 0 0 0 0 0 0 0 0 0 0 0 
565 9 0 0 0 0 0 0 0 0 0 0 0 
566 9 0 0 0 0 0 0 0 0 0 0 0 
567 9 0 0 0 0 0 0 0 0 0 0 0 
568 9 0 0 0 0 0 0 0 0 0 0 0 
569 9 0 0 0 0 0 0 0 0 0 0 0 
570 9 0 0 0 0 0 0 0 0 0 0 0 
571 9 0 0 0 0 0 0 0 0 0 0 0 
572 9 0 0 0 0 0 0 0 0 0 0 0 
573 9 0 0 0 0 0 0 0 0 0 0 0 
574 9 0 0 0 0 0 0 0 0 0 0 0 
575 9 0 0 0 0 0 0 0 0 0 0 0 
576 9 0 0 0 0 0 0 0 0 0 0 0 
577 9 0 0 0 0 0 0 0 0 0 0 0 
578 9 0 0 0 0 0 0 0 0 0 0 0 
579 9 0 0 0 0 0 0 0 0 0 0 0 
580 9 0 0 0 0 0 0 0 0 0 0 0 
581 9 0 0 0 0 0 0 0 0 0 0 0 
582 9 0 0 0 0 0 0 0 0 0 0 0 
583 9 0 0 0 0 0 0 0 0 0 0 0 
584 9 0 0 0 0 0 0 0 0 0 0 0 
585 9 0 0 0 0 0 0 0 0 0 0 0 
586 9 0 0 0 0 0 0 0 0 0 0 0 
587 9 0 0 0 0 0 0 0 0 0 0 0 
588 9 0 0 0 0 0 0 0 0 0 0 0 
589 9 0 0 0 0 0 0 0 0 0 0 0 
590 9 0 0 0 0 0 0 0 0 0 0 0 
591 9 0 0 0 0 0 0 0 0 0 0 0 
592 9 0 0 0 0 0 0 0 0 0 0 0 
593 9 0 0 0 0 0 0 0 0 0 0 0 
594 9 0 0 0 0 0 0 0 0 0 0 0 
595 9 0 0 0 0 0 0 0 0 0 0 0 
596 9 0 0 0 0 0 0 0 0 0 0 0 
597 9 0 0 0 0 0 0 0 0 0 0 0 
598 9 0 0 0 0 0 0 0 0 0 0 0 
599 9 0 0 0 0 0 0 0 0 0 0 0 
600 9 0 0 0 0 0 0 0 0 0 0 0 
601 9 0 0 0 0 0 0 0 0 0 0 0 
602 9 0 0 0 0 0 0 0 0 0 0 0 
603 9 0 0 0 0 0 0 0 0 0 0 0 
604 9 0 0 0 0 0 0 0 0 0 0 0 
605 9 0 0 0 0 0 0 0 0 0 0 0 
606 9 0 0 0 0 0 0 0 0 0 0 0 
607 9 0 0 0 0 0 0 0 0 0 0 0 
608 9 0 0 0 0 0 0 0 0 0 0 0 
609 9 0 0 0 0 0 0 0 0 0 0 0 
610 9 0 0 0 0 0 0 0 0 0 0 0 
611 9 0 0 0 0 0 0 0 0 0 0 0 
612 9 0 0 0 0 0 0 0 0 0 0 0 
613 9 0 0 0 0 0 0 0 0 0 0 0 
614 9 0 0 0 0 0 0 0 0 0 0 0 
615 9 0 0 0 0 0 0 0 0 0 0 0 
616 9 0 0 0 0 0 0 0 0 0 0 0 
617 9 0 0 0 0 0 0 0 0 0 0 0 
618 9 0 0 0 0 0 0 0 0 0 0 0 
619 9 0 0 0 0 0 0 0 0 0 0 0 
620 9 0 0 0 0 0 0 0 0 0 0 0 
621 9 0 0 0 0 0 0 0 0 0 0 0 
622 9 0 0 0 0 0 0 0 0 0 0 0 
623 9 0 0 0 0 0 0 0 0 0 0 0 
624 9 0 0 0 0 0 0 0 0 0 0 0 
625 9 0 0 0 0 0 0 0 0 0 0 0 
626 9 0 0 0 0 0 0 0 0 0 0 0 
627 9 0 0 0 0 0 0 0 0 0 0 0 
628 9 0 0 0 0 0 0 0 0 0 0 0 
629 9 0 0 0 0 0 0 0 0 0 0 0 
630 9 0 0 0 0 0 0 0 0 0 0 0 
631 9 0 0 0 0 0 0 0 0 0 0 0 
632 9 0 0 0 0 0 0 0 0 0 0 0 
633 9 0 0 0 0 0 0 0 0 0 0 0 
634 9 0 0 0 0 0 0 0 0 0 0 0 
635 9 0 0 0 0 0 0 0 0 0 0 0 
636 9 0 0 0 0 0 0 0 0 0 0 0 
637 9 0 0 0 0 0 0 0 0 0 0 0 
638 9 0 0 0 0 0 0 0 0 0 0 0 
639 9 0 0 0 0 0 0 0 0 0 0 0 
640 9 0 0 0 0 0 0 0 0 0 0 0 
641 9 0 0 0 0 0 0 0 0 0 0 0 
642 9 0 0 0 0 0 0 0 0 0 0 0 
643 9 0 0 0 0 0 0 0 0 0 0 0 
644 9 0 0 0 0 0 0 0 0 0 0 0 
645 9 0 0 0 0 0 0 0 0 0 0 0 
646 9 0 0 0 0 0 0 0 0 0 0 0 
647 9 0 0 0 0 0 0 0 0 0 0 0 
648 9 0 0 0 0 0 0 0 0 0 0 0 
649 9 0 0 0 0 0 0 0 0 0 0 0 
650 9 0 0 0 0 0 0 0 0 0 0 0 
651 9 0 0 0 0 0 0 0 0 0 0 0 
652 9 0 0 0 0 0 0 0 0 0 0 0 
653 9 0 0 0 0 0 0 0 0 0 0 0 
654 9 0 0 0 0 0 0 0 0 0 0 0 
655 9 0 0 0 0 0 0 0 0 0 0 0 
656 9 0 0 0 0 0 0 0 0 0 0 0 
657 9 0 0 0 0 0 0 0 0 0 0 0 
658 9 0 0 0 0 0 0 0 0 0 0 0 
659 9 0 0 0 0 0 0 0 0 0 0 0 
660 9 0 0 0 0 0 0 0 0 0 0 0 
661 9 0 0 0 0 0 0 0 0 0 0 0 
662 9 0 0 0 0 0 0 0 0 0 0 0 
663 9 0 0 0 0 0 0 0 0 0 0 0 
664 9 0 0 0 0 0 0 0 0 0 0 0 
665 9 0 0 0 0 0 0 0 0 0 0 0 
666 9 0 0 0 0 0 0 0 0 0 0 0 
667 9 0 0 0 0 0 0 0 0 0 0 0 
668 9 0 0 0 0 0 0 0 0 0 0 0 
669 9 0 0 0 0 0 0 0 0 0 0 0 
670 9 0 0 0 0 0 0 0 0 0 0 0 
671 9 -1 8 4 0 0 6 2 0 0 10 19 
672 9 -1 277 0 64 -1 -1 -1 -1 -1 32 22 
673 9 0 0 0 0 0 0 0 0 0 0 0 
674 9 0 0 0 0 0 0 0 0 0 0 0 
675 9 0 0 0 0 0 0 0 0 0 0 0 
676 9 0 0 0 0 0 0 0 0 0 0 0 
677 9 0 0 0 0 0 0 0 0 0 0 0 
678 9 0 0 0 0 0 0 0 0 0 0 0 
679 9 0 0 0 0 0 0 0 0 0 0 0 
680 9 0 0 0 0 0 0 0 0 0 0 0 
681 9 0 0 0 0 0 0 0 0 0 0 0 
682 9 0 0 0 0 0 0 0 0 0 0 0 
683 9 0 0 0 0 0 0 0 0 0 0 0 
684 9 0 0 0 0 0 0 0 0 0 0 0 
685 9 0 0 0 0 0 0 0 0 0 0 0 
686 9 0 0 0 0 0 0 0 0 0 0 0 
687 9 0 0 0 0 0 0 0 0 0 0 0 
688 9 0 0 0 0 0 0 0 0 0 0 0 
689 9 0 0 0 0 0 0 0 0 0 0 0 
690 9 0 0 0 0 0 0 0 0 0 0 0 
691 9 0 0 0 0 0 0 0 0 0 0 0 
692 9 0 0 0 0 0 0 0 0 0 0 0 
693 9 0 0 0 0 0 0 0 0 0 0 0 
694 9 0 0 0 0 0 0 0 0 0 0 0 
695 9 0 0 0 0 0 0 0 0 0 0 0 
696 9 0 0 0 0 0 0 0 0 0 0 0 
697 9 0 0 0 0 0 0 0 0 0 0 0 
698 9 0 0 0 0 0 0 0 0 0 0 0 
699 9 0 0 0 0 0 0 0 0 0 0 0 
700 9 0 0 0 0 0 0 0 0 0 0 0 
701 9 0 0 0 0 0 0 0 0 0 0 0 
702 9 0 0 0 0 0 0 0 0 0 0 0 
703 9 0 0 0 0 0 0 0 0 0 0 0 
704 9 0 0 0 0 0 0 0 0 0 0 0 
705 9 0 0 0 0 0 0 0 0 0 0 0 
706 9 0 0 0 0 0 0 0 0 0 0 0 
707 9 0 0 0 0 0 0 0 0 0 0 0 
708 9 0 0 0 0 0 0 0 0 0 0 0 
709 9 0 0 0 0 0 0 0 0 0 0 0 
710 9 0 0 0 0 0 0 0 0 0 0 0 
711 9 0 0 0 0 0 0 0 0 0 0 0 
712 9 0 0 0 0 0 0 0 0 0 0 0 
713 9 0 0 0 0 0 0 0 0 0 0 0 
714 9 0 0 0 0 0 0 0 0 0 0 0 
715 9 0 0 0 0 0 0 0 0 0 0 0 
716 9 0 0 0 0 0 0 0 0 0 0 0 
717 9 0 0 0 0 0 0 0 0 0 0 0 
718 9 0 0 0 0 0 0 0 0 0 0 0 
719 9 0 0 0 0 0 0 0 0 0 0 0 
720 9 0 0 0 0 0 0 0 0 0 0 0 
721 9 0 0 0 0 0 0 0 0 0 0 0 
722 9 0 0 0 0 0 0 0 0 0 0 0 
723 9 0 0 0 0 0 0 0 0 0 0 0 
724 9 0 0 0 0 0 0 0 0 0 0 0 
725 9 0 0 0 0 0 0 0 0 0 0 0 
726 9 0 0 0 0 0 0 0 0 0 0 0 
727 9 0 0 0 0 0 0 0 0 0 0 0 
728 9 0 0 0 0 0 0 0 0 0 0 0 
729 9 0 0 0 0 0 0 0 0 0 0 0 
730 9 0 0 0 0 0 0 0 0 0 0 0 
731 9 0 0 0 0 0 0 0 0 0 0 0 
732 9 0 0 0 0 0 0 0 0 0 0 0 
733 9 0 0 0 0 0 0 0 0 0 0 0 
734 9 0 0 0 0 0 0 0 0 0 0 0 
735 9 0 0 0 0 0 0 0 0 0 0 0 
736 9 0 0 0 0 0 0 0 0 0 0 0 
737 9 0 0 0 0 0 0 0 0 0 0 0 
738 9 0 0 0 0 0 0 0 0 0 0 0 
739 9 0 0 0 0 0 0 0 0 0 0 0 
740 9 0 0 0 0 0 0 0 0 0 0 0 
741 9 0 0 0 0 0 0 0 0 0 0 0 
742 9 0 0 0 0 0 0 0 0 0 0 0 
743 9 0 0 0 0 0 0 0 0 0 0 0 
744 9 0 0 0 0 0 0 0 0 0 0 0 
745 9 0 0 0 0 0 0 0 0 0 0 0 
746 9 0 0 0 0 0 0 0 0 0 0 0 
747 9 0 0 0 0 0 0 0 0 0 0 0 
748 9 0 0 0 0 0 0 0 0 0 0 0 
749 9 0 0 0 0 0 0 0 0 0 0 0 
750 9 0 0 0 0 0 0 0 0 0 0 0 
751 9 0 0 0 0 0 0 0 0 0 0 0 
752 9 0 0 0 0 0 0 0 0 0 0 0 
753 9 0 0 0 0 0 0 0 0 0 0 0 
754 9 0 0 0 0 0 0 0 0 0 0 0 
755 9 0 0 0 0 0 0 0 0 0 0 0 
756 9 0 0 0 0 0 0 0 0 0 0 0 
757 9 0 0 0 0 0 0 0 0 0 0 0 
758 9 0 0 0 0 0 0 0 0 0 0 0 
759 9 0 0 0 0 0 0 0 0 0 0 0 
760 9 0 0 0 0 0 0 0 0 0 0 0 
761 9 0 0 0 0 0 0 0 0 0 0 0 
762 9 0 0 0 0 0 0 0 0 0 0 0 
763 9 0 0 0 0 0 0 0 0 0 0 0 
764 9 0 0 0 0 0 0 0 0 0 0 0 
765 9 0 0 0 0 0 0 0 0 0 0 0 
766 9 0 0 0 0 0 0 0 0 0 0 0 
767 9 0 0 0 0 0 0 0 0 0 0 0 
768 9 0 0 0 0 0 0 0 0 0 0 0 
769 9 0 0 0 0 0 0 0 0 0 0 0 
770 9 0 0 0 0 0 0 0 0 0 0 0 
771 9 0 0 0 0 0 0 0 0 0 0 0 
772 9 0 0 0 0 0 0 0 0 0 0 0 
773 9 0 0 0 0 0 0 0 0 0 0 0 
774 9 0 0 0 0 0 0 0 0 0 0 0 
775 9 0 0 0 0 0 0 0 0 0 0 0 
776 9 0 0 0 0 0 0 0 0 0 0 0 
777 9 0 0 0 0 0 0 0 0 0 0 0 
778 9 0 0 0 0 0 0 0 0 0 0 0 
779 9 0 0 0 0 0 0 0 0 0 0 0 
780 9 0 0 0 0 0 0 0 0 0 0 0 
781 9 0 0 0 0 0 0 0 0 0 0 0 
782 9 0 0 0 0 0 0 0 0 0 0 0 
783 9 0 0 0 0 0 0 0 0 0 0 0 
784 9 0 0 0 0 0 0 0 0 0 0 0 
785 9 0 0 0 0 0 0 0 0 0 0 0 
786 9 0 0 0 0 0 0 0 0 0 0 0 
787 9 0 0 0 0 0 0 0 0 0 0 0 
788 9 0 0 0 0 0 0 0 0 0 0 0 
789 9 0 0 0 0 0 0 0 0 0 0 0 
790 9 0 0 0 0 0 0 0 0 0 0 0 
791 9 0 0 0 0 0 0 0 0 0 0 0 
792 9 0 0 0 0 0 0 0 0 0 0 0 
793 9 0 0 0 0 0 0 0 0 0 0 0 
794 9 0 0 0 0 0 0 0 0 0 0 0 
795 9 0 0 0 0 0 0 0 0 0 0 0 
796 9 0 0 0 0 0 0 0 0 0 0 0 
797 9 0 0 0 0 0 0 0 0 0 0 0 
798 9 0 0 0 0 0 0 0 0 0 0 0 
799 9 21 0 0 0 0 0 0 0 0 0 0 
800 9 -1 19 3 0 0 14 19 0 0 0 140 
801 9 -1 263 2 58 -1 -1 -1 -1 -1 32 -72 
802 9 -1 112 0 31 -1 -1 -1 -1 -1 32 -155 
803 9 0 0 0 0 0 0 0 0 0 0 0 
804 9 0 0 0 0 0 0 0 0 0 0 0 
805 9 29 0 0 0 0 0 0 0 0 0 0 
806 9 -1 1 12 0 0 7 18 0 0 1 5 
807 9 -1 12 17 0 0 4 13 0 0 1 -6 
808 9 34 0 0 0 0 0 0 0 0 0 0 
809 9 35 0 0 0 0 0 0 0 0 0 0 
810 9 -1 172 2 25 -1 -1 -1 -1 -1 32 -123 
811 9 38 0 0 0 0 0 0 0 0 0 0 
812 9 -1 1 16 0 0 16 7 0 0 8 17 
813 9 0 0 0 0 0 0 0 0 0 0 0 
814 9 0 0 0 0 0 0 0 0 0 0 0 
815 9 0 0 0 0 0 0 0 0 0 0 0 
816 9 0 0 0 0 0 0 0 0 0 0 0 
817 9 0 0 0 0 0 0 0 0 0 0 0 
818 9 0 0 0 0 0 0 0 0 0 0 0 
819 9 0 0 0 0 0 0 0 0 0 0 0 
820 9 0 0 0 0 0 0 0 0 0 0 0 
821 9 0 0 0 0 0 0 0 0 0 0 0 
822 9 0 0 0 0 0 0 0 0 0 0 0 
823 9 45 0 0 0 0 0 0 0 0 0 0 
824 9 46 0 0 0 0 0 0 0 0 0 0 
825 9 0 0 0 0 0 0 0 0 0 0 0 
826 9 0 0 0 0 0 0 0 0 0 0 0 
827 9 0 0 0 0 0 0 0 0 0 0 0 
828 9 0 0 0 0 0 0 0 0 0 0 0 
829 9 49 0 0 0 0 0 0 0 0 0 0 
830 9 50 0 0 0 0 0 0 0 0 0 0 
831 9 0 0 0 0 0 0 0 0 0 0 0 
832 9 0 0 0 0 0 0 0 0 0 0 0 
833 9 0 0 0 0 0 0 0 0 0 0 0 
834 9 0 0 0 0 0 0 0 0 0 0 0 
835 9 0 0 0 0 0 0 0 0 0 0 0 
836 9 0 0 0 0 0 0 0 0 0 0 0 
837 9 0 0 0 0 0 0 0 0 0 0 0 
838 9 0 0 0 0 0 0 0 0 0 0 0 
839 9 0 0 0 0 0 0 0 0 0 0 0 
840 9 0 0 0 0 0 0 0 0 0 0 0 
841 9 0 0 0 0 0 0 0 0 0 0 0 
842 9 0 0 0 0 0 0 0 0 0 0 0 
843 9 0 0 0 0 0 0 0 0 0 0 0 
844 9 0 0 0 0 0 0 0 0 0 0 0 
845 9 0 0 0 0 0 0 0 0 0 0 0 
846 9 0 0 0 0 0 0 0 0 0 0 0 
847 9 0 0 0 0 0 0 0 0 0 0 0 
848 9 0 0 0 0 0 0 0 0 0 0 0 
849 9 0 0 0 0 0 0 0 0 0 0 0 
850 9 0 0 0 0 0 0 0 0 0 0 0 
851 9 0 0 0 0 0 0 0 0 0 0 0 
852 9 0 0 0 0 0 0 0 0 0 0 0 
853 9 0 0 0 0 0 0 0 0 0 0 0 
854 9 0 0 0 0 0 0 0 0 0 0 0 
855 9 0 0 0 0 0 0 0 0 0 0 0 
856 9 0 0 0 0 0 0 0 0 0 0 0 
857 9 0 0 0 0 0 0 0 0 0 0 0 
858 9 0 0 0 0 0 0 0 0 0 0 0 
859 9 0 0 0 0 0 0 0 0 0 0 0 
860 9 0 0 0 0 0 0 0 0 0 0 0 
861 9 0 0 0 0 0 0 0 0 0 0 0 
862 9 0 0 0 0 0 0 0 0 0 0 0 
863 9 0 0 0 0 0 0 0 0 0 0 0 
864 9 0 0 0 0 0 0 0 0 0 0 0 
865 9 0 0 0 0 0 0 0 0 0 0 0 
866 9 0 0 0 0 0 0 0 0 0 0 0 
867 9 0 0 0 0 0 0 0 0 0 0 0 
868 9 0 0 0 0 0 0 0 0 0 0 0 
869 9 0 0 0 0 0 0 0 0 0 0 0 
870 9 0 0 0 0 0 0 0 0 0 0 0 
871 9 0 0 0 0 0 0 0 0 0 0 0 
872 9 0 0 0 0 0 0 0 0 0 0 0 
873 9 0 0 0 0 0 0 0 0 0 0 0 
874 9 0 0 0 0 0 0 0 0 0 0 0 
875 9 0 0 0 0 0 0 0 0 0 0 0 
876 9 0 0 0 0 0 0 0 0 0 0 0 
877 9 0 0 0 0 0 0 0 0 0 0 0 
878 9 0 0 0 0 0 0 0 0 0 0 0 
879 9 0 0 0 0 0 0 0 0 0 0 0 
880 9 0 0 0 0 0 0 0 0 0 0 0 
881 9 0 0 0 0 0 0 0 0 0 0 0 
882 9 0 0 0 0 0 0 0 0 0 0 0 
883 9 0 0 0 0 0 0 0 0 0 0 0 
884 9 0 0 0 0 0 0 0 0 0 0 0 
885 9 0 0 0 0 0 0 0 0 0 0 0 
886 9 0 0 0 0 0 0 0 0 0 0 0 
887 9 0 0 0 0 0 0 0 0 0 0 0 
888 9 0 0 0 0 0 0 0 0 0 0 0 
889 9 0 0 0 0 0 0 0 0 0 0 0 
890 9 0 0 0 0 0 0 0 0 0 0 0 
891 9 0 0 0 0 0 0 0 0 0 0 0 
892 9 0 0 0 0 0 0 0 0 0 0 0 
893 9 0 0 0 0 0 0 0 0 0 0 0 
894 9 0 0 0 0 0 0 0 0 0 0 0 
895 9 0 0 0 0 0 0 0 0 0 0 0 
896 9 0 0 0 0 0 0 0 0 0 0 0 
897 9 0 0 0 0 0 0 0 0 0 0 0 
898 9 0 0 0 0 0 0 0 0 0 0 0 
899 9 0 0 0 0 0 0 0 0 0 0 0 
900 9 0 0 0 0 0 0 0 0 0 0 0 
901 9 0 0 0 0 0 0 0 0 0 0 0 
902 9 0 0 0 0 0 0 0 0 0 0 0 
903 9 0 0 0 0 0 0 0 0 0 0 0 
904 9 0 0 0 0 0 0 0 0 0 0 0 
905 9 0 0 0 0 0 0 0 0 0 0 0 
906 9 0 0 0 0 0 0 0 0 0 0 0 
907 9 0 0 0 0 0 0 0 0 0 0 0 
908 9 0 0 0 0 0 0 0 0 0 0 0 
909 9 0 0 0 0 0 0 0 0 0 0 0 
910 9 0 0 0 0 0 0 0 0 0 0 0 
911 9 0 0 0 0 0 0 0 0 0 0 0 
912 9 0 0 0 0 0 0 0 0 0 0 0 
913 9 0 0 0 0 0 0 0 0 0 0 0 
914 9 0 0 0 0 0 0 0 0 0 0 0 
915 9 0 0 0 0 0 0 0 0 0 0 0 
916 9 0 0 0 0 0 0 0 0 0 0 0 
917 9 0 0 0 0 0 0 0 0 0 0 0 
918 9 0 0 0 0 0 0 0 0 0 0 0 
919 9 0 0 0 0 0 0 0 0 0 0 0 
920 9 0 0 0 0 0 0 0 0 0 0 0 
921 9 0 0 0 0 0 0 0 0 0 0 0 
922 9 0 0 0 0 0 0 0 0 0 0 0 
923 9 0 0 0 0 0 0 0 0 0 0 0 
924 9 0 0 0 0 0 0 0 0 0 0 0 
925 9 0 0 0 0 0 0 0 0 0 0 0 
926 9 0 0 0 0 0 0 0 0 0 0 0 
927 9 0 0 0 0 0 0 0 0 0 0 0 
928 9 0 0 0 0 0 0 0 0 0 0 0 
929 9 0 0 0 0 0 0 0 0 0 0 0 
930 9 0 0 0 0 0 0 0 0 0 0 0 
931 9 0 0 0 0 0 0 0 0 0 0 0 
932 9 0 0 0 0 0 0 0 0 0 0 0 
933 9 0 0 0 0 0 0 0 0 0 0 0 
934 9 0 0 0 0 0 0 0 0 0 0 0 
935 9 0 0 0 0 0 0 0 0 0 0 0 
936 9 0 0 0 0 0 0 0 0 0 0 0 
937 9 0 0 0 0 0 0 0 0 0 0 0 
938 9 0 0 0 0 0 0 0 0 0 0 0 
939 9 0 0 0 0 0 0 0 0 0 0 0 
940 9 0 0 0 0 0 0 0 0 0 0 0 
941 9 0 0 0 0 0 0 0 0 0 0 0 
942 9 0 0 0 0 0 0 0 0 0 0 0 
943 9 0 0 0 0 0 0 0 0 0 0 0 
944 9 0 0 0 0 0 0 0 0 0 0 0 
945 9 0 0 0 0 0 0 0 0 0 0 0 
946 9 0 0 0 0 0 0 0 0 0 0 0 
947 9 0 0 0 0 0 0 0 0 0 0 0 
948 9 0 0 0 0 0 0 0 0 0 0 0 
949 9 0 0 0 0 0 0 0 0 0 0 0 
950 9 0 0 0 0 0 0 0 0 0 0 0 
951 9 0 0 0 0 0 0 0 0 0 0 0 
952 9 0 0 0 0 0 0 0 0 0 0 0 
953 9 0 0 0 0 0 0 0 0 0 0 0 
954 9 0 0 0 0 0 0 0 0 0 0 0 
955 9 0 0 0 0 0 0 0 0 0 0 0 
956 9 0 0 0 0 0 0 0 0 0 0 0 
957 9 0 0 0 0 0 0 0 0 0 0 0 
958 9 0 0 0 0 0 0 0 0 0 0 0 
959 9 0 0 0 0 0 0 0 0 0 0 0 
960 9 0 0 0 0 0 0 0 0 0 0 0 
961 9 0 0 0 0 0 0 0 0 0 0 0 
962 9 0 0 0 0 0 0 0 0 0 0 0 
963 9 0 0 0 0 0 0 0 0 0 0 0 
964 9 0 0 0 0 0 0 0 0 0 0 0 
965 9 0 0 0 0 0 0 0 0 0 0 0 
966 9 0 0 0 0 0 0 0 0 0 0 0 
967 9 0 0 0 0 0 0 0 0 0 0 0 
968 9 0 0 0 0 0 0 0 0 0 0 0 
969 9 0 0 0 0 0 0 0 0 0 0 0 
970 9 0 0 0 0 0 0 0 0 0 0 0 
971 9 0 0 0 0 0 0 0 0 0 0 0 
972 9 0 0 0 0 0 0 0 0 0 0 0 
973 9 0 0 0 0 0 0 0 0 0 0 0 
974 9 0 0 0 0 0 0 0 0 0 0 0 
975 9 0 0 0 0 0 0 0 0 0 0 0 
976 9 0 0 0 0 0 0 0 0 0 0 0 
977 9 0 0 0 0 0 0 0 0 0 0 0 
978 9 0 0 0 0 0 0 0 0 0 0 0 
979 9 0 0 0 0 0 0 0 0 0 0 0 
980 9 0 0 0 0 0 0 0 0 0 0 0 
981 9 0 0 0 0 0 0 0 0 0 0 0 
982 9 0 0 0 0 0 0 0 0 0 0 0 
983 9 0 0 0 0 0 0 0 0 0 0 0 
984 9 0 0 0 0 0 0 0 0 0 0 0 
985 9 0 0 0 0 0 0 0 0 0 0 0 
986 9 0 0 0 0 0 0 0 0 0 0 0 
987 9 0 0 0 0 0 0 0 0 0 0 0 
988 9 0 0 0 0 0 0 0 0 0 0 0 
989 9 0 0 0 0 0 0 0 0 0 0 0 
990 9 0 0 0 0 0 0 0 0 0 0 0 
991 9 0 0 0 0 0 0 0 0 0 0 0 
992 9 0 0 0 0 0 0 0 0 0 0 0 
993 9 0 0 0 0 0 0 0 0 0 0 0 
994 9 0 0 0 0 0 0 0 0 0 0 0 
995 9 0 0 0 0 0 0 0 0 0 0 0 
996 9 0 0 0 0 0 0 0 0 0 0 0 
997 9 0 0 0 0 0 0 0 0 0 0 0 
998 9 0 0 0 0 0 0 0 0 0 0 0 
999 9 0 0 0 0 0 0 0 0 0 0 0 
1000 9 0 0 0 0 0 0 0 0 0 0 0 
1001 9 0 0 0 0 0 0 0 0 0 0 0 
1002 9 0 0 0 0 0 0 0 0 0 0 0 
1003 9 0 0 0 0 0 0 0 0 0 0 0 
1004 9 0 0 0 0 0 0 0 0 0 0 0 
1005 9 0 0 0 0 0 0 0 0 0 0 0 
1006 9 0 0 0 0 0 0 0 0 0 0 0 
1007 9 0 0 0 0 0 0 0 0 0 0 0 
1008 9 0 0 0 0 0 0 0 0 0 0 0 
1009 9 0 0 0 0 0 0 0 0 0 0 0 
1010 9 0 0 0 0 0 0 0 0 0 0 0 
1011 9 0 0 0 0 0 0 0 0 0 0 0 
1012 9 0 0 0 0 0 0 0 0 0 0 0 
1013 9 0 0 0 0 0 0 0 0 0 0 0 
1014 9 0 0 0 0 0 0 0 0 0 0 0 
1015 9 0 0 0 0 0 0 0 0 0 0 0 
1016 9 0 0 0 0 0 0 0 0 0 0 0 
1017 9 0 0 0 0 0 0 0 0 0 0 0 
1018 9 0 0 0 0 0 0 0 0 0 0 0 
1019 9 0 0 0 0 0 0 0 0 0 0 0 
1020 9 0 0 0 0 0 0 0 0 0 0 0 
1021 9 0 0 0 0 0 0 0 0 0 0 0 
1022 9 0 0 0 0 0 0 0 0 0 0 0 
1023 10 0 0 0 0 0 0 0 0 0 0 0 
1024 10 0 0 0 0 0 0 0 0 0 0 0 
1025 10 0 0 0 0 0 0 0 0 0 0 0 
1026 10 0 0 0 0 0 0 0 0 0 0 0 
1027 10 0 0 0 0 0 0 0 0 0 0 0 
1028 10 0 0 0 0 0 0 0 0 0 0 0 
1029 10 0 0 0 0 0 0 0 0 0 0 0 
1030 10 0 0 0 0 0 0 0 0 0 0 0 
1031 10 0 0 0 0 0 0 0 0 0 0 0 
1032 10 0 0 0 0 0 0 0 0 0 0 0 
1033 10 0 0 0 0 0 0 0 0 0 0 0 
1034 10 0 0 0 0 0 0 0 0 0 0 0 
1035 10 0 0 0 0 0 0 0 0 0 0 0 
1036 10 0 0 0 0 0 0 0 0 0 0 0 
1037 10 0 0 0 0 0 0 0 0 0 0 0 
1038 10 0 0 0 0 0 0 0 0 0 0 0 
1039 10 0 0 0 0 0 0 0 0 0 0 0 
1040 10 0 0 0 0 0 0 0 0 0 0 0 
1041 10 0 0 0 0 0 0 0 0 0 0 0 
1042 10 0 0 0 0 0 0 0 0 0 0 0 
1043 10 0 0 0 0 0 0 0 0 0 0 0 
1044 10 0 0 0 0 0 0 0 0 0 0 0 
1045 10 0 0 0 0 0 0 0 0 0 0 0 
1046 10 0 0 0 0 0 0 0 0 0 0 0 
1047 10 0 0 0 0 0 0 0 0 0 0 0 
1048 10 0 0 0 0 0 0 0 0 0 0 0 
1049 10 0 0 0 0 0 0 0 0 0 0 0 
1050 10 0 0 0 0 0 0 0 0 0 0 0 
1051 10 0 0 0 0 0 0 0 0 0 0 0 
1052 10 0 0 0 0 0 0 0 0 0 0 0 
1053 10 0 0 0 0 0 0 0 0 0 0 0 
1054 10 0 0 0 0 0 0 0 0 0 0 0 
1055 10 0 0 0 0 0 0 0 0 0 0 0 
1056 10 0 0 0 0 0 0 0 0 0 0 0 
1057 10 0 0 0 0 0 0 0 0 0 0 0 
1058 10 0 0 0 0 0 0 0 0 0 0 0 
1059 10 0 0 0 0 0 0 0 0 0 0 0 
1060 10 0 0 0 0 0 0 0 0 0 0 0 
1061 10 0 0 0 0 0 0 0 0 0 0 0 
1062 10 0 0 0 0 0 0 0 0 0 0 0 
1063 10 0 0 0 0 0 0 0 0 0 0 0 
1064 10 0 0 0 0 0 0 0 0 0 0 0 
1065 10 0 0 0 0 0 0 0 0 0 0 0 
1066 10 0 0 0 0 0 0 0 0 0 0 0 
1067 10 0 0 0 0 0 0 0 0 0 0 0 
1068 10 0 0 0 0 0 0 0 0 0 0 0 
1069 10 0 0 0 0 0 0 0 0 0 0 0 
1070 10 0 0 0 0 0 0 0 0 0 0 0 
1071 10 0 0 0 0 0 0 0 0 0 0 0 
1072 10 0 0 0 0 0 0 0 0 0 0 0 
1073 10 0 0 0 0 0 0 0 0 0 0 0 
1074 10 0 0 0 0 0 0 0 0 0 0 0 
1075 10 0 0 0 0 0 0 0 0 0 0 0 
1076 10 0 0 0 0 0 0 0 0 0 0 0 
1077 10 0 0 0 0 0 0 0 0 0 0 0 
1078 10 0 0 0 0 0 0 0 0 0 0 0 
1079 10 0 0 0 0 0 0 0 0 0 0 0 
1080 10 0 0 0 0 0 0 0 0 0 0 0 
1081 10 0 0 0 0 0 0 0 0 0 0 0 
1082 10 0 0 0 0 0 0 0 0 0 0 0 
1083 10 0 0 0 0 0 0 0 0 0 0 0 
1084 10 0 0 0 0 0 0 0 0 0 0 0 
1085 10 0 0 0 0 0 0 0 0 0 0 0 
1086 10 0 0 0 0 0 0 0 0 0 0 0 
1087 10 0 0 0 0 0 0 0 0 0 0 0 
1088 10 0 0 0 0 0 0 0 0 0 0 0 
1089 10 0 0 0 0 0 0 0 0 0 0 0 
1090 10 0 0 0 0 0 0 0 0 0 0 0 
1091 10 0 0 0 0 0 0 0 0 0 0 0 
1092 10 0 0 0 0 0 0 0 0 0 0 0 
1093 10 0 0 0 0 0 0 0 0 0 0 0 
1094 10 0 0 0 0 0 0 0 0 0 0 0 
1095 10 0 0 0 0 0 0 0 0 0 0 0 
1096 10 0 0 0 0 0 0 0 0 0 0 0 
1097 10 0 0 0 0 0 0 0 0 0 0 0 
1098 10 0 0 0 0 0 0 0 0 0 0 0 
1099 10 0 0 0 0 0 0 0 0 0 0 0 
1100 10 0 0 0 0 0 0 0 0 0 0 0 
1101 10 0 0 0 0 0 0 0 0 0 0 0 
1102 10 0 0 0 0 0 0 0 0 0 0 0 
1103 10 0 0 0 0 0 0 0 0 0 0 0 
1104 10 0 0 0 0 0 0 0 0 0 0 0 
1105 10 0 0 0 0 0 0 0 0 0 0 0 
1106 10 0 0 0 0 0 0 0 0 0 0 0 
1107 10 0 0 0 0 0 0 0 0 0 0 0 
1108 10 0 0 0 0 0 0 0 0 0 0 0 
1109 10 0 0 0 0 0 0 0 0 0 0 0 
1110 10 0 0 0 0 0 0 0 0 0 0 0 
1111 10 0 0 0 0 0 0 0 0 0 0 0 
1112 10 0 0 0 0 0 0 0 0 0 0 0 
1113 10 0 0 0 0 0 0 0 0 0 0 0 
1114 10 0 0 0 0 0 0 0 0 0 0 0 
1115 10 0 0 0 0 0 0 0 0 0 0 0 
1116 10 0 0 0 0 0 0 0 0 0 0 0 
1117 10 0 0 0 0 0 0 0 0 0 0 0 
1118 10 0 0 0 0 0 0 0 0 0 0 0 
1119 10 0 0 0 0 0 0 0 0 0 0 0 
1120 10 0 0 0 0 0 0 0 0 0 0 0 
1121 10 0 0 0 0 0 0 0 0 0 0 0 
1122 10 0 0 0 0 0 0 0 0 0 0 0 
1123 10 0 0 0 0 0 0 0 0 0 0 0 
1124 10 0 0 0 0 0 0 0 0 0 0 0 
1125 10 0 0 0 0 0 0 0 0 0 0 0 
1126 10 0 0 0 0 0 0 0 0 0 0 0 
1127 10 0 0 0 0 0 0 0 0 0 0 0 
1128 10 0 0 0 0 0 0 0 0 0 0 0 
1129 10 0 0 0 0 0 0 0 0 0 0 0 
1130 10 0 0 0 0 0 0 0 0 0 0 0 
1131 10 0 0 0 0 0 0 0 0 0 0 0 
1132 10 0 0 0 0 0 0 0 0 0 0 0 
1133 10 0 0 0 0 0 0 0 0 0 0 0 
1134 10 0 0 0 0 0 0 0 0 0 0 0 
1135 10 0 0 0 0 0 0 0 0 0 0 0 
1136 10 0 0 0 0 0 0 0 0 0 0 0 
1137 10 0 0 0 0 0 0 0 0 0 0 0 
1138 10 0 0 0 0 0 0 0 0 0 0 0 
1139 10 0 0 0 0 0 0 0 0 0 0 0 
1140 10 0 0 0 0 0 0 0 0 0 0 0 
1141 10 0 0 0 0 0 0 0 0 0 0 0 
1142 10 0 0 0 0 0 0 0 0 0 0 0 
1143 10 0 0 0 0 0 0 0 0 0 0 0 
1144 10 0 0 0 0 0 0 0 0 0 0 0 
1145 10 0 0 0 0 0 0 0 0 0 0 0 
1146 10 0 0 0 0 0 0 0 0 0 0 0 
1147 10 0 0 0 0 0 0 0 0 0 0 0 
1148 10 0 0 0 0 0 0 0 0 0 0 0 
1149 10 0 0 0 0 0 0 0 0 0 0 0 
1150 10 0 0 0 0 0 0 0 0 0 0 0 
1151 10 0 0 0 0 0 0 0 0 0 0 0 
1152 10 0 0 0 0 0 0 0 0 0 0 0 
1153 10 0 0 0 0 0 0 0 0 0 0 0 
1154 10 0 0 0 0 0 0 0 0 0 0 0 
1155 10 0 0 0 0 0 0 0 0 0 0 0 
1156 10 0 0 0 0 0 0 0 0 0 0 0 
1157 10 0 0 0 0 0 0 0 0 0 0 0 
1158 10 0 0 0 0 0 0 0 0 0 0 0 
1159 10 0 0 0 0 0 0 0 0 0 0 0 
1160 10 0 0 0 0 0 0 0 0 0 0 0 
1161 10 0 0 0 0 0 0 0 0 0 0 0 
1162 10 0 0 0 0 0 0 0 0 0 0 0 
1163 10 0 0 0 0 0 0 0 0 0 0 0 
1164 10 0 0 0 0 0 0 0 0 0 0 0 
1165 10 0 0 0 0 0 0 0 0 0 0 0 
1166 10 0 0 0 0 0 0 0 0 0 0 0 
1167 10 0 0 0 0 0 0 0 0 0 0 0 
1168 10 0 0 0 0 0 0 0 0 0 0 0 
1169 10 0 0 0 0 0 0 0 0 0 0 0 
1170 10 0 0 0 0 0 0 0 0 0 0 0 
1171 10 0 0 0 0 0 0 0 0 0 0 0 
1172 10 0 0 0 0 0 0 0 0 0 0 0 
1173 10 0 0 0 0 0 0 0 0 0 0 0 
1174 10 0 0 0 0 0 0 0 0 0 0 0 
1175 10 0 0 0 0 0 0 0 0 0 0 0 
1176 10 0 0 0 0 0 0 0 0 0 0 0 
1177 10 0 0 0 0 0 0 0 0 0 0 0 
1178 10 0 0 0 0 0 0 0 0 0 0 0 
1179 10 0 0 0 0 0 0 0 0 0 0 0 
1180 10 0 0 0 0 0 0 0 0 0 0 0 
1181 10 0 0 0 0 0 0 0 0 0 0 0 
1182 10 0 0 0 0 0 0 0 0 0 0 0 
1183 10 0 0 0 0 0 0 0 0 0 0 0 
1184 10 0 0 0 0 0 0 0 0 0 0 0 
1185 10 0 0 0 0 0 0 0 0 0 0 0 
1186 10 0 0 0 0 0 0 0 0 0 0 0 
1187 10 0 0 0 0 0 0 0 0 0 0 0 
1188 10 0 0 0 0 0 0 0 0 0 0 0 
1189 10 0 0 0 0 0 0 0 0 0 0 0 
1190 10 0 0 0 0 0 0 0 0 0 0 0 
1191 10 0 0 0 0 0 0 0 0 0 0 0 
1192 10 0 0 0 0 0 0 0 0 0 0 0 
1193 10 0 0 0 0 0 0 0 0 0 0 0 
1194 10 0 0 0 0 0 0 0 0 0 0 0 
1195 10 0 0 0 0 0 0 0 0 0 0 0 
1196 10 0 0 0 0 0 0 0 0 0 0 0 
1197 10 0 0 0 0 0 0 0 0 0 0 0 
1198 10 0 0 0 0 0 0 0 0 0 0 0 
1199 10 0 0 0 0 0 0 0 0 0 0 0 
1200 10 0 0 0 0 0 0 0 0 0 0 0 
1201 10 0 0 0 0 0 0 0 0 0 0 0 
1202 10 0 0 0 0 0 0 0 0 0 0 0 
1203 10 0 0 0 0 0 0 0 0 0 0 0 
1204 10 0 0 0 0 0 0 0 0 0 0 0 
1205 10 0 0 0 0 0 0 0 0 0 0 0 
1206 10 0 0 0 0 0 0 0 0 0 0 0 
1207 10 0 0 0 0 0 0 0 0 0 0 0 
1208 10 0 0 0 0 0 0 0 0 0 0 0 
1209 10 0 0 0 0 0 0 0 0 0 0 0 
1210 10 0 0 0 0 0 0 0 0 0 0 0 
1211 10 0 0 0 0 0 0 0 0 0 0 0 
1212 10 0 0 0 0 0 0 0 0 0 0 0 
1213 10 0 0 0 0 0 0 0 0 0 0 0 
1214 10 0 0 0 0 0 0 0 0 0 0 0 
1215 10 0 0 0 0 0 0 0 0 0 0 0 
1216 10 0 0 0 0 0 0 0 0 0 0 0 
1217 10 0 0 0 0 0 0 0 0 0 0 0 
1218 10 0 0 0 0 0 0 0 0 0 0 0 
1219 10 0 0 0 0 0 0 0 0 0 0 0 
1220 10 0 0 0 0 0 0 0 0 0 0 0 
1221 10 0 0 0 0 0 0 0 0 0 0 0 
1222 10 0 0 0 0 0 0 0 0 0 0 0 
1223 10 0 0 0 0 0 0 0 0 0 0 0 
1224 10 0 0 0 0 0 0 0 0 0 0 0 
1225 10 0 0 0 0 0 0 0 0 0 0 0 
1226 10 0 0 0 0 0 0 0 0 0 0 0 
1227 10 0 0 0 0 0 0 0 0 0 0 0 
1228 10 0 0 0 0 0 0 0 0 0 0 0 
1229 10 0 0 0 0 0 0 0 0 0 0 0 
1230 10 0 0 0 0 0 0 0 0 0 0 0 
1231 10 0 0 0 0 0 0 0 0 0 0 0 
1232 10 0 0 0 0 0 0 0 0 0 0 0 
1233 10 0 0 0 0 0 0 0 0 0 0 0 
1234 10 0 0 0 0 0 0 0 0 0 0 0 
1235 10 0 0 0 0 0 0 0 0 0 0 0 
1236 10 0 0 0 0 0 0 0 0 0 0 0 
1237 10 0 0 0 0 0 0 0 0 0 0 0 
1238 10 0 0 0 0 0 0 0 0 0 0 0 
1239 10 0 0 0 0 0 0 0 0 0 0 0 
1240 10 0 0 0 0 0 0 0 0 0 0 0 
1241 10 0 0 0 0 0 0 0 0 0 0 0 
1242 10 0 0 0 0 0 0 0 0 0 0 0 
1243 10 0 0 0 0 0 0 0 0 0 0 0 
1244 10 0 0 0 0 0 0 0 0 0 0 0 
1245 10 0 0 0 0 0 0 0 0 0 0 0 
1246 10 0 0 0 0 0 0 0 0 0 0 0 
1247 10 0 0 0 0 0 0 0 0 0 0 0 
1248 10 0 0 0 0 0 0 0 0 0 0 0 
1249 10 0 0 0 0 0 0 0 0 0 0 0 
1250 10 0 0 0 0 0 0 0 0 0 0 0 
1251 10 0 0 0 0 0 0 0 0 0 0 0 
1252 10 0 0 0 0 0 0 0 0 0 0 0 
1253 10 0 0 0 0 0 0 0 0 0 0 0 
1254 10 0 0 0 0 0 0 0 0 0 0 0 
1255 10 0 0 0 0 0 0 0 0 0 0 0 
1256 10 0 0 0 0 0 0 0 0 0 0 0 
1257 10 0 0 0 0 0 0 0 0 0 0 0 
1258 10 0 0 0 0 0 0 0 0 0 0 0 
1259 10 0 0 0 0 0 0 0 0 0 0 0 
1260 10 0 0 0 0 0 0 0 0 0 0 0 
1261 10 0 0 0 0 0 0 0 0 0 0 0 
1262 10 0 0 0 0 0 0 0 0 0 0 0 
1263 10 0 0 0 0 0 0 0 0 0 0 0 
1264 10 0 0 0 0 0 0 0 0 0 0 0 
1265 10 0 0 0 0 0 0 0 0 0 0 0 
1266 10 0 0 0 0 0 0 0 0 0 0 0 
1267 10 0 0 0 0 0 0 0 0 0 0 0 
1268 10 0 0 0 0 0 0 0 0 0 0 0 
1269 10 0 0 0 0 0 0 0 0 0 0 0 
1270 10 0 0 0 0 0 0 0 0 0 0 0 
1271 10 0 0 0 0 0 0 0 0 0 0 0 
1272 10 0 0 0 0 0 0 0 0 0 0 0 
1273 10 0 0 0 0 0 0 0 0 0 0 0 
1274 10 0 0 0 0 0 0 0 0 0 0 0 
1275 10 0 0 0 0 0 0 0 0 0 0 0 
1276 10 0 0 0 0 0 0 0 0 0 0 0 
1277 10 0 0 0 0 0 0 0 0 0 0 0 
1278 10 0 0 0 0 0 0 0 0 0 0 0 
1279 10 0 0 0 0 0 0 0 0 0 0 0 
1280 10 0 0 0 0 0 0 0 0 0 0 0 
1281 10 0 0 0 0 0 0 0 0 0 0 0 
1282 10 0 0 0 0 0 0 0 0 0 0 0 
1283 10 0 0 0 0 0 0 0 0 0 0 0 
1284 10 0 0 0 0 0 0 0 0 0 0 0 
1285 10 0 0 0 0 0 0 0 0 0 0 0 
1286 10 0 0 0 0 0 0 0 0 0 0 0 
1287 10 0 0 0 0 0 0 0 0 0 0 0 
1288 10 0 0 0 0 0 0 0 0 0 0 0 
1289 10 0 0 0 0 0 0 0 0 0 0 0 
1290 10 0 0 0 0 0 0 0 0 0 0 0 
1291 10 0 0 0 0 0 0 0 0 0 0 0 
1292 10 0 0 0 0 0 0 0 0 0 0 0 
1293 10 0 0 0 0 0 0 0 0 0 0 0 
1294 10 0 0 0 0 0 0 0 0 0 0 0 
1295 10 0 0 0 0 0 0 0 0 0 0 0 
1296 10 0 0 0 0 0 0 0 0 0 0 0 
1297 10 0 0 0 0 0 0 0 0 0 0 0 
1298 10 0 0 0 0 0 0 0 0 0 0 0 
1299 10 0 0 0 0 0 0 0 0 0 0 0 
1300 10 0 0 0 0 0 0 0 0 0 0 0 
1301 10 0 0 0 0 0 0 0 0 0 0 0 
1302 10 0 0 0 0 0 0 0 0 0 0 0 
1303 10 0 0 0 0 0 0 0 0 0 0 0 
1304 10 0 0 0 0 0 0 0 0 0 0 0 
1305 10 0 0 0 0 0 0 0 0 0 0 0 
1306 10 0 0 0 0 0 0 0 0 0 0 0 
1307 10 0 0 0 0 0 0 0 0 0 0 0 
1308 10 0 0 0 0 0 0 0 0 0 0 0 
1309 10 0 0 0 0 0 0 0 0 0 0 0 
1310 10 0 0 0 0 0 0 0 0 0 0 0 
1311 10 0 0 0 0 0 0 0 0 0 0 0 
1312 10 0 0 0 0 0 0 0 0 0 0 0 
1313 10 0 0 0 0 0 0 0 0 0 0 0 
1314 10 0 0 0 0 0 0 0 0 0 0 0 
1315 10 0 0 0 0 0 0 0 0 0 0 0 
1316 10 0 0 0 0 0 0 0 0 0 0 0 
1317 10 0 0 0 0 0 0 0 0 0 0 0 
1318 10 0 0 0 0 0 0 0 0 0 0 0 
1319 10 0 0 0 0 0 0 0 0 0 0 0 
1320 10 0 0 0 0 0 0 0 0 0 0 0 
1321 10 0 0 0 0 0 0 0 0 0 0 0 
1322 10 0 0 0 0 0 0 0 0 0 0 0 
1323 10 0 0 0 0 0 0 0 0 0 0 0 
1324 10 0 0 0 0 0 0 0 0 0 0 0 
1325 10 0 0 0 0 0 0 0 0 0 0 0 
1326 10 0 0 0 0 0 0 0 0 0 0 0 
1327 10 0 0 0 0 0 0 0 0 0 0 0 
1328 10 0 0 0 0 0 0 0 0 0 0 0 
1329 10 0 0 0 0 0 0 0 0 0 0 0 
1330 10 0 0 0 0 0 0 0 0 0 0 0 
1331 10 0 0 0 0 0 0 0 0 0 0 0 
1332 10 0 0 0 0 0 0 0 0 0 0 0 
1333 10 0 0 0 0 0 0 0 0 0 0 0 
1334 10 0 0 0 0 0 0 0 0 0 0 0 
1335 10 0 0 0 0 0 0 0 0 0 0 0 
1336 10 0 0 0 0 0 0 0 0 0 0 0 
1337 10 0 0 0 0 0 0 0 0 0 0 0 
1338 10 0 0 0 0 0 0 0 0 0 0 0 
1339 10 0 0 0 0 0 0 0 0 0 0 0 
1340 10 0 0 0 0 0 0 0 0 0 0 0 
1341 10 0 0 0 0 0 0 0 0 0 0 0 
1342 10 0 0 0 0 0 0 0 0 0 0 0 
1343 10 8 0 0 0 0 0 0 0 0 0 0 
1344 10 9 0 0 0 0 0 0 0 0 0 0 
1345 10 10 0 0 0 0 0 0 0 0 0 0 
1346 10 11 0 0 0 0 0 0 0 0 0 0 
1347 10 0 0 0 0 0 0 0 0 0 0 0 
1348 10 0 0 0 0 0 0 0 0 0 0 0 
1349 10 0 0 0 0 0 0 0 0 0 0 0 
1350 10 0 0 0 0 0 0 0 0 0 0 0 
1351 10 0 0 0 0 0 0 0 0 0 0 0 
1352 10 0 0 0 0 0 0 0 0 0 0 0 
1353 10 0 0 0 0 0 0 0 0 0 0 0 
1354 10 0 0 0 0 0 0 0 0 0 0 0 
1355 10 0 0 0 0 0 0 0 0 0 0 0 
1356 10 0 0 0 0 0 0 0 0 0 0 0 
1357 10 0 0 0 0 0 0 0 0 0 0 0 
1358 10 0 0 0 0 0 0 0 0 0 0 0 
1359 10 0 0 0 0 0 0 0 0 0 0 0 
1360 10 0 0 0 0 0 0 0 0 0 0 0 
1361 10 0 0 0 0 0 0 0 0 0 0 0 
1362 10 0 0 0 0 0 0 0 0 0 0 0 
1363 10 0 0 0 0 0 0 0 0 0 0 0 
1364 10 0 0 0 0 0 0 0 0 0 0 0 
1365 10 0 0 0 0 0 0 0 0 0 0 0 
1366 10 0 0 0 0 0 0 0 0 0 0 0 
1367 10 0 0 0 0 0 0 0 0 0 0 0 
1368 10 0 0 0 0 0 0 0 0 0 0 0 
1369 10 0 0 0 0 0 0 0 0 0 0 0 
1370 10 0 0 0 0 0 0 0 0 0 0 0 
1371 10 0 0 0 0 0 0 0 0 0 0 0 
1372 10 0 0 0 0 0 0 0 0 0 0 0 
1373 10 0 0 0 0 0 0 0 0 0 0 0 
1374 10 0 0 0 0 0 0 0 0 0 0 0 
1375 10 0 0 0 0 0 0 0 0 0 0 0 
1376 10 0 0 0 0 0 0 0 0 0 0 0 
1377 10 0 0 0 0 0 0 0 0 0 0 0 
1378 10 0 0 0 0 0 0 0 0 0 0 0 
1379 10 0 0 0 0 0 0 0 0 0 0 0 
1380 10 0 0 0 0 0 0 0 0 0 0 0 
1381 10 0 0 0 0 0 0 0 0 0 0 0 
1382 10 0 0 0 0 0 0 0 0 0 0 0 
1383 10 0 0 0 0 0 0 0 0 0 0 0 
1384 10 0 0 0 0 0 0 0 0 0 0 0 
1385 10 0 0 0 0 0 0 0 0 0 0 0 
1386 10 0 0 0 0 0 0 0 0 0 0 0 
1387 10 0 0 0 0 0 0 0 0 0 0 0 
1388 10 0 0 0 0 0 0 0 0 0 0 0 
1389 10 0 0 0 0 0 0 0 0 0 0 0 
1390 10 0 0 0 0 0 0 0 0 0 0 0 
1391 10 0 0 0 0 0 0 0 0 0 0 0 
1392 10 0 0 0 0 0 0 0 0 0 0 0 
1393 10 0 0 0 0 0 0 0 0 0 0 0 
1394 10 0 0 0 0 0 0 0 0 0 0 0 
1395 10 0 0 0 0 0 0 0 0 0 0 0 
1396 10 0 0 0 0 0 0 0 0 0 0 0 
1397 10 0 0 0 0 0 0 0 0 0 0 0 
1398 10 0 0 0 0 0 0 0 0 0 0 0 
1399 10 0 0 0 0 0 0 0 0 0 0 0 
1400 10 0 0 0 0 0 0 0 0 0 0 0 
1401 10 0 0 0 0 0 0 0 0 0 0 0 
1402 10 0 0 0 0 0 0 0 0 0 0 0 
1403 10 0 0 0 0 0 0 0 0 0 0 0 
1404 10 0 0 0 0 0 0 0 0 0 0 0 
1405 10 0 0 0 0 0 0 0 0 0 0 0 
1406 10 0 0 0 0 0 0 0 0 0 0 0 
1407 10 0 0 0 0 0 0 0 0 0 0 0 
1408 10 0 0 0 0 0 0 0 0 0 0 0 
1409 10 0 0 0 0 0 0 0 0 0 0 0 
1410 10 0 0 0 0 0 0 0 0 0 0 0 
1411 10 0 0 0 0 0 0 0 0 0 0 0 
1412 10 0 0 0 0 0 0 0 0 0 0 0 
1413 10 0 0 0 0 0 0 0 0 0 0 0 
1414 10 0 0 0 0 0 0 0 0 0 0 0 
1415 10 0 0 0 0 0 0 0 0 0 0 0 
1416 10 0 0 0 0 0 0 0 0 0 0 0 
1417 10 0 0 0 0 0 0 0 0 0 0 0 
1418 10 0 0 0 0 0 0 0 0 0 0 0 
1419 10 0 0 0 0 0 0 0 0 0 0 0 
1420 10 0 0 0 0 0 0 0 0 0 0 0 
1421 10 0 0 0 0 0 0 0 0 0 0 0 
1422 10 0 0 0 0 0 0 0 0 0 0 0 
1423 10 0 0 0 0 0 0 0 0 0 0 0 
1424 10 0 0 0 0 0 0 0 0 0 0 0 
1425 10 0 0 0 0 0 0 0 0 0 0 0 
1426 10 0 0 0 0 0 0 0 0 0 0 0 
1427 10 0 0 0 0 0 0 0 0 0 0 0 
1428 10 0 0 0 0 0 0 0 0 0 0 0 
1429 10 0 0 0 0 0 0 0 0 0 0 0 
1430 10 0 0 0 0 0 0 0 0 0 0 0 
1431 10 0 0 0 0 0 0 0 0 0 0 0 
1432 10 0 0 0 0 0 0 0 0 0 0 0 
1433 10 0 0 0 0 0 0 0 0 0 0 0 
1434 10 0 0 0 0 0 0 0 0 0 0 0 
1435 10 0 0 0 0 0 0 0 0 0 0 0 
1436 10 0 0 0 0 0 0 0 0 0 0 0 
1437 10 0 0 0 0 0 0 0 0 0 0 0 
1438 10 0 0 0 0 0 0 0 0 0 0 0 
1439 10 0 0 0 0 0 0 0 0 0 0 0 
1440 10 0 0 0 0 0 0 0 0 0 0 0 
1441 10 0 0 0 0 0 0 0 0 0 0 0 
1442 10 0 0 0 0 0 0 0 0 0 0 0 
1443 10 0 0 0 0 0 0 0 0 0 0 0 
1444 10 0 0 0 0 0 0 0 0 0 0 0 
1445 10 0 0 0 0 0 0 0 0 0 0 0 
1446 10 0 0 0 0 0 0 0 0 0 0 0 
1447 10 0 0 0 0 0 0 0 0 0 0 0 
1448 10 0 0 0 0 0 0 0 0 0 0 0 
1449 10 0 0 0 0 0 0 0 0 0 0 0 
1450 10 0 0 0 0 0 0 0 0 0 0 0 
1451 10 0 0 0 0 0 0 0 0 0 0 0 
1452 10 0 0 0 0 0 0 0 0 0 0 0 
1453 10 0 0 0 0 0 0 0 0 0 0 0 
1454 10 0 0 0 0 0 0 0 0 0 0 0 
1455 10 0 0 0 0 0 0 0 0 0 0 0 
1456 10 0 0 0 0 0 0 0 0 0 0 0 
1457 10 0 0 0 0 0 0 0 0 0 0 0 
1458 10 0 0 0 0 0 0 0 0 0 0 0 
1459 10 0 0 0 0 0 0 0 0 0 0 0 
1460 10 0 0 0 0 0 0 0 0 0 0 0 
1461 10 0 0 0 0 0 0 0 0 0 0 0 
1462 10 0 0 0 0 0 0 0 0 0 0 0 
1463 10 0 0 0 0 0 0 0 0 0 0 0 
1464 10 0 0 0 0 0 0 0 0 0 0 0 
1465 10 0 0 0 0 0 0 0 0 0 0 0 
1466 10 0 0 0 0 0 0 0 0 0 0 0 
1467 10 0 0 0 0 0 0 0 0 0 0 0 
1468 10 0 0 0 0 0 0 0 0 0 0 0 
1469 10 0 0 0 0 0 0 0 0 0 0 0 
1470 10 0 0 0 0 0 0 0 0 0 0 0 
1471 10 0 0 0 0 0 0 0 0 0 0 0 
1472 10 0 0 0 0 0 0 0 0 0 0 0 
1473 10 0 0 0 0 0 0 0 0 0 0 0 
1474 10 0 0 0 0 0 0 0 0 0 0 0 
1475 10 0 0 0 0 0 0 0 0 0 0 0 
1476 10 0 0 0 0 0 0 0 0 0 0 0 
1477 10 0 0 0 0 0 0 0 0 0 0 0 
1478 10 0 0 0 0 0 0 0 0 0 0 0 
1479 10 0 0 0 0 0 0 0 0 0 0 0 
1480 10 0 0 0 0 0 0 0 0 0 0 0 
1481 10 0 0 0 0 0 0 0 0 0 0 0 
1482 10 0 0 0 0 0 0 0 0 0 0 0 
1483 10 0 0 0 0 0 0 0 0 0 0 0 
1484 10 0 0 0 0 0 0 0 0 0 0 0 
1485 10 0 0 0 0 0 0 0 0 0 0 0 
1486 10 0 0 0 0 0 0 0 0 0 0 0 
1487 10 0 0 0 0 0 0 0 0 0 0 0 
1488 10 0 0 0 0 0 0 0 0 0 0 0 
1489 10 0 0 0 0 0 0 0 0 0 0 0 
1490 10 0 0 0 0 0 0 0 0 0 0 0 
1491 10 0 0 0 0 0 0 0 0 0 0 0 
1492 10 0 0 0 0 0 0 0 0 0 0 0 
1493 10 0 0 0 0 0 0 0 0 0 0 0 
1494 10 0 0 0 0 0 0 0 0 0 0 0 
1495 10 0 0 0 0 0 0 0 0 0 0 0 
1496 10 0 0 0 0 0 0 0 0 0 0 0 
1497 10 0 0 0 0 0 0 0 0 0 0 0 
1498 10 0 0 0 0 0 0 0 0 0 0 0 
1499 10 0 0 0 0 0 0 0 0 0 0 0 
1500 10 0 0 0 0 0 0 0 0 0 0 0 
1501 10 0 0 0 0 0 0 0 0 0 0 0 
1502 10 0 0 0 0 0 0 0 0 0 0 0 
1503 10 0 0 0 0 0 0 0 0 0 0 0 
1504 10 0 0 0 0 0 0 0 0 0 0 0 
1505 10 0 0 0 0 0 0 0 0 0 0 0 
1506 10 0 0 0 0 0 0 0 0 0 0 0 
1507 10 0 0 0 0 0 0 0 0 0 0 0 
1508 10 0 0 0 0 0 0 0 0 0 0 0 
1509 10 0 0 0 0 0 0 0 0 0 0 0 
1510 10 0 0 0 0 0 0 0 0 0 0 0 
1511 10 0 0 0 0 0 0 0 0 0 0 0 
1512 10 0 0 0 0 0 0 0 0 0 0 0 
1513 10 0 0 0 0 0 0 0 0 0 0 0 
1514 10 0 0 0 0 0 0 0 0 0 0 0 
1515 10 0 0 0 0 0 0 0 0 0 0 0 
1516 10 0 0 0 0 0 0 0 0 0 0 0 
1517 10 0 0 0 0 0 0 0 0 0 0 0 
1518 10 0 0 0 0 0 0 0 0 0 0 0 
1519 10 0 0 0 0 0 0 0 0 0 0 0 
1520 10 0 0 0 0 0 0 0 0 0 0 0 
1521 10 0 0 0 0 0 0 0 0 0 0 0 
1522 10 0 0 0 0 0 0 0 0 0 0 0 
1523 10 0 0 0 0 0 0 0 0 0 0 0 
1524 10 0 0 0 0 0 0 0 0 0 0 0 
1525 10 0 0 0 0 0 0 0 0 0 0 0 
1526 10 0 0 0 0 0 0 0 0 0 0 0 
1527 10 0 0 0 0 0 0 0 0 0 0 0 
1528 10 0 0 0 0 0 0 0 0 0 0 0 
1529 10 0 0 0 0 0 0 0 0 0 0 0 
1530 10 0 0 0 0 0 0 0 0 0 0 0 
1531 10 0 0 0 0 0 0 0 0 0 0 0 
1532 10 0 0 0 0 0 0 0 0 0 0 0 
1533 10 0 0 0 0 0 0 0 0 0 0 0 
1534 10 0 0 0 0 0 0 0 0 0 0 0 
1535 10 0 0 0 0 0 0 0 0 0 0 0 
1536 10 0 0 0 0 0 0 0 0 0 0 0 
1537 10 0 0 0 0 0 0 0 0 0 0 0 
1538 10 0 0 0 0 0 0 0 0 0 0 0 
1539 10 0 0 0 0 0 0 0 0 0 0 0 
1540 10 0 0 0 0 0 0 0 0 0 0 0 
1541 10 0 0 0 0 0 0 0 0 0 0 0 
1542 10 0 0 0 0 0 0 0 0 0 0 0 
1543 10 0 0 0 0 0 0 0 0 0 0 0 
1544 10 0 0 0 0 0 0 0 0 0 0 0 
1545 10 0 0 0 0 0 0 0 0 0 0 0 
1546 10 0 0 0 0 0 0 0 0 0 0 0 
1547 10 0 0 0 0 0 0 0 0 0 0 0 
1548 10 0 0 0 0 0 0 0 0 0 0 0 
1549 10 0 0 0 0 0 0 0 0 0 0 0 
1550 10 0 0 0 0 0 0 0 0 0 0 0 
1551 10 0 0 0 0 0 0 0 0 0 0 0 
1552 10 0 0 0 0 0 0 0 0 0 0 0 
1553 10 0 0 0 0 0 0 0 0 0 0 0 
1554 10 0 0 0 0 0 0 0 0 0 0 0 
1555 10 0 0 0 0 0 0 0 0 0 0 0 
1556 10 0 0 0 0 0 0 0 0 0 0 0 
1557 10 0 0 0 0 0 0 0 0 0 0 0 
1558 10 0 0 0 0 0 0 0 0 0 0 0 
1559 10 0 0 0 0 0 0 0 0 0 0 0 
1560 10 0 0 0 0 0 0 0 0 0 0 0 
1561 10 0 0 0 0 0 0 0 0 0 0 0 
1562 10 0 0 0 0 0 0 0 0 0 0 0 
1563 10 0 0 0 0 0 0 0 0 0 0 0 
1564 10 0 0 0 0 0 0 0 0 0 0 0 
1565 10 0 0 0 0 0 0 0 0 0 0 0 
1566 10 0 0 0 0 0 0 0 0 0 0 0 
1567 10 0 0 0 0 0 0 0 0 0 0 0 
1568 10 0 0 0 0 0 0 0 0 0 0 0 
1569 10 0 0 0 0 0 0 0 0 0 0 0 
1570 10 0 0 0 0 0 0 0 0 0 0 0 
1571 10 0 0 0 0 0 0 0 0 0 0 0 
1572 10 0 0 0 0 0 0 0 0 0 0 0 
1573 10 0 0 0 0 0 0 0 0 0 0 0 
1574 10 0 0 0 0 0 0 0 0 0 0 0 
1575 10 0 0 0 0 0 0 0 0 0 0 0 
1576 10 0 0 0 0 0 0 0 0 0 0 0 
1577 10 0 0 0 0 0 0 0 0 0 0 0 
1578 10 0 0 0 0 0 0 0 0 0 0 0 
1579 10 0 0 0 0 0 0 0 0 0 0 0 
1580 10 0 0 0 0 0 0 0 0 0 0 0 
1581 10 0 0 0 0 0 0 0 0 0 0 0 
1582 10 0 0 0 0 0 0 0 0 0 0 0 
1583 10 0 0 0 0 0 0 0 0 0 0 0 
1584 10 0 0 0 0 0 0 0 0 0 0 0 
1585 10 0 0 0 0 0 0 0 0 0 0 0 
1586 10 0 0 0 0 0 0 0 0 0 0 0 
1587 10 0 0 0 0 0 0 0 0 0 0 0 
1588 10 0 0 0 0 0 0 0 0 0 0 0 
1589 10 0 0 0 0 0 0 0 0 0 0 0 
1590 10 0 0 0 0 0 0 0 0 0 0 0 
1591 10 0 0 0 0 0 0 0 0 0 0 0 
1592 10 0 0 0 0 0 0 0 0 0 0 0 
1593 10 0 0 0 0 0 0 0 0 0 0 0 
1594 10 0 0 0 0 0 0 0 0 0 0 0 
1595 10 0 0 0 0 0 0 0 0 0 0 0 
1596 10 0 0 0 0 0 0 0 0 0 0 0 
1597 10 0 0 0 0 0 0 0 0 0 0 0 
1598 10 0 0 0 0 0 0 0 0 0 0 0 
1599 10 0 0 0 0 0 0 0 0 0 0 0 
1600 10 0 0 0 0 0 0 0 0 0 0 0 
1601 10 22 0 0 0 0 0 0 0 0 0 0 
1602 10 23 0 0 0 0 0 0 0 0 0 0 
1603 10 24 0 0 0 0 0 0 0 0 0 0 
1604 10 25 0 0 0 0 0 0 0 0 0 0 
1605 10 26 0 0 0 0 0 0 0 0 0 0 
1606 10 27 0 0 0 0 0 0 0 0 0 0 
1607 10 0 0 0 0 0 0 0 0 0 0 0 
1608 10 0 0 0 0 0 0 0 0 0 0 0 
1609 10 0 0 0 0 0 0 0 0 0 0 0 
1610 10 0 0 0 0 0 0 0 0 0 0 0 
1611 10 0 0 0 0 0 0 0 0 0 0 0 
1612 10 0 0 0 0 0 0 0 0 0 0 0 
1613 10 30 0 0 0 0 0 0 0 0 0 0 
1614 10 31 0 0 0 0 0 0 0 0 0 0 
1615 10 32 0 0 0 0 0 0 0 0 0 0 
1616 10 33 0 0 0 0 0 0 0 0 0 0 
1617 10 0 0 0 0 0 0 0 0 0 0 0 
1618 10 0 0 0 0 0 0 0 0 0 0 0 
1619 10 0 0 0 0 0 0 0 0 0 0 0 
1620 10 0 0 0 0 0 0 0 0 0 0 0 
1621 10 36 0 0 0 0 0 0 0 0 0 0 
1622 10 37 0 0 0 0 0 0 0 0 0 0 
1623 10 0 0 0 0 0 0 0 0 0 0 0 
1624 10 0 0 0 0 0 0 0 0 0 0 0 
1625 10 39 0 0 0 0 0 0 0 0 0 0 
1626 10 40 0 0 0 0 0 0 0 0 0 0 
1627 10 0 0 0 0 0 0 0 0 0 0 0 
1628 10 0 0 0 0 0 0 0 0 0 0 0 
1629 10 0 0 0 0 0 0 0 0 0 0 0 
1630 10 0 0 0 0 0 0 0 0 0 0 0 
1631 10 0 0 0 0 0 0 0 0 0 0 0 
1632 10 0 0 0 0 0 0 0 0 0 0 0 
1633 10 0 0 0 0 0 0 0 0 0 0 0 
1634 10 0 0 0 0 0 0 0 0 0 0 0 
1635 10 0 0 0 0 0 0 0 0 0 0 0 
1636 10 0 0 0 0 0 0 0 0 0 0 0 
1637 10 0 0 0 0 0 0 0 0 0 0 0 
1638 10 0 0 0 0 0 0 0 0 0 0 0 
1639 10 0 0 0 0 0 0 0 0 0 0 0 
1640 10 0 0 0 0 0 0 0 0 0 0 0 
1641 10 0 0 0 0 0 0 0 0 0 0 0 
1642 10 0 0 0 0 0 0 0 0 0 0 0 
1643 10 0 0 0 0 0 0 0 0 0 0 0 
1644 10 0 0 0 0 0 0 0 0 0 0 0 
1645 10 0 0 0 0 0 0 0 0 0 0 0 
1646 10 0 0 0 0 0 0 0 0 0 0 0 
1647 10 0 0 0 0 0 0 0 0 0 0 0 
1648 10 0 0 0 0 0 0 0 0 0 0 0 
1649 10 0 0 0 0 0 0 0 0 0 0 0 
1650 10 0 0 0 0 0 0 0 0 0 0 0 
1651 10 0 0 0 0 0 0 0 0 0 0 0 
1652 10 0 0 0 0 0 0 0 0 0 0 0 
1653 10 0 0 0 0 0 0 0 0 0 0 0 
1654 10 0 0 0 0 0 0 0 0 0 0 0 
1655 10 0 0 0 0 0 0 0 0 0 0 0 
1656 10 0 0 0 0 0 0 0 0 0 0 0 
1657 10 0 0 0 0 0 0 0 0 0 0 0 
1658 10 0 0 0 0 0 0 0 0 0 0 0 
1659 10 0 0 0 0 0 0 0 0 0 0 0 
1660 10 0 0 0 0 0 0 0 0 0 0 0 
1661 10 0 0 0 0 0 0 0 0 0 0 0 
1662 10 0 0 0 0 0 0 0 0 0 0 0 
1663 10 0 0 0 0 0 0 0 0 0 0 0 
1664 10 0 0 0 0 0 0 0 0 0 0 0 
1665 10 0 0 0 0 0 0 0 0 0 0 0 
1666 10 0 0 0 0 0 0 0 0 0 0 0 
1667 10 0 0 0 0 0 0 0 0 0 0 0 
1668 10 0 0 0 0 0 0 0 0 0 0 0 
1669 10 0 0 0 0 0 0 0 0 0 0 0 
1670 10 0 0 0 0 0 0 0 0 0 0 0 
1671 10 0 0 0 0 0 0 0 0 0 0 0 
1672 10 0 0 0 0 0 0 0 0 0 0 0 
1673 10 0 0 0 0 0 0 0 0 0 0 0 
1674 10 0 0 0 0 0 0 0 0 0 0 0 
1675 10 0 0 0 0 0 0 0 0 0 0 0 
1676 10 0 0 0 0 0 0 0 0 0 0 0 
1677 10 0 0 0 0 0 0 0 0 0 0 0 
1678 10 0 0 0 0 0 0 0 0 0 0 0 
1679 10 0 0 0 0 0 0 0 0 0 0 0 
1680 10 0 0 0 0 0 0 0 0 0 0 0 
1681 10 0 0 0 0 0 0 0 0 0 0 0 
1682 10 0 0 0 0 0 0 0 0 0 0 0 
1683 10 0 0 0 0 0 0 0 0 0 0 0 
1684 10 0 0 0 0 0 0 0 0 0 0 0 
1685 10 0 0 0 0 0 0 0 0 0 0 0 
1686 10 0 0 0 0 0 0 0 0 0 0 0 
1687 10 0 0 0 0 0 0 0 0 0 0 0 
1688 10 0 0 0 0 0 0 0 0 0 0 0 
1689 10 0 0 0 0 0 0 0 0 0 0 0 
1690 10 0 0 0 0 0 0 0 0 0 0 0 
1691 10 0 0 0 0 0 0 0 0 0 0 0 
1692 10 0 0 0 0 0 0 0 0 0 0 0 
1693 10 0 0 0 0 0 0 0 0 0 0 0 
1694 10 0 0 0 0 0 0 0 0 0 0 0 
1695 10 0 0 0 0 0 0 0 0 0 0 0 
1696 10 0 0 0 0 0 0 0 0 0 0 0 
1697 10 0 0 0 0 0 0 0 0 0 0 0 
1698 10 0 0 0 0 0 0 0 0 0 0 0 
1699 10 0 0 0 0 0 0 0 0 0 0 0 
1700 10 0 0 0 0 0 0 0 0 0 0 0 
1701 10 0 0 0 0 0 0 0 0 0 0 0 
1702 10 0 0 0 0 0 0 0 0 0 0 0 
1703 10 0 0 0 0 0 0 0 0 0 0 0 
1704 10 0 0 0 0 0 0 0 0 0 0 0 
1705 10 0 0 0 0 0 0 0 0 0 0 0 
1706 10 0 0 0 0 0 0 0 0 0 0 0 
1707 10 0 0 0 0 0 0 0 0 0 0 0 
1708 10 0 0 0 0 0 0 0 0 0 0 0 
1709 10 0 0 0 0 0 0 0 0 0 0 0 
1710 10 0 0 0 0 0 0 0 0 0 0 0 
1711 10 0 0 0 0 0 0 0 0 0 0 0 
1712 10 0 0 0 0 0 0 0 0 0 0 0 
1713 10 0 0 0 0 0 0 0 0 0 0 0 
1714 10 0 0 0 0 0 0 0 0 0 0 0 
1715 10 0 0 0 0 0 0 0 0 0 0 0 
1716 10 0 0 0 0 0 0 0 0 0 0 0 
1717 10 0 0 0 0 0 0 0 0 0 0 0 
1718 10 0 0 0 0 0 0 0 0 0 0 0 
1719 10 0 0 0 0 0 0 0 0 0 0 0 
1720 10 0 0 0 0 0 0 0 0 0 0 0 
1721 10 0 0 0 0 0 0 0 0 0 0 0 
1722 10 0 0 0 0 0 0 0 0 0 0 0 
1723 10 0 0 0 0 0 0 0 0 0 0 0 
1724 10 0 0 0 0 0 0 0 0 0 0 0 
1725 10 0 0 0 0 0 0 0 0 0 0 0 
1726 10 0 0 0 0 0 0 0 0 0 0 0 
1727 10 0 0 0 0 0 0 0 0 0 0 0 
1728 10 0 0 0 0 0 0 0 0 0 0 0 
1729 10 0 0 0 0 0 0 0 0 0 0 0 
1730 10 0 0 0 0 0 0 0 0 0 0 0 
1731 10 0 0 0 0 0 0 0 0 0 0 0 
1732 10 0 0 0 0 0 0 0 0 0 0 0 
1733 10 0 0 0 0 0 0 0 0 0 0 0 
1734 10 0 0 0 0 0 0 0 0 0 0 0 
1735 10 0 0 0 0 0 0 0 0 0 0 0 
1736 10 0 0 0 0 0 0 0 0 0 0 0 
1737 10 0 0 0 0 0 0 0 0 0 0 0 
1738 10 0 0 0 0 0 0 0 0 0 0 0 
1739 10 0 0 0 0 0 0 0 0 0 0 0 
1740 10 0 0 0 0 0 0 0 0 0 0 0 
1741 10 0 0 0 0 0 0 0 0 0 0 0 
1742 10 0 0 0 0 0 0 0 0 0 0 0 
1743 10 0 0 0 0 0 0 0 0 0 0 0 
1744 10 0 0 0 0 0 0 0 0 0 0 0 
1745 10 0 0 0 0 0 0 0 0 0 0 0 
1746 10 0 0 0 0 0 0 0 0 0 0 0 
1747 10 0 0 0 0 0 0 0 0 0 0 0 
1748 10 0 0 0 0 0 0 0 0 0 0 0 
1749 10 0 0 0 0 0 0 0 0 0 0 0 
1750 10 0 0 0 0 0 0 0 0 0 0 0 
1751 10 0 0 0 0 0 0 0 0 0 0 0 
1752 10 0 0 0 0 0 0 0 0 0 0 0 
1753 10 0 0 0 0 0 0 0 0 0 0 0 
1754 10 0 0 0 0 0 0 0 0 0 0 0 
1755 10 0 0 0 0 0 0 0 0 0 0 0 
1756 10 0 0 0 0 0 0 0 0 0 0 0 
1757 10 0 0 0 0 0 0 0 0 0 0 0 
1758 10 0 0 0 0 0 0 0 0 0 0 0 
1759 10 0 0 0 0 0 0 0 0 0 0 0 
1760 10 0 0 0 0 0 0 0 0 0 0 0 
1761 10 0 0 0 0 0 0 0 0 0 0 0 
1762 10 0 0 0 0 0 0 0 0 0 0 0 
1763 10 0 0 0 0 0 0 0 0 0 0 0 
1764 10 0 0 0 0 0 0 0 0 0 0 0 
1765 10 0 0 0 0 0 0 0 0 0 0 0 
1766 10 0 0 0 0 0 0 0 0 0 0 0 
1767 10 0 0 0 0 0 0 0 0 0 0 0 
1768 10 0 0 0 0 0 0 0 0 0 0 0 
1769 10 0 0 0 0 0 0 0 0 0 0 0 
1770 10 0 0 0 0 0 0 0 0 0 0 0 
1771 10 0 0 0 0 0 0 0 0 0 0 0 
1772 10 0 0 0 0 0 0 0 0 0 0 0 
1773 10 0 0 0 0 0 0 0 0 0 0 0 
1774 10 0 0 0 0 0 0 0 0 0 0 0 
1775 10 0 0 0 0 0 0 0 0 0 0 0 
1776 10 0 0 0 0 0 0 0 0 0 0 0 
1777 10 0 0 0 0 0 0 0 0 0 0 0 
1778 10 0 0 0 0 0 0 0 0 0 0 0 
1779 10 0 0 0 0 0 0 0 0 0 0 0 
1780 10 0 0 0 0 0 0 0 0 0 0 0 
1781 10 0 0 0 0 0 0 0 0 0 0 0 
1782 10 0 0 0 0 0 0 0 0 0 0 0 
1783 10 0 0 0 0 0 0 0 0 0 0 0 
1784 10 0 0 0 0 0 0 0 0 0 0 0 
1785 10 0 0 0 0 0 0 0 0 0 0 0 
1786 10 0 0 0 0 0 0 0 0 0 0 0 
1787 10 0 0 0 0 0 0 0 0 0 0 0 
1788 10 0 0 0 0 0 0 0 0 0 0 0 
1789 10 0 0 0 0 0 0 0 0 0 0 0 
1790 10 0 0 0 0 0 0 0 0 0 0 0 
1791 10 0 0 0 0 0 0 0 0 0 0 0 
1792 10 0 0 0 0 0 0 0 0 0 0 0 
1793 10 0 0 0 0 0 0 0 0 0 0 0 
1794 10 0 0 0 0 0 0 0 0 0 0 0 
1795 10 0 0 0 0 0 0 0 0 0 0 0 
1796 10 0 0 0 0 0 0 0 0 0 0 0 
1797 10 0 0 0 0 0 0 0 0 0 0 0 
1798 10 0 0 0 0 0 0 0 0 0 0 0 
1799 10 0 0 0 0 0 0 0 0 0 0 0 
1800 10 0 0 0 0 0 0 0 0 0 0 0 
1801 10 0 0 0 0 0 0 0 0 0 0 0 
1802 10 0 0 0 0 0 0 0 0 0 0 0 
1803 10 0 0 0 0 0 0 0 0 0 0 0 
1804 10 0 0 0 0 0 0 0 0 0 0 0 
1805 10 0 0 0 0 0 0 0 0 0 0 0 
1806 10 0 0 0 0 0 0 0 0 0 0 0 
1807 10 0 0 0 0 0 0 0 0 0 0 0 
1808 10 0 0 0 0 0 0 0 0 0 0 0 
1809 10 0 0 0 0 0 0 0 0 0 0 0 
1810 10 0 0 0 0 0 0 0 0 0 0 0 
1811 10 0 0 0 0 0 0 0 0 0 0 0 
1812 10 0 0 0 0 0 0 0 0 0 0 0 
1813 10 0 0 0 0 0 0 0 0 0 0 0 
1814 10 0 0 0 0 0 0 0 0 0 0 0 
1815 10 0 0 0 0 0 0 0 0 0 0 0 
1816 10 0 0 0 0 0 0 0 0 0 0 0 
1817 10 0 0 0 0 0 0 0 0 0 0 0 
1818 10 0 0 0 0 0 0 0 0 0 0 0 
1819 10 0 0 0 0 0 0 0 0 0 0 0 
1820 10 0 0 0 0 0 0 0 0 0 0 0 
1821 10 0 0 0 0 0 0 0 0 0 0 0 
1822 10 0 0 0 0 0 0 0 0 0 0 0 
1823 10 0 0 0 0 0 0 0 0 0 0 0 
1824 10 0 0 0 0 0 0 0 0 0 0 0 
1825 10 0 0 0 0 0 0 0 0 0 0 0 
1826 10 0 0 0 0 0 0 0 0 0 0 0 
1827 10 0 0 0 0 0 0 0 0 0 0 0 
1828 10 0 0 0 0 0 0 0 0 0 0 0 
1829 10 0 0 0 0 0 0 0 0 0 0 0 
1830 10 0 0 0 0 0 0 0 0 0 0 0 
1831 10 0 0 0 0 0 0 0 0 0 0 0 
1832 10 0 0 0 0 0 0 0 0 0 0 0 
1833 10 0 0 0 0 0 0 0 0 0 0 0 
1834 10 0 0 0 0 0 0 0 0 0 0 0 
1835 10 0 0 0 0 0 0 0 0 0 0 0 
1836 10 0 0 0 0 0 0 0 0 0 0 0 
1837 10 0 0 0 0 0 0 0 0 0 0 0 
1838 10 0 0 0 0 0 0 0 0 0 0 0 
1839 10 0 0 0 0 0 0 0 0 0 0 0 
1840 10 0 0 0 0 0 0 0 0 0 0 0 
1841 10 0 0 0 0 0 0 0 0 0 0 0 
1842 10 0 0 0 0 0 0 0 0 0 0 0 
1843 10 0 0 0 0 0 0 0 0 0 0 0 
1844 10 0 0 0 0 0 0 0 0 0 0 0 
1845 10 0 0 0 0 0 0 0 0 0 0 0 
1846 10 0 0 0 0 0 0 0 0 0 0 0 
1847 10 0 0 0 0 0 0 0 0 0 0 0 
1848 10 0 0 0 0 0 0 0 0 0 0 0 
1849 10 0 0 0 0 0 0 0 0 0 0 0 
1850 10 0 0 0 0 0 0 0 0 0 0 0 
1851 10 0 0 0 0 0 0 0 0 0 0 0 
1852 10 0 0 0 0 0 0 0 0 0 0 0 
1853 10 0 0 0 0 0 0 0 0 0 0 0 
1854 10 0 0 0 0 0 0 0 0 0 0 0 
1855 10 0 0 0 0 0 0 0 0 0 0 0 
1856 10 0 0 0 0 0 0 0 0 0 0 0 
1857 10 0 0 0 0 0 0 0 0 0 0 0 
1858 10 0 0 0 0 0 0 0 0 0 0 0 
1859 10 0 0 0 0 0 0 0 0 0 0 0 
1860 10 0 0 0 0 0 0 0 0 0 0 0 
1861 10 0 0 0 0 0 0 0 0 0 0 0 
1862 10 0 0 0 0 0 0 0 0 0 0 0 
1863 10 0 0 0 0 0 0 0 0 0 0 0 
1864 10 0 0 0 0 0 0 0 0 0 0 0 
1865 10 0 0 0 0 0 0 0 0 0 0 0 
1866 10 0 0 0 0 0 0 0 0 0 0 0 
1867 10 0 0 0 0 0 0 0 0 0 0 0 
1868 10 0 0 0 0 0 0 0 0 0 0 0 
1869 10 0 0 0 0 0 0 0 0 0 0 0 
1870 10 0 0 0 0 0 0 0 0 0 0 0 
1871 10 0 0 0 0 0 0 0 0 0 0 0 
1872 10 0 0 0 0 0 0 0 0 0 0 0 
1873 10 0 0 0 0 0 0 0 0 0 0 0 
1874 10 0 0 0 0 0 0 0 0 0 0 0 
1875 10 0 0 0 0 0 0 0 0 0 0 0 
1876 10 0 0 0 0 0 0 0 0 0 0 0 
1877 10 0 0 0 0 0 0 0 0 0 0 0 
1878 10 0 0 0 0 0 0 0 0 0 0 0 
1879 10 0 0 0 0 0 0 0 0 0 0 0 
1880 10 0 0 0 0 0 0 0 0 0 0 0 
1881 10 0 0 0 0 0 0 0 0 0 0 0 
1882 10 0 0 0 0 0 0 0 0 0 0 0 
1883 10 0 0 0 0 0 0 0 0 0 0 0 
1884 10 0 0 0 0 0 0 0 0 0 0 0 
1885 10 0 0 0 0 0 0 0 0 0 0 0 
1886 10 0 0 0 0 0 0 0 0 0 0 0 
1887 10 0 0 0 0 0 0 0 0 0 0 0 
1888 10 0 0 0 0 0 0 0 0 0 0 0 
1889 10 0 0 0 0 0 0 0 0 0 0 0 
1890 10 0 0 0 0 0 0 0 0 0 0 0 
1891 10 0 0 0 0 0 0 0 0 0 0 0 
1892 10 0 0 0 0 0 0 0 0 0 0 0 
1893 10 0 0 0 0 0 0 0 0 0 0 0 
1894 10 0 0 0 0 0 0 0 0 0 0 0 
1895 10 0 0 0 0 0 0 0 0 0 0 0 
1896 10 0 0 0 0 0 0 0 0 0 0 0 
1897 10 0 0 0 0 0 0 0 0 0 0 0 
1898 10 0 0 0 0 0 0 0 0 0 0 0 
1899 10 0 0 0 0 0 0 0 0 0 0 0 
1900 10 0 0 0 0 0 0 0 0 0 0 0 
1901 10 0 0 0 0 0 0 0 0 0 0 0 
1902 10 0 0 0 0 0 0 0 0 0 0 0 
1903 10 0 0 0 0 0 0 0 0 0 0 0 
1904 10 0 0 0 0 0 0 0 0 0 0 0 
1905 10 0 0 0 0 0 0 0 0 0 0 0 
1906 10 0 0 0 0 0 0 0 0 0 0 0 
1907 10 0 0 0 0 0 0 0 0 0 0 0 
1908 10 0 0 0 0 0 0 0 0 0 0 0 
1909 10 0 0 0 0 0 0 0 0 0 0 0 
1910 10 0 0 0 0 0 0 0 0 0 0 0 
1911 10 0 0 0 0 0 0 0 0 0 0 0 
1912 10 0 0 0 0 0 0 0 0 0 0 0 
1913 10 0 0 0 0 0 0 0 0 0 0 0 
1914 10 0 0 0 0 0 0 0 0 0 0 0 
1915 10 0 0 0 0 0 0 0 0 0 0 0 
1916 10 0 0 0 0 0 0 0 0 0 0 0 
1917 10 0 0 0 0 0 0 0 0 0 0 0 
1918 10 0 0 0 0 0 0 0 0 0 0 0 
1919 10 0 0 0 0 0 0 0 0 0 0 0 
1920 10 0 0 0 0 0 0 0 0 0 0 0 
1921 10 0 0 0 0 0 0 0 0 0 0 0 
1922 10 0 0 0 0 0 0 0 0 0 0 0 
1923 10 0 0 0 0 0 0 0 0 0 0 0 
1924 10 0 0 0 0 0 0 0 0 0 0 0 
1925 10 0 0 0 0 0 0 0 0 0 0 0 
1926 10 0 0 0 0 0 0 0 0 0 0 0 
1927 10 0 0 0 0 0 0 0 0 0 0 0 
1928 10 0 0 0 0 0 0 0 0 0 0 0 
1929 10 0 0 0 0 0 0 0 0 0 0 0 
1930 10 0 0 0 0 0 0 0 0 0 0 0 
1931 10 0 0 0 0 0 0 0 0 0 0 0 
1932 10 0 0 0 0 0 0 0 0 0 0 0 
1933 10 0 0 0 0 0 0 0 0 0 0 0 
1934 10 0 0 0 0 0 0 0 0 0 0 0 
1935 10 0 0 0 0 0 0 0 0 0 0 0 
1936 10 0 0 0 0 0 0 0 0 0 0 0 
1937 10 0 0 0 0 0 0 0 0 0 0 0 
1938 10 0 0 0 0 0 0 0 0 0 0 0 
1939 10 0 0 0 0 0 0 0 0 0 0 0 
1940 10 0 0 0 0 0 0 0 0 0 0 0 
1941 10 0 0 0 0 0 0 0 0 0 0 0 
1942 10 0 0 0 0 0 0 0 0 0 0 0 
1943 10 0 0 0 0 0 0 0 0 0 0 0 
1944 10 0 0 0 0 0 0 0 0 0 0 0 
1945 10 0 0 0 0 0 0 0 0 0 0 0 
1946 10 0 0 0 0 0 0 0 0 0 0 0 
1947 10 0 0 0 0 0 0 0 0 0 0 0 
1948 10 0 0 0 0 0 0 0 0 0 0 0 
1949 10 0 0 0 0 0 0 0 0 0 0 0 
1950 10 0 0 0 0 0 0 0 0 0 0 0 
1951 10 0 0 0 0 0 0 0 0 0 0 0 
1952 10 0 0 0 0 0 0 0 0 0 0 0 
1953 10 0 0 0 0 0 0 0 0 0 0 0 
1954 10 0 0 0 0 0 0 0 0 0 0 0 
1955 10 0 0 0 0 0 0 0 0 0 0 0 
1956 10 0 0 0 0 0 0 0 0 0 0 0 
1957 10 0 0 0 0 0 0 0 0 0 0 0 
1958 10 0 0 0 0 0 0 0 0 0 0 0 
1959 10 0 0 0 0 0 0 0 0 0 0 0 
1960 10 0 0 0 0 0 0 0 0 0 0 0 
1961 10 0 0 0 0 0 0 0 0 0 0 0 
1962 10 0 0 0 0 0 0 0 0 0 0 0 
1963 10 0 0 0 0 0 0 0 0 0 0 0 
1964 10 0 0 0 0 0 0 0 0 0 0 0 
1965 10 0 0 0 0 0 0 0 0 0 0 0 
1966 10 0 0 0 0 0 0 0 0 0 0 0 
1967 10 0 0 0 0 0 0 0 0 0 0 0 
1968 10 0 0 0 0 0 0 0 0 0 0 0 
1969 10 0 0 0 0 0 0 0 0 0 0 0 
1970 10 0 0 0 0 0 0 0 0 0 0 0 
1971 10 0 0 0 0 0 0 0 0 0 0 0 
1972 10 0 0 0 0 0 0 0 0 0 0 0 
1973 10 0 0 0 0 0 0 0 0 0 0 0 
1974 10 0 0 0 0 0 0 0 0 0 0 0 
1975 10 0 0 0 0 0 0 0 0 0 0 0 
1976 10 0 0 0 0 0 0 0 0 0 0 0 
1977 10 0 0 0 0 0 0 0 0 0 0 0 
1978 10 0 0 0 0 0 0 0 0 0 0 0 
1979 10 0 0 0 0 0 0 0 0 0 0 0 
1980 10 0 0 0 0 0 0 0 0 0 0 0 
1981 10 0 0 0 0 0 0 0 0 0 0 0 
1982 10 0 0 0 0 0 0 0 0 0 0 0 
1983 10 0 0 0 0 0 0 0 0 0 0 0 
1984 10 0 0 0 0 0 0 0 0 0 0 0 
1985 10 0 0 0 0 0 0 0 0 0 0 0 
1986 10 0 0 0 0 0 0 0 0 0 0 0 
1987 10 0 0 0 0 0 0 0 0 0 0 0 
1988 10 0 0 0 0 0 0 0 0 0 0 0 
1989 10 0 0 0 0 0 0 0 0 0 0 0 
1990 10 0 0 0 0 0 0 0 0 0 0 0 
1991 10 0 0 0 0 0 0 0 0 0 0 0 
1992 10 0 0 0 0 0 0 0 0 0 0 0 
1993 10 0 0 0 0 0 0 0 0 0 0 0 
1994 10 0 0 0 0 0 0 0 0 0 0 0 
1995 10 0 0 0 0 0 0 0 0 0 0 0 
1996 10 0 0 0 0 0 0 0 0 0 0 0 
1997 10 0 0 0 0 0 0 0 0 0 0 0 
1998 10 0 0 0 0 0 0 0 0 0 0 0 
1999 10 0 0 0 0 0 0 0 0 0 0 0 
2000 10 0 0 0 0 0 0 0 0 0 0 0 
2001 10 0 0 0 0 0 0 0 0 0 0 0 
2002 10 0 0 0 0 0 0 0 0 0 0 0 
2003 10 0 0 0 0 0 0 0 0 0 0 0 
2004 10 0 0 0 0 0 0 0 0 0 0 0 
2005 10 0 0 0 0 0 0 0 0 0 0 0 
2006 10 0 0 0 0 0 0 0 0 0 0 0 
2007 10 0 0 0 0 0 0 0 0 0 0 0 
2008 10 0 0 0 0 0 0 0 0 0 0 0 
2009 10 0 0 0 0 0 0 0 0 0 0 0 
2010 10 0 0 0 0 0 0 0 0 0 0 0 
2011 10 0 0 0 0 0 0 0 0 0 0 0 
2012 10 0 0 0 0 0 0 0 0 0 0 0 
2013 10 0 0 0 0 0 0 0 0 0 0 0 
2014 10 0 0 0 0 0 0 0 0 0 0 0 
2015 10 0 0 0 0 0 0 0 0 0 0 0 
2016 10 0 0 0 0 0 0 0 0 0 0 0 
2017 10 0 0 0 0 0 0 0 0 0 0 0 
2018 10 0 0 0 0 0 0 0 0 0 0 0 
2019 10 0 0 0 0 0 0 0 0 0 0 0 
2020 10 0 0 0 0 0 0 0 0 0 0 0 
2021 10 0 0 0 0 0 0 0 0 0 0 0 
2022 10 0 0 0 0 0 0 0 0 0 0 0 
2023 10 0 0 0 0 0 0 0 0 0 0 0 
2024 10 0 0 0 0 0 0 0 0 0 0 0 
2025 10 0 0 0 0 0 0 0 0 0 0 0 
2026 10 0 0 0 0 0 0 0 0 0 0 0 
2027 10 0 0 0 0 0 0 0 0 0 0 0 
2028 10 0 0 0 0 0 0 0 0 0 0 0 
2029 10 0 0 0 0 0 0 0 0 0 0 0 
2030 10 0 0 0 0 0 0 0 0 0 0 0 
2031 10 0 0 0 0 0 0 0 0 0 0 0 
2032 10 0 0 0 0 0 0 0 0 0 0 0 
2033 10 0 0 0 0 0 0 0 0 0 0 0 
2034 10 0 0 0 0 0 0 0 0 0 0 0 
2035 10 0 0 0 0 0 0 0 0 0 0 0 
2036 10 0 0 0 0 0 0 0 0 0 0 0 
2037 10 0 0 0 0 0 0 0 0 0 0 0 
2038 10 0 0 0 0 0 0 0 0 0 0 0 
2039 10 0 0 0 0 0 0 0 0 0 0 0 
2040 10 0 0 0 0 0 0 0 0 0 0 0 
2041 10 0 0 0 0 0 0 0 0 0 0 0 
2042 10 0 0 0 0 0 0 0 0 0 0 0 
2043 10 0 0 0 0 0 0 0 0 0 0 0 
2044 10 0 0 0 0 0 0 0 0 0 0 0 
2045 10 0 0 0 0 0 0 0 0 0 0 0 
2046 10 0 0 0 0 0 0 0 0 0 0 0 

0 6 2 1 koaramarch 0.326582 9 -24 -46 276 -27 24 324 -21 -49 48 -13 -54 96 -15 -50 228 18 -45 156 -18 -50 156 -25 23 204 -22 37 228 4 pakuncho 0.373323 11 22 -50 168 5 -48 252 -27 -49 180 -22 -29 252 -18 -26 36 10 -48 348 20 32 324 -29 -1 240 18 24 348 -25 10 240 20 11 324 
1 6 2 1 koaramarch 0.889655 6 -9 46 120 -30 3 228 -24 -30 228 -30 -24 228 -7 45 120 -13 45 120 4 pakuncho 0.947137 10 -10 22 36 -13 44 240 9 26 300 25 45 168 -15 43 60 -31 -5 180 -8 46 264 -16 45 0 16 48 324 -20 -40 60 
2 6 4 0 pack 0.333333 1 -1 94 12 1 koaramarch 0.68254 4 -25 6 168 8 44 228 -2 -42 156 17 15 228 2 bottle 0.275862 2 7 78 24 5 77 312 4 pakuncho 0.68254 4 11 2 300 11 -45 96 23 -33 240 30 14 60 
3 6 3 1 koaramarch 0.908451 6 -24 -6 48 8 45 204 5 47 204 -29 30 324 -27 33 120 -19 27 120 2 bottle 0.484848 2 29 7 48 23 -20 192 4 pakuncho 0.959821 10 13 45 180 5 44 252 31 -36 324 18 32 240 22 30 324 -18 44 180 7 -12 96 8 18 252 17 42 240 -26 31 324 
4 6 3 1 koaramarch 0.965775 21 28 -26 288 15 13 228 10 46 228 30 46 228 19 -18 156 25 43 120 -3 50 204 21 -21 204 7 47 276 27 13 96 23 -1 276 -2 -51 228 18 0 120 18 28 168 26 9 96 26 29 96 4 50 156 20 -16 276 18 -28 348 25 -15 96 19 42 168 4 pakuncho 0.929012 14 16 50 36 -1 50 240 23 -17 348 25 -29 240 -9 47 0 -5 44 252 32 -3 60 15 10 264 35 -19 36 19 -22 180 16 48 0 3 49 240 35 -28 168 11 17 300 5 painomi 0.373913 1 51 -10 324 
5 6 1 1 koaramarch 0.877551 1 21 39 348 
6 6 2 1 koaramarch 0.518072 1 25 25 96 4 pakuncho 0.995128 19 11 48 240 35 -36 36 31 21 180 13 0 96 9 42 96 16 49 180 18 20 180 26 -14 60 33 -25 168 9 48 96 32 -5 168 23 44 0 34 6 36 29 -27 180 32 -34 168 16 -1 264 15 -1 264 23 -44 348 14 -32 240 
7 6 1 1 koaramarch 0.380531 1 15 10 324 
8 6 1 4 pakuncho 1 26 -10 -16 60 0 8 348 -5 28 36 -12 -24 36 -10 18 36 -12 -2 0 -7 31 180 13 -30 0 -2 27 48 4 -7 0 -12 26 60 -19 42 348 8 -7 252 0 36 0 2 36 348 16 43 324 18 -35 348 5 6 0 -20 -10 324 27 12 168 -10 2 348 -15 34 348 6 0 0 -7 -12 60 -24 34 348 -23 4 0 
9 6 1 4 pakuncho 0.955556 1 -5 25 36 
10 6 2 1 koaramarch 0.855721 8 -23 -18 156 -23 2 324 -13 41 120 -13 5 120 -28 -23 324 -14 -35 120 -26 -23 312 -18 -23 120 4 pakuncho 0.978162 25 -16 -22 60 -22 9 240 -16 -26 240 -17 -26 60 -11 37 240 -13 -36 240 -10 42 240 -4 -39 60 -21 12 324 -4 4 48 -8 35 48 -9 11 48 -17 17 60 -7 -12 48 -21 32 324 -27 -15 300 -29 -25 300 -13 3 36 -7 25 36 28 43 36 -29 -31 300 -23 25 348 -21 -12 348 -20 9 0 -29 -32 300 
11 6 1 4 pakuncho 0.99768 20 -14 24 348 -25 7 348 1 44 324 -22 -43 0 9 34 168 -16 34 180 1 -40 0 -11 20 0 7 10 0 5 9 0 -12 -13 348 10 12 0 -8 -28 348 18 17 168 -10 23 348 19 -7 168 -2 29 348 10 -13 0 9 -11 0 10 7 324 
12 6 1 1 koaramarch 0.984733 3 28 -18 228 10 -38 228 19 -42 120 
13 6 2 1 koaramarch 0.938182 24 -13 -49 96 -22 -30 168 -12 6 228 -10 -44 96 -12 -48 228 11 28 120 8 10 312 9 29 120 6 -25 120 -1 31 204 1 36 204 -28 39 228 1 7 204 9 10 312 8 -46 312 7 38 204 1 40 312 4 -6 156 5 -13 204 -2 38 312 5 -14 204 14 -29 48 23 -49 228 21 24 120 4 pakuncho 0.965963 33 12 44 36 13 24 180 -25 16 300 -13 21 180 -13 3 180 2 25 324 -3 17 180 4 16 0 -3 24 180 -10 12 0 28 -39 60 13 -38 240 21 10 168 -3 25 324 26 -16 180 8 18 180 17 -15 180 2 -9 180 11 -44 168 8 39 36 27 -37 180 -3 -30 324 17 13 180 20 13 180 6 6 168 -20 -41 180 6 7 168 22 1 60 7 -39 168 -2 30 168 26 38 60 -6 -50 300 -9 46 96 
14 6 4 0 pack 0.0631424 1 19 72 204 1 koaramarch 0.967979 187 -17 -31 168 -20 -35 204 -15 31 228 -22 25 156 -12 -28 168 -14 -21 156 4 -18 204 -7 11 96 -3 -49 156 7 29 324 -14 -9 168 -5 -28 228 -1 38 204 5 36 324 -11 31 156 -5 26 96 -10 24 96 -3 41 228 -19 38 276 -3 25 96 5 -2 156 4 12 204 -8 -39 120 -18 -25 120 9 -20 96 10 -34 204 -16 28 228 -1 41 228 -20 -46 156 8 37 96 -11 -5 228 -5 -27 228 -3 39 96 1 16 276 -13 33 228 -14 -22 120 11 31 228 -8 4 156 -6 -11 96 -11 -24 156 3 19 156 -14 -35 168 -3 -24 156 -4 16 96 7 -34 204 -5 -13 228 -7 -17 156 -9 20 96 -7 -8 96 -5 43 228 -18 32 312 -17 43 324 -15 21 96 -20 10 312 -20 -48 312 -16 -32 96 -16 26 312 -21 3 48 -12 -10 120 -2 44 228 -11 -11 228 -2 7 156 -8 23 204 -6 37 276 -7 19 276 0 -46 120 -2 -27 120 12 -29 228 -23 -21 324 -21 -42 156 -24 -42 324 0 -36 312 4 20 276 -25 38 228 -16 19 348 -16 13 348 -6 31 228 -18 0 156 -1 42 96 -3 17 96 -2 -10 156 -1 34 228 -17 -15 156 -4 20 228 -22 -36 348 -10 44 168 -3 -26 96 -24 4 228 -17 3 168 -7 1 228 -4 28 120 -15 28 168 -8 -11 276 -5 -6 156 -1 -45 168 -9 -3 276 -5 -8 228 -2 -20 324 3 -14 228 -6 17 324 -11 11 288 4 -33 276 -18 -38 156 -8 0 168 -18 29 156 -7 -40 120 0 27 228 -11 -23 120 -11 -39 228 -15 -11 96 0 23 228 -10 18 288 -7 -14 228 -18 -14 204 2 39 348 -9 -34 156 -3 17 120 -6 -40 228 0 -16 156 -13 16 204 -1 -11 276 -4 -26 276 -7 -5 204 -10 42 324 -5 17 168 -2 29 168 -9 27 168 -15 -37 48 -21 -36 228 -14 33 204 -8 -21 168 -19 30 48 0 -1 120 -14 6 348 4 44 96 -5 28 228 -4 -29 324 -7 -50 228 -4 27 120 2 -33 228 -6 -9 312 -9 -11 288 2 -32 228 5 -37 228 -13 -46 348 -15 -11 276 -20 -10 228 -17 -39 228 -9 -28 228 -13 -30 276 -14 -30 228 -9 11 48 -8 -50 120 -5 16 48 -10 -44 288 -12 -1 348 -9 44 120 -18 -30 276 -18 0 276 -12 24 312 -20 24 276 -10 -51 48 -12 -8 324 -6 36 120 -5 -15 120 -10 -18 324 -9 -42 228 3 -8 228 -8 -18 348 -11 -17 312 -8 -7 120 -5 -41 288 -7 -4 120 -4 -28 288 -15 -32 204 -4 -28 348 -7 -47 348 -3 38 48 4 -6 228 -5 27 48 -9 -31 312 5 -48 288 4 -31 288 24 34 96 2 -43 288 25 33 288 15 3 204 3 can 0.0631424 1 23 -35 312 4 pakuncho 0.936348 130 5 -26 252 -10 23 240 8 -36 252 -28 -9 180 24 -11 180 17 19 60 5 -25 36 -28 -20 180 17 32 60 11 -36 180 19 -39 180 -12 20 60 10 32 48 20 -43 60 -3 -19 180 -24 -39 300 -29 20 180 5 27 180 1 -21 168 -25 -48 180 8 -37 240 -5 42 168 2 33 180 -4 29 168 4 -36 168 6 -19 180 -7 -19 180 -1 -45 168 -21 16 180 -20 14 180 -19 -13 180 0 -45 264 -7 20 168 -18 -2 168 20 26 60 7 -24 36 -8 26 180 -17 26 240 19 18 48 20 38 60 -9 14 60 14 -37 60 -16 12 240 -10 10 180 7 -1 36 -7 -1 168 -8 -12 324 -20 -42 180 -4 21 168 -30 -10 180 1 41 60 10 -31 36 10 -34 36 14 1 48 -4 -30 180 16 -21 48 16 -36 48 -7 40 60 12 4 60 12 38 60 -19 -38 300 -8 36 60 -1 44 240 12 6 60 18 37 60 14 -35 60 18 10 36 -11 -15 324 -13 -36 168 10 14 60 -6 -3 252 11 39 60 12 -49 60 7 -3 48 10 20 48 9 8 48 -15 -38 300 -15 -17 240 4 -14 48 -8 -6 60 -8 -4 60 -10 -43 60 -8 34 240 -10 -17 240 9 36 60 -8 -35 252 6 3 60 -9 17 252 -9 -44 264 -6 26 240 12 23 60 -6 16 60 -4 38 264 5 -4 60 -12 10 252 9 11 240 8 -16 264 -18 18 264 -6 9 252 -15 -1 240 -6 -19 60 1 19 264 -2 -44 264 -5 28 264 8 -1 252 -11 -15 252 -9 11 264 -5 -10 264 -3 35 240 -14 -25 96 3 -23 60 -11 -12 240 4 28 96 -16 -16 96 5 11 96 -10 -34 240 -10 12 96 -11 -41 96 -9 -41 96 4 9 96 -12 28 96 -7 37 96 0 -20 96 -10 -5 96 -7 39 96 2 24 96 -4 -23 240 3 -14 264 21 -47 0 22 22 60 
15 6 2 1 koaramarch 0.979159 59 26 -35 228 27 -14 228 14 26 156 16 35 48 15 -11 276 6 -38 228 15 16 156 13 -35 228 16 -20 168 14 -3 204 11 -19 120 12 -38 228 13 4 48 16 -42 156 22 9 288 9 -23 228 6 -21 348 18 -32 96 14 -34 156 14 -29 204 6 -20 276 5 -37 228 11 39 168 4 -2 48 14 22 228 9 38 228 13 -35 204 2 -3 348 10 34 204 10 18 324 2 38 120 5 37 120 16 11 96 17 17 96 25 -32 228 25 -33 228 11 31 348 7 -37 168 11 13 120 9 12 120 6 -35 168 14 -12 324 11 2 96 12 10 348 20 36 228 6 -5 228 9 -47 228 12 15 48 17 25 288 4 26 48 7 -20 228 7 26 168 11 0 168 9 -23 120 5 16 168 13 41 96 2 28 120 11 -1 288 9 6 48 4 pakuncho 0.903069 26 5 -18 252 8 -3 240 6 22 324 20 -32 240 3 23 252 10 -41 240 13 -40 240 25 5 60 19 -24 348 21 -39 60 3 36 252 19 10 60 22 20 60 -2 6 300 13 30 240 18 3 324 -2 39 300 -1 16 252 17 -12 348 -2 39 252 23 -8 48 25 16 48 20 5 60 19 -14 36 -1 -30 300 -2 -34 324 
16 6 2 1 koaramarch 0.870445 10 9 35 276 7 -25 276 3 -21 168 9 16 228 2 -2 228 6 13 48 8 -43 228 14 31 288 14 25 228 9 -52 120 4 pakuncho 0.743945 5 16 14 324 -5 39 252 20 -18 60 7 -28 324 11 8 60 
17 6 1 4 pakuncho 0.984733 3 19 -35 324 26 -22 36 0 30 252 
18 6 2 1 koaramarch 0.987144 25 -1 -24 120 14 -50 288 -2 -12 228 10 43 204 14 -3 288 8 -36 276 5 -12 312 3 39 228 10 25 348 8 31 348 13 21 228 2 -40 120 -3 -42 228 6 -12 276 6 -46 348 3 -9 228 15 -7 228 4 -15 120 7 35 348 5 -40 120 4 -31 348 12 -28 96 11 -13 168 4 -46 120 12 -21 276 4 pakuncho 0.832258 6 -4 -40 300 -4 23 264 2 17 252 13 4 324 7 1 324 21 13 36 
19 6 2 1 koaramarch 0.240223 2 15 46 288 -28 41 156 4 pakuncho 0.6 9 -4 -38 96 5 -1 96 5 -40 240 2 -14 240 0 4 240 1 -39 240 14 50 48 -6 47 36 -2 51 264 
20 6 1 3 can 0.225131 1 -23 39 192 
21 6 3 0 pack 0.483146 1 2 35 336 1 koaramarch 0.849802 5 4 -54 120 -14 7 228 -16 -1 288 5 -56 228 -24 -18 228 4 pakuncho 0.928058 9 -20 -54 300 -7 -55 180 -27 -44 0 -20 33 168 -21 14 168 6 -47 264 -19 -42 96 -12 -22 264 13 -57 60 
22 6 6 0 pack 0.848927 23 -28 21 60 18 52 204 -33 20 324 -33 16 336 21 50 204 -9 36 36 6 49 72 36 -36 36 18 97 12 -33 14 336 48 10 60 24 -10 12 -17 82 36 -24 17 72 -24 73 180 -24 14 336 30 -47 120 31 34 324 23 19 204 26 66 300 8 74 12 28 30 84 3 22 60 1 koaramarch 0.503513 5 27 14 96 -20 46 120 -24 47 48 3 49 228 0 52 204 2 bottle 0.863436 49 -8 61 276 36 21 144 21 -64 276 28 32 60 21 -23 312 -24 51 276 19 25 12 24 11 12 28 -19 144 -13 55 168 25 11 12 19 -39 348 -16 54 348 18 -60 276 -28 -12 312 -2 77 60 24 -10 60 -15 54 348 8 81 108 -4 83 180 11 77 48 25 27 144 -6 83 156 20 -28 276 -23 -53 348 -4 83 60 5 85 168 -21 -23 348 12 82 156 6 84 156 -6 80 60 26 30 192 -1 83 348 -4 82 156 2 68 48 14 85 168 27 48 60 22 57 156 15 83 108 -5 26 60 -8 58 168 2 82 156 3 82 168 12 28 144 21 53 168 -18 29 288 -2 32 228 7 29 12 17 31 180 3 can 0.68038 10 -12 53 288 -18 13 120 -23 47 168 -10 51 276 7 53 96 22 -38 312 8 52 60 22 -13 132 16 51 72 0 51 0 4 pakuncho 0.503513 5 19 40 264 32 18 180 -10 48 300 -2 -56 60 -24 40 240 5 painomi 0.702823 11 37 29 216 9 31 180 -3 -48 288 -5 -49 288 -30 42 312 -41 24 24 -5 34 36 51 40 48 -38 26 0 16 24 348 -45 37 312 
23 6 1 2 bottle 0.5 1 10 29 60 
24 6 3 0 pack 0.641791 1 -26 84 12 2 bottle 0.947368 9 20 22 24 5 31 108 17 -91 312 20 6 12 -20 56 156 22 -6 12 10 24 288 -20 -25 348 19 -19 168 5 painomi 0.641791 1 -18 -23 180 
25 6 3 0 pack 0.769821 7 36 30 300 22 -81 204 14 22 204 -3 86 180 16 41 204 26 45 204 -39 -60 120 2 bottle 0.45977 5 -23 -70 60 -7 73 24 -22 23 24 5 72 168 -27 -52 312 5 painomi 0.984733 39 42 -15 324 38 2 324 35 10 312 -51 -16 228 -50 10 228 56 -7 348 50 -55 348 34 -37 312 56 -19 348 51 -14 348 54 -14 348 53 24 144 -53 -31 24 -48 -53 24 -63 20 216 -54 17 24 -16 29 36 -32 -30 228 45 -5 348 -28 -32 36 29 -38 312 36 -38 348 -62 9 216 -58 -22 216 59 -36 0 44 -37 0 17 -27 324 34 -3 348 51 -51 0 19 -17 324 55 0 0 -15 -2 36 34 -32 348 -15 -30 48 -26 -11 228 -27 -66 24 -58 -28 204 -29 -2 24 -6 6 36 
26 6 2 0 pack 0.245714 1 25 -13 204 5 painomi 0.714964 7 -32 8 48 -34 -9 48 36 -45 312 23 -9 300 -36 -9 36 19 23 300 -36 -13 36 
27 6 4 0 pack 0.691954 7 22 47 0 27 29 120 20 77 36 43 -36 336 -51 -19 204 -20 72 180 16 51 192 2 bottle 0.7343 19 7 74 48 2 74 12 0 71 12 10 76 48 2 69 48 28 41 60 19 -90 12 -18 -31 24 -27 -74 348 -30 -41 288 -3 -93 48 2 -93 228 0 -94 180 15 80 144 -4 23 12 5 78 60 5 86 180 6 25 288 25 23 24 3 can 0.551282 4 18 42 312 22 6 132 28 -7 168 -2 49 312 5 painomi 0.865089 17 -27 -8 36 42 -45 348 -26 -5 36 -50 -26 24 23 -36 312 -11 9 48 -19 -12 36 -59 -25 216 -28 -45 36 53 -57 0 62 9 168 24 -62 348 60 -31 168 -27 -25 228 18 -48 300 -15 25 324 -3 31 228 
28 6 4 0 pack 0.544304 1 16 46 84 1 koaramarch 0.926154 7 21 5 228 -21 4 96 -19 18 120 -30 10 228 -27 1 120 -14 2 228 -22 -50 324 3 can 0.544304 1 21 52 216 4 pakuncho 0.801242 3 11 -35 96 28 -37 240 9 25 252 
29 6 5 0 pack 0.792295 22 -10 17 192 -40 39 36 -40 36 36 -43 23 204 -32 -81 300 25 -16 0 30 -6 84 -17 -77 276 44 -20 324 -33 -43 180 -38 -32 300 -18 -13 84 -52 8 204 -7 -25 276 -6 20 36 -38 -42 300 18 56 204 27 84 12 17 -41 156 -43 36 204 45 -36 60 34 -17 276 1 koaramarch 0.310843 3 15 -51 312 15 -52 312 3 -53 228 2 bottle 0.954955 106 4 4 168 -9 52 60 16 -69 108 -4 -48 60 1 -44 312 9 -43 288 14 -74 60 6 -45 192 -16 -46 288 -1 -43 48 -19 -74 108 24 -42 180 -25 -79 312 -3 -76 108 2 -77 108 -5 -4 192 -18 3 60 -7 -63 144 27 -75 48 -9 -5 192 -3 -76 12 29 -43 168 4 -12 12 16 3 276 -32 27 288 9 -78 48 -9 -75 60 23 10 180 19 -78 48 21 -80 60 22 -81 60 -28 -79 312 13 7 228 -12 4 60 -12 -53 60 26 -45 144 -18 -80 48 10 -84 228 10 4 228 -6 -81 312 -16 -45 60 -20 -12 48 9 -44 192 -5 -81 24 1 -41 24 -16 -40 228 16 4 228 -12 -75 24 29 -2 108 -12 -44 228 -15 -41 48 21 9 288 -23 1 228 16 -79 168 -32 25 288 29 -1 108 -10 -40 12 -11 -44 60 -5 -76 24 -25 23 24 5 5 228 22 -81 228 -16 -48 276 -15 -30 168 -10 -84 312 -22 -59 12 -10 -82 180 2 10 48 -9 -51 60 28 -84 180 -9 -77 24 -20 8 192 -2 -79 228 -7 -40 48 26 -84 228 -5 -83 288 15 -40 168 -18 25 48 12 25 60 -9 10 60 14 4 144 14 28 60 -12 12 288 -31 -16 288 19 22 276 18 -47 192 10 28 192 2 5 168 -13 -49 60 -2 -79 312 10 -16 192 10 -85 228 -16 25 60 -22 23 48 3 -77 192 4 8 168 14 -18 108 -19 -21 168 -10 -76 180 -5 -79 144 27 -51 168 25 -16 168 10 -11 192 7 33 348 -7 -3 228 24 -15 168 3 can 0.432596 5 -19 46 120 -21 46 228 -4 20 36 3 -20 312 -11 18 276 5 painomi 0.585477 9 -33 18 348 17 8 24 -3 -6 48 5 2 348 41 -37 168 23 -6 24 -5 -19 324 22 7 24 31 -60 0 
30 6 6 0 pack 0.806452 175 -12 22 192 -24 21 300 38 -26 0 -11 -28 12 -8 -32 12 -31 -61 12 29 -46 276 29 48 36 20 -37 156 29 12 60 28 -22 120 7 -84 36 21 -48 120 -9 -1 0 5 11 156 -38 -91 12 -29 47 300 -25 -74 300 -18 7 36 -7 -105 276 12 33 204 -28 -81 120 12 -1 12 16 57 180 -13 -52 60 -29 33 192 -6 -41 156 -19 -17 348 13 -77 204 -12 -55 300 -22 18 36 20 11 72 -26 -18 324 0 12 276 -32 -78 276 -36 -67 204 16 -10 156 -51 36 204 -16 -33 12 -13 -56 300 5 1 204 -32 8 204 30 1 300 -47 4 120 9 10 60 -8 25 180 12 9 156 -10 -6 204 -14 66 204 -9 14 180 26 0 36 -52 8 120 -14 -93 300 15 16 156 -33 -40 36 -21 -110 180 -28 -56 204 -17 -33 180 -29 45 300 -36 29 180 -33 -46 300 21 -8 204 5 8 156 21 -43 276 -17 22 36 3 -56 180 0 -53 192 40 -18 300 17 -94 36 -38 -31 36 16 11 84 -13 0 276 31 -22 36 1 -19 36 -20 -99 204 -44 36 120 26 -15 84 -11 8 276 -27 -37 12 -12 14 180 -8 -107 204 14 0 120 -41 -77 36 -25 -38 276 28 -4 348 -46 -38 300 -31 -8 180 -36 -26 60 1 -109 204 -14 -66 276 -13 -45 324 32 -35 36 -22 -34 324 -23 -27 36 -28 -47 276 -52 -41 120 9 -46 0 -3 49 276 25 -7 0 33 -19 0 2 -34 0 15 -103 300 36 -97 300 -42 54 276 2 7 84 -22 63 180 -22 17 180 38 -17 60 -19 -18 276 -35 -1 180 21 24 156 -33 -70 300 -46 -67 300 -47 -17 36 -24 95 156 -41 -82 36 -25 -28 12 8 -26 276 26 -74 36 1 41 276 -36 25 36 -24 30 12 -38 11 12 -42 1 204 -11 -57 276 9 64 156 -7 4 276 24 51 120 -21 -5 276 -18 69 12 -32 -28 276 17 -46 84 -11 9 324 26 -87 36 3 63 156 35 -38 36 10 90 204 -11 10 276 -36 1 36 -32 -4 12 -28 -17 336 11 -45 12 -15 -10 276 0 11 276 -25 -53 60 -36 -16 12 -5 22 276 -8 -43 192 -43 -11 180 13 -86 120 -23 8 204 38 3 348 -11 -35 192 -11 -28 36 22 -33 156 -8 -44 204 11 36 72 -1 -52 36 -15 -41 300 25 -43 300 4 -101 120 -28 0 300 -43 46 180 -1 70 120 9 -14 72 16 -50 324 31 5 276 10 -106 156 31 -29 300 28 -44 336 -38 -68 180 -13 -75 204 32 -18 36 10 -69 120 -27 -6 336 1 koaramarch 0.0195721 1 -16 -53 96 2 bottle 0.858068 464 21 -78 180 -11 -77 168 6 -76 144 -8 6 168 4 -66 144 0 -78 288 -7 -78 228 8 -58 192 11 -64 192 16 -56 180 -17 -77 24 2 0 48 -22 -52 12 -14 -46 60 30 -52 168 31 -5 108 9 12 192 -13 -72 228 11 -75 192 -17 -15 108 15 3 312 27 -87 24 12 -6 156 29 -88 60 -23 -11 288 -12 53 156 4 -11 48 -14 -1 24 28 -12 168 -27 -26 276 16 -26 60 3 -14 348 -6 -21 60 13 2 108 -28 -61 348 -20 -42 276 -24 -45 180 -8 25 60 -22 -62 156 11 10 168 -10 14 60 -24 26 156 13 -25 60 5 -1 24 -11 -74 156 -18 -39 312 -14 15 276 30 22 180 19 -10 180 -22 -4 24 -24 -38 156 -15 -63 60 -25 -2 276 -8 -52 168 -7 16 12 -9 48 348 -2 -39 312 -3 -13 288 -2 32 192 -28 29 192 -23 -64 192 11 -37 48 1 49 348 12 -79 312 -8 -31 192 -8 19 348 4 -21 168 -26 -28 168 -16 25 276 -10 -88 48 -26 -79 60 17 -36 12 -5 -13 288 -4 -37 168 -3 29 192 -14 -6 312 4 -19 60 -17 -59 228 16 -34 228 -18 17 180 27 6 180 3 12 180 -19 -46 180 -18 -45 180 -8 -74 288 -21 -96 12 -16 -49 180 -4 -87 48 15 -56 168 -15 -2 192 -7 -43 108 -28 -21 312 -5 -40 192 -2 -73 180 -19 -31 276 -26 24 168 6 -5 156 -4 -63 24 -8 84 192 19 28 60 5 -3 156 -8 -55 168 -12 -4 108 -1 -40 144 -8 -88 60 3 -10 168 24 9 168 11 -44 60 -9 0 48 15 -72 288 3 -33 348 -1 -33 192 -10 -90 192 9 -28 156 0 -31 192 18 -21 348 4 -64 156 -5 22 180 -27 -62 348 12 -15 180 -10 -79 168 17 21 60 19 -72 48 16 -63 48 25 -50 168 7 -87 24 -2 -16 276 5 15 348 4 -14 24 8 -31 60 -10 -72 108 -17 -68 24 -3 -55 180 -11 -60 192 -6 -83 156 14 9 168 -9 -87 276 -13 -46 168 14 -61 312 8 -4 48 -6 -68 168 4 -25 192 31 -30 144 -10 3 168 21 2 180 5 -88 24 30 -29 144 -12 -90 192 -21 -89 288 -10 -37 288 12 -67 228 2 -84 156 -22 -17 192 15 -18 168 15 -44 60 17 -23 60 8 -73 156 11 46 348 -16 -52 312 -15 -86 276 -22 -7 192 -26 -57 192 6 -96 48 -9 82 60 -32 17 312 -15 33 156 21 -38 144 11 -42 192 -14 -2 108 3 21 348 1 -27 276 -8 -14 60 6 -87 156 14 -4 168 -13 2 156 19 -66 168 -8 -88 108 7 -78 192 -20 18 288 -17 -24 168 -14 11 192 17 -60 48 -18 -87 24 12 -75 156 -11 -37 276 -10 -72 60 -28 -62 312 -7 -7 276 28 -68 60 -10 -34 168 24 -45 108 -21 12 192 -4 -32 168 -7 -91 144 -12 -33 144 0 -92 312 26 -32 180 2 -57 156 26 -2 60 14 20 144 -6 -23 60 17 -68 48 -24 9 228 -19 -52 276 28 -72 48 -8 18 108 -30 -54 228 -15 -85 168 -17 5 168 -19 -32 168 -20 17 192 -24 -59 288 5 -15 48 -6 -32 192 13 -30 168 1 -12 144 -3 -41 276 29 46 60 25 -10 192 22 -46 276 -22 -2 24 18 -2 156 -16 -47 192 -9 -90 168 2 -91 48 -3 -42 168 11 35 60 -10 16 312 18 24 348 22 -92 144 -9 11 108 0 34 156 23 -11 228 -12 37 192 11 -36 276 3 73 228 9 0 192 -3 81 192 3 -63 168 -15 -13 192 26 -59 60 6 67 228 14 -71 60 17 -57 12 -11 16 60 -14 -13 180 19 -33 24 -5 13 156 1 -1 192 -5 -6 48 -20 17 180 8 -1 168 -17 -51 192 15 -41 192 -21 -3 156 -12 -27 144 18 -42 348 -6 -38 60 -3 -40 276 7 39 276 9 -66 156 -7 -14 60 8 9 144 17 -59 60 -21 -36 156 4 -72 156 -1 81 168 0 17 12 7 25 156 -5 27 168 6 -78 60 16 12 60 9 82 192 0 -42 168 -3 -3 288 7 38 60 16 17 108 10 -20 348 -6 -79 276 1 -72 168 -3 -87 288 15 -31 192 7 25 276 -11 31 60 -1 -87 108 -7 -70 192 32 -42 48 2 -4 108 -24 -40 312 0 34 60 -9 -43 192 -22 15 168 13 -6 60 -5 19 60 17 13 48 -10 -19 144 16 -52 156 11 -14 228 -9 84 168 -10 -77 276 16 -40 24 17 -30 156 15 -57 60 21 -67 24 -11 -28 48 29 -16 108 -20 12 48 26 30 168 14 1 60 -1 7 288 0 -37 180 -15 -19 312 -12 21 60 19 -9 60 5 -74 192 -16 -91 12 -8 19 48 -26 -54 168 19 4 192 21 14 108 10 48 156 -11 -9 60 10 -25 48 27 -59 192 -4 -7 156 -4 -44 60 27 -20 144 1 12 60 -20 -39 144 -7 -86 48 20 -39 276 18 34 276 0 -70 60 -16 19 180 4 45 156 -3 8 108 -21 17 348 5 43 192 -15 -46 312 -9 -23 108 -3 18 288 -24 -76 348 -17 2 156 12 3 60 20 -5 24 3 -85 168 11 25 60 14 -14 192 14 35 168 21 6 60 -6 -8 276 15 -92 192 -22 -13 192 19 34 168 11 15 60 21 -37 312 -13 -75 60 1 77 312 15 -16 60 11 -29 228 2 -18 60 -9 -71 168 6 -21 156 -18 -57 60 17 -80 192 26 -86 108 13 26 276 -10 18 60 2 -25 348 1 -64 60 8 -6 180 -7 -57 12 -19 39 192 17 1 60 21 -21 24 -5 -12 144 -27 -85 24 -5 -32 192 16 -38 192 24 -26 60 14 42 156 20 -18 276 11 -81 312 18 48 156 9 -24 192 4 75 312 -9 -6 168 -8 -28 312 -30 -60 288 19 -67 60 -17 -56 156 -3 -37 180 9 -15 180 24 -46 168 13 10 48 -6 -74 180 3 -50 168 13 -39 144 13 -38 180 -6 -12 180 -13 -77 60 8 -70 48 15 -30 60 -1 14 156 1 -48 108 -2 -61 108 21 -5 24 -21 7 168 22 -64 228 -11 -72 48 -17 -73 288 25 -58 60 25 34 276 -17 1 60 -21 -76 60 -23 -44 156 19 -26 24 8 -33 60 23 -80 168 16 -16 48 -7 -21 276 -23 -13 168 21 9 168 21 -43 192 26 -8 60 -16 13 48 11 -36 168 0 17 24 -3 78 180 8 21 192 15 -88 192 25 17 144 -12 -83 156 3 -67 48 11 -28 60 17 -77 168 -8 -77 168 -15 73 228 25 -61 192 21 24 24 4 -58 192 -16 45 192 -4 31 156 23 -13 48 -8 -67 48 20 3 12 18 -76 168 -10 3 312 -8 -72 168 21 -74 192 5 -57 144 -13 -73 24 29 -69 60 -13 -85 60 25 -82 108 13 -81 348 -12 48 168 6 71 60 24 -27 12 -12 -31 108 -18 -27 276 -20 29 276 -5 45 156 -8 2 192 3 can 0.839548 211 11 22 192 18 42 144 22 -4 96 -19 -13 120 6 46 168 11 26 192 24 39 60 -18 -40 120 22 -25 312 21 -38 0 -5 43 168 22 29 144 26 33 156 -25 38 72 6 -37 72 24 10 156 -11 -15 72 -9 8 96 -16 -35 168 25 -41 156 -27 50 120 -1 3 36 22 37 276 -27 0 288 19 -34 192 -1 37 96 -20 -47 276 17 -17 96 23 -13 156 26 -16 168 17 -8 156 -16 -31 36 29 23 168 -22 -33 216 19 5 192 -8 -19 36 5 -9 72 -18 37 288 19 4 192 -1 -48 96 -9 9 132 -15 -3 276 -24 31 72 1 -4 312 -6 -46 96 18 42 36 8 -31 36 -7 7 120 -11 29 168 -27 -6 276 -22 -31 168 23 -45 96 21 35 192 17 26 144 25 37 288 17 29 132 1 9 168 25 -43 132 13 43 156 18 0 288 -20 -28 60 25 23 96 17 -1 168 -3 5 156 20 -45 216 -12 29 168 -21 -12 132 6 30 288 13 -36 156 -24 25 252 -22 39 156 4 6 0 -13 45 72 -17 -11 228 17 44 36 -9 -22 0 9 20 312 -28 -7 72 5 30 168 14 42 0 17 -24 288 -13 31 132 3 30 168 -8 24 288 1 43 36 8 -41 96 15 18 0 -3 35 312 -7 -15 0 -15 28 0 13 3 120 -15 22 156 -12 14 168 13 14 156 22 -12 132 -12 -13 288 -17 11 192 -5 22 168 20 -26 72 15 -21 96 23 -5 288 -14 15 156 2 -36 96 -22 2 216 -6 7 144 -4 31 156 -26 -7 132 -24 -15 288 -12 -24 0 -27 -10 156 16 -1 120 5 -15 312 14 20 276 3 -34 72 16 -35 0 5 -7 156 -20 31 0 7 16 144 3 30 144 -10 -33 252 19 0 312 3 -3 192 -11 -15 132 -2 19 96 -14 32 156 -3 -11 192 -21 -53 156 13 -15 96 -21 -47 0 1 35 0 8 30 132 -25 -38 192 11 23 36 25 14 288 -19 22 132 9 -40 0 -16 -19 0 -25 -15 288 -12 14 96 -27 0 324 12 22 156 -20 14 168 -14 24 312 11 -23 60 11 -17 0 2 6 60 -1 19 144 26 17 96 7 28 120 2 -43 324 5 -29 192 11 -10 156 -14 -4 0 -24 -33 96 18 27 228 6 30 72 6 45 0 7 -4 276 22 8 96 -17 -15 192 13 18 72 11 18 144 21 6 252 13 -44 288 24 -11 0 -7 29 156 15 23 0 -27 32 96 6 -7 0 17 39 0 -13 -13 36 3 25 288 3 10 60 3 -53 96 14 -21 276 -24 -9 216 2 -48 276 7 24 0 -23 -14 228 5 -44 216 24 10 216 22 29 324 0 12 312 -18 44 228 2 -42 312 -24 18 288 11 37 228 2 12 276 -1 31 228 -26 -46 144 15 -47 312 11 -52 72 -16 12 312 16 -25 168 15 44 72 18 35 72 4 47 72 -1 22 288 3 -40 168 12 42 120 6 -7 96 22 -41 252 19 -12 168 -7 -41 168 -14 -5 312 -19 -28 72 0 -29 36 13 -48 156 -8 -40 120 0 9 132 22 -16 276 4 pakuncho 0.0195721 1 -12 39 60 5 painomi 0.729226 120 -59 -59 324 22 6 36 0 18 0 27 35 96 52 -31 216 -16 -8 324 12 -45 36 32 1 24 44 38 48 -64 -12 204 4 -11 324 -6 -40 216 -66 13 204 -19 16 216 15 17 348 25 -18 96 15 -4 24 33 -2 24 72 -33 36 15 11 300 1 -17 288 0 34 144 -11 -29 0 26 -55 144 -13 -60 168 -60 -37 348 -2 -7 204 5 -59 216 62 -6 180 49 17 168 -16 -27 216 13 -28 324 67 -18 180 -6 -67 168 -16 -23 204 16 -8 0 -22 -63 252 -62 -38 0 -49 -60 216 46 27 180 -57 -21 348 1 -4 312 -21 0 0 -17 -37 180 -19 6 240 -61 -17 180 -55 -38 0 7 -40 348 -36 -24 348 -5 -25 36 2 -43 180 -61 -43 204 -32 -18 216 -35 -44 216 -41 -13 216 -5 17 312 -13 -47 348 28 -8 180 19 -53 24 46 -42 0 14 13 0 -27 2 348 -40 -18 216 19 -59 0 -16 -6 240 23 -22 168 -8 -54 180 32 20 144 -48 -63 348 23 6 168 8 -14 180 23 -26 180 45 -56 24 -5 -64 324 19 -55 144 -7 1 0 58 -55 204 -25 -43 180 -59 17 180 43 -65 240 31 6 168 25 -11 204 17 -15 312 -61 -52 24 19 -33 144 55 21 180 7 -56 180 40 14 144 -18 24 168 -16 -64 24 -52 -57 348 -1 -66 168 -21 -56 24 9 0 300 52 10 204 -6 -48 228 -15 -45 204 15 -68 0 -43 -31 348 -37 -42 180 -18 4 348 39 15 168 -19 -50 348 -26 -47 0 15 -67 0 -18 -46 168 -44 -8 240 18 29 36 -1 24 300 15 13 348 40 7 168 -1 -32 312 -8 -46 216 34 18 24 -24 -53 216 49 -9 168 -17 -35 24 -16 4 204 -25 -53 180 19 -44 144 
31 6 4 0 pack 0.80551 68 -11 -54 36 35 -38 336 -19 -21 0 -17 -37 12 39 -57 324 -41 -93 120 -31 -67 276 35 -38 324 -27 -66 204 16 63 204 20 55 156 12 -24 324 -2 62 156 -40 -67 300 17 18 36 -32 -1 120 -20 -94 276 5 -15 156 -7 -4 192 20 16 276 17 -41 84 34 14 72 -15 6 192 -53 57 120 -7 -55 84 -9 39 348 17 17 12 1 32 0 -32 -33 12 -15 4 192 20 65 156 12 -17 72 -26 -50 72 -37 7 204 -24 -94 276 -17 -34 60 -11 41 156 15 -42 276 -35 83 180 -14 4 12 -15 -42 12 -32 -10 192 -28 25 204 20 -30 120 22 18 192 14 1 0 30 -45 72 6 -5 276 23 -18 348 -17 -94 204 -22 -56 348 12 80 180 -25 -84 276 22 56 300 -25 -31 276 -26 -14 60 -34 -19 36 -24 -73 12 15 -16 36 2 16 276 15 18 276 -50 -93 36 25 3 300 -13 71 12 11 65 276 -45 -24 12 -25 26 276 -33 42 276 2 bottle 0.919796 248 23 -72 12 -27 18 228 -25 1 312 22 -80 60 -10 -49 144 23 -3 60 5 -29 276 16 -3 180 14 -13 168 26 47 156 -6 24 276 19 -71 192 28 -67 60 -8 -56 168 3 76 180 -20 -33 12 -3 34 156 -10 -42 144 -2 -15 348 -11 -29 144 -6 -56 144 5 40 60 -16 -8 144 2 -40 288 -14 -69 312 -11 -10 192 -14 8 156 16 -51 60 21 -42 192 -12 -5 144 -4 -54 144 -9 -24 168 -24 34 168 4 -25 156 -6 72 192 6 9 348 -3 18 348 -24 57 192 -28 15 288 0 -22 156 -1 -32 60 -17 -25 60 13 -82 180 13 -31 12 -21 -48 180 3 -55 144 2 -23 288 -14 39 60 3 69 288 -19 -27 192 -20 -56 192 21 -70 168 -22 1 180 6 72 108 3 -37 60 -19 9 168 17 -83 168 -19 -83 180 -29 -53 192 -1 -30 60 25 -12 48 6 -20 276 -10 70 228 -20 -22 192 -6 -15 60 -12 -21 228 22 37 60 16 -76 60 6 43 348 18 -63 312 2 67 312 -8 -4 168 -6 67 12 1 -59 276 2 78 168 -11 6 60 -15 -56 108 -4 45 168 -7 -17 312 15 -1 108 -20 11 168 18 41 348 17 51 156 10 1 312 2 -30 168 6 -39 276 -2 -29 168 2 -55 192 15 -93 108 2 -66 312 16 -66 168 -15 -52 228 9 -47 168 4 22 60 -13 -37 288 -9 60 156 0 -30 168 -4 1 180 -18 -85 60 14 -26 192 6 8 156 13 -47 276 -3 -101 180 -3 -68 60 1 -92 60 13 27 348 -29 -74 12 -15 -93 228 -6 -20 168 -9 48 192 23 -79 348 -13 -23 12 25 47 348 25 -73 180 -24 -71 312 -11 -69 180 26 26 60 -4 25 108 -13 -8 144 3 -51 60 16 -39 288 25 18 144 6 -56 168 4 -45 60 3 43 60 1 -31 312 9 44 168 9 -31 276 14 9 348 -20 43 276 -18 -52 168 13 6 156 13 45 348 -18 -8 168 -14 -38 12 13 -74 168 -26 -84 312 -1 -94 288 -20 -27 348 7 -26 108 15 -95 144 5 -69 48 5 13 168 -18 25 288 -9 -11 144 -5 -95 48 -6 -31 144 13 -44 60 4 46 276 -25 21 228 -24 8 12 6 -66 288 -16 23 192 8 -65 60 -18 23 192 -18 23 168 25 -40 168 19 -77 276 13 41 348 15 -94 180 9 24 108 18 -95 60 -10 -93 144 -4 8 312 -24 -94 12 14 -20 180 -15 -72 192 21 19 144 -1 -5 180 -5 -58 192 24 18 348 15 0 192 -25 26 228 -1 -24 312 -9 6 348 -8 -93 24 24 -95 168 25 -94 108 -7 44 348 -11 21 60 20 -65 348 20 -5 60 -20 -68 60 -16 -94 312 -21 -62 108 -11 -50 348 11 -65 60 -25 -70 24 -23 -56 276 -8 -95 312 -16 -17 228 22 -59 168 -26 3 192 -28 19 12 -22 -94 168 10 -72 168 -16 -94 60 -2 -33 12 24 -44 60 12 17 276 -10 -50 348 -18 -18 228 -8 -46 348 18 -19 312 -20 24 228 5 -38 108 -20 -50 12 -19 -45 168 -18 21 312 4 -13 156 19 -1 192 -3 -95 192 -17 -32 60 14 -68 168 1 -26 312 1 45 348 -13 -94 24 10 24 228 -1 -31 144 -17 -19 228 -1 -8 180 11 20 48 -19 0 24 -20 -67 108 -2 22 108 24 -33 60 -5 24 144 -6 -69 192 0 6 312 3 23 108 11 21 60 -12 -28 228 9 -8 144 -17 24 228 2 45 60 21 19 60 19 18 24 -23 -69 168 -3 -52 192 17 21 48 14 21 228 -8 -28 12 18 21 60 -14 -15 192 7 -72 108 23 -55 180 -26 -65 228 -29 -53 312 3 can 0.729866 47 26 34 156 -16 -34 132 -4 -2 168 -25 -19 288 -25 -42 216 12 -13 288 22 -29 216 7 -45 168 -21 24 156 -5 -15 168 -12 39 96 -22 32 132 -24 -11 324 -19 1 96 13 34 72 23 -11 168 22 30 168 -6 -2 96 -9 -13 156 -23 41 72 23 -5 156 -23 -49 276 -11 41 132 1 44 0 -2 15 0 14 -39 132 -23 -7 96 2 42 0 -15 -5 72 -25 -24 96 -9 -7 168 -8 -4 96 6 -50 192 3 45 168 1 -10 312 21 -38 288 2 38 156 -17 45 168 -12 -49 192 -3 19 120 17 19 168 22 -36 288 -20 23 144 11 35 168 -20 -47 0 -21 15 288 -26 24 156 5 painomi 0.729866 47 -50 -9 204 -29 15 204 -2 -17 168 -23 -62 216 -1 28 180 -20 -32 216 -47 -56 348 48 -14 168 29 -20 180 -28 5 228 -22 -3 228 -51 23 204 42 -16 168 0 -38 324 24 -66 168 11 -44 312 9 -45 324 62 -25 36 0 -44 324 -9 1 0 -10 9 216 25 -18 168 24 -41 0 13 15 144 11 -47 0 -63 -45 0 -5 -52 168 -25 0 348 -19 -37 204 1 12 0 5 -47 324 -21 -4 348 -10 4 0 2 -52 24 -20 1 348 25 15 144 -12 -12 204 0 4 48 -5 17 228 -12 10 168 -30 19 204 -23 -29 0 55 9 204 -45 27 168 38 0 24 17 -9 24 -47 23 300 
32 6 3 0 pack 0.931889 7 -21 72 300 -20 -5 120 -13 -57 336 -8 7 84 -21 -4 120 -23 -69 156 -10 -33 84 2 bottle 0.835821 7 9 24 180 -10 25 180 0 -24 168 2 22 228 20 -94 12 -1 32 228 34 17 108 5 painomi 0.811321 3 -53 8 312 22 -22 48 7 -52 216 
33 6 5 0 pack 0.573333 2 -4 -23 12 18 12 180 1 koaramarch 0.394495 1 21 -9 120 2 bottle 0.711111 8 30 -74 144 6 22 192 5 -64 168 20 80 144 2 8 168 2 -9 192 -6 12 192 -4 21 228 3 can 0.899582 10 6 -48 252 21 31 276 -23 26 324 -6 -36 168 -19 -7 96 20 -39 156 -13 47 276 27 22 276 26 -27 276 -20 38 276 5 painomi 0.675393 3 1 24 228 40 -36 36 61 -29 228 
34 6 4 0 pack 0.955556 19 7 -107 12 39 -32 36 39 -5 0 41 -56 324 -4 -86 300 -10 60 204 -16 62 36 -7 -85 204 6 76 156 -15 -53 180 -22 38 120 -14 -80 12 -5 -18 300 -18 -106 120 -19 -103 36 -3 -44 12 8 -39 36 -10 -36 60 7 -36 36 2 bottle 0.6 6 -3 71 228 1 -79 168 23 2 12 20 -13 180 23 -65 228 20 27 228 3 can 0.544304 2 0 -29 276 -11 -44 120 5 painomi 0.884774 10 10 -58 216 10 20 144 3 -17 216 -13 3 240 24 3 48 26 -30 48 34 25 48 26 -13 48 -20 39 300 29 -57 36 
35 6 2 0 pack 0.977273 14 1 -30 204 7 13 300 11 -86 12 1 -72 120 4 -88 36 17 4 300 2 -46 204 -1 24 36 -9 -44 72 -13 -34 348 0 27 36 -32 -11 156 -29 -16 156 8 -29 12 5 painomi 0.895833 6 -55 -14 324 12 -10 228 36 -10 48 51 7 228 -13 -14 312 -47 -11 144 
36 6 4 0 pack 0.75 18 6 35 192 11 15 324 -26 -44 156 -2 -4 204 -8 -42 336 -28 -48 156 -16 25 120 3 -51 120 -1 -15 300 5 -15 324 4 -16 324 -1 -12 336 -9 -1 72 -7 -52 336 -10 -44 36 -9 18 36 2 -55 36 -8 -44 36 3 can 0.965377 83 -20 -49 288 -16 39 156 24 4 168 16 -4 156 18 -36 216 -15 42 156 19 -48 276 16 -39 72 -17 -46 216 18 -1 156 18 23 96 17 -26 252 18 5 252 -18 -1 72 -10 46 156 18 -17 288 19 -2 252 14 10 156 16 -46 324 16 -38 288 12 -33 156 13 4 216 -14 -48 288 15 -31 156 -14 20 216 -15 34 324 -17 6 288 -14 -29 216 -13 -1 276 -17 27 276 -14 -21 156 16 38 72 15 -28 96 12 45 96 13 0 288 -10 37 324 10 -25 216 13 -35 216 8 44 252 -13 20 216 -11 -29 96 -12 40 324 13 17 72 -9 -30 252 -16 23 324 16 -13 252 13 -37 288 -2 36 156 5 -31 156 -7 16 72 11 21 252 4 35 96 6 -17 216 8 -42 72 -4 25 96 6 -24 96 -7 8 276 -11 22 288 9 4 96 -8 26 96 9 -48 276 10 6 276 7 -27 324 8 -49 276 7 39 288 -3 1 96 6 -20 72 -2 -16 252 -4 -6 276 1 -10 276 3 -26 288 -2 -18 72 1 12 72 2 -17 276 -5 -5 72 -5 2 252 3 -1 288 -7 29 288 4 27 72 -3 -24 216 -6 -2 252 9 7 252 -5 36 288 4 pakuncho 0.128358 1 -8 49 180 5 painomi 0.834952 28 0 -50 312 13 19 216 -24 -36 168 45 -24 36 4 -4 144 39 -45 36 -36 -50 168 38 24 48 -32 -24 168 -48 8 312 35 18 48 11 -8 216 -27 -30 324 -45 -37 312 -56 -57 144 -38 -53 168 -28 -17 324 18 -9 216 38 9 48 -42 -51 312 -27 20 324 -39 -26 168 52 -21 228 59 -12 36 -41 -43 168 20 -31 216 -30 7 324 23 -43 228 
37 6 3 2 bottle 0.521739 3 1 78 276 7 -96 24 2 67 288 3 can 0.803738 4 -4 -2 276 6 -38 156 -23 52 120 24 -52 72 5 painomi 0.958834 13 -51 -53 144 -50 -17 168 -55 -46 168 -41 -7 312 -41 6 312 -15 28 312 29 -52 228 -11 -17 144 31 -3 216 -49 33 144 47 21 228 -38 32 228 4 27 24 
38 6 1 5 painomi 1 8 -4 37 288 -44 -23 144 -25 -13 300 -29 -5 300 -12 -9 288 -36 32 144 -37 -37 144 32 -4 240 
39 6 2 0 pack 0.589041 3 18 -24 204 18 29 120 14 28 0 5 painomi 0.986361 37 20 -13 96 16 -59 252 17 -7 96 -10 -14 300 -11 14 96 33 -39 216 -9 -35 300 13 0 252 -29 -7 108 -4 -54 108 -30 -41 300 -17 19 300 -18 21 300 5 -63 240 18 -19 252 -20 -44 144 -23 17 300 9 -57 240 -2 5 96 -13 21 288 -24 -20 108 -14 29 144 -14 31 288 -15 6 108 54 -44 48 -3 26 96 -16 25 144 -34 19 144 -33 -54 144 38 -52 228 -35 -16 144 28 -49 252 -35 -7 300 -31 -47 144 5 -18 96 37 -59 240 -9 -18 108 
40 6 1 5 painomi 0.995789 22 -32 -38 300 -14 -54 300 -15 -34 108 49 26 48 16 19 108 -40 2 324 -32 13 312 -16 14 300 7 -18 96 38 -44 48 39 7 228 -9 -14 96 -20 -10 300 23 -56 252 -19 -51 300 -18 28 288 -33 30 300 -8 -56 96 6 -31 252 -29 20 288 -17 -28 312 -15 -23 312 
41 6 3 0 pack 0.68254 1 -2 -42 276 2 bottle 0.75 3 11 67 108 -10 59 192 -23 -6 144 3 can 0.68254 1 -27 31 72 
42 6 2 1 koaramarch 0.922747 5 22 24 324 20 31 120 21 34 228 20 -6 348 20 -8 48 4 pakuncho 0.955556 7 14 -15 252 34 5 60 11 -31 264 28 -31 60 35 -43 48 37 -2 36 36 32 36 
43 6 5 0 pack 0.792627 8 36 22 276 36 -16 276 22 75 300 6 98 12 16 -35 12 24 -21 204 30 -48 156 31 34 192 1 koaramarch 0.292517 1 23 39 324 2 bottle 0.929577 33 30 -44 180 24 -25 192 23 -46 312 -10 34 168 12 90 180 29 -76 192 27 0 312 -8 32 108 -2 -100 228 32 -62 144 34 10 180 26 23 228 26 14 276 27 -66 168 32 -25 180 26 -40 60 -19 -97 312 26 -40 228 26 -3 276 17 82 348 23 -28 276 26 -74 12 32 -68 60 26 -30 12 31 -73 60 32 -72 60 28 51 168 29 -6 60 31 -79 60 26 -10 348 24 -27 348 31 -58 168 25 42 192 4 pakuncho 0.292517 1 33 46 36 5 painomi 0.814737 9 53 -26 324 54 -32 324 48 -18 240 70 27 180 47 20 240 58 0 324 68 -18 36 -57 24 24 -22 36 108 
44 6 1 3 can 0.955556 3 -3 -32 252 17 40 60 -10 51 120 
45 6 5 0 pack 0.81749 5 -4 -49 84 47 -10 36 50 -2 60 9 -46 192 56 4 60 2 bottle 0.830189 11 -8 -105 180 12 67 24 32 13 60 18 76 168 28 -5 24 3 -21 12 27 -28 12 32 12 180 7 -23 12 26 -8 24 28 1 228 3 can 0.434343 1 -6 -49 288 4 pakuncho 0.614286 2 -11 -54 96 28 -4 324 5 painomi 0.434343 1 45 -56 144 
46 6 1 0 pack 0.589041 1 -9 -86 180 
47 6 6 0 pack 0.198157 1 -4 77 180 1 koaramarch 0.198157 1 0 -55 120 2 bottle 0.0842105 1 -2 83 12 3 can 0.198157 1 -29 -40 252 4 pakuncho 0.333333 2 5 54 240 -5 55 240 5 painomi 0.198157 1 73 26 36 
48 6 2 0 pack 0.544304 1 -17 -57 180 4 pakuncho 0.544304 1 -4 -58 96 
49 6 1 5 painomi 0.811321 1 7 6 288 
50 6 6 0 pack 0.777108 6 -5 27 36 9 51 192 49 7 348 21 79 204 28 68 156 45 -39 72 1 koaramarch 0.617225 3 23 41 276 17 -37 312 29 -22 288 2 bottle 0.646465 8 23 -43 192 -14 -104 180 25 -81 12 -18 -99 108 14 75 348 29 -48 60 18 -25 288 5 -3 24 3 can 0.892734 12 30 13 96 28 -13 96 -6 -33 156 30 -41 156 27 -11 72 29 -3 288 30 -33 72 -6 -52 252 26 39 96 25 -5 276 21 -48 192 19 49 156 4 pakuncho 0.892734 12 16 -10 96 17 50 240 8 50 48 12 -49 252 -2 51 252 26 50 168 20 -24 264 15 -24 252 27 30 0 20 27 264 13 7 252 19 21 264 5 painomi 0.338583 1 63 -33 348 
51 6 4 0 pack 0.259036 2 4 20 0 -24 18 60 2 bottle 0.382979 9 8 31 312 23 32 168 -9 -19 168 5 32 228 13 7 12 1 5 60 34 -24 168 -18 9 12 -15 5 48 3 can 0.147766 1 26 41 168 5 painomi 0.259036 2 -9 29 0 3 30 216 
52 6 6 0 pack 0.100116 4 10 77 12 10 23 84 -5 -48 0 19 72 12 1 koaramarch 0.0269592 1 20 -33 348 2 bottle 0.0586081 6 -3 -105 192 -15 59 156 3 33 228 18 60 168 34 -77 144 11 0 12 3 can 0.0525672 2 -11 46 120 31 -33 72 4 pakuncho 0.100116 4 27 47 60 21 42 264 -2 -54 264 -2 -54 252 5 painomi 0.0769231 3 18 -62 96 -15 31 240 48 5 312 
