10 13 0
0 0 -1 5 5 10 10 26 19 1 3 32 -382 
1 1 0 0 0 0 0 0 0 0 0 0 0 
2 1 -1 8 4 9 7 28 26 1 2 32 -310 
3 2 0 0 0 0 0 0 0 0 0 0 0 
4 2 0 0 0 0 0 0 0 0 0 0 0 
5 2 1 0 0 0 0 0 0 0 0 0 0 
6 2 -1 13 2 9 1 22 27 7 1 32 580 
7 3 0 0 0 0 0 0 0 0 0 0 0 
8 3 0 0 0 0 0 0 0 0 0 0 0 
9 3 0 0 0 0 0 0 0 0 0 0 0 
10 3 0 0 0 0 0 0 0 0 0 0 0 
11 3 0 0 0 0 0 0 0 0 0 0 0 
12 3 0 0 0 0 0 0 0 0 0 0 0 
13 3 -1 18 3 0 0 0 20 0 0 0 144 
14 3 12 0 0 0 0 0 0 0 0 0 0 
15 4 0 0 0 0 0 0 0 0 0 0 0 
16 4 0 0 0 0 0 0 0 0 0 0 0 
17 4 0 0 0 0 0 0 0 0 0 0 0 
18 4 0 0 0 0 0 0 0 0 0 0 0 
19 4 0 0 0 0 0 0 0 0 0 0 0 
20 4 0 0 0 0 0 0 0 0 0 0 0 
21 4 0 0 0 0 0 0 0 0 0 0 0 
22 4 0 0 0 0 0 0 0 0 0 0 0 
23 4 0 0 0 0 0 0 0 0 0 0 0 
24 4 0 0 0 0 0 0 0 0 0 0 0 
25 4 0 0 0 0 0 0 0 0 0 0 0 
26 4 0 0 0 0 0 0 0 0 0 0 0 
27 4 -1 1 9 0 0 28 23 0 0 2 47 
28 4 11 0 0 0 0 0 0 0 0 0 0 
29 4 0 0 0 0 0 0 0 0 0 0 0 
30 4 0 0 0 0 0 0 0 0 0 0 0 
31 5 0 0 0 0 0 0 0 0 0 0 0 
32 5 0 0 0 0 0 0 0 0 0 0 0 
33 5 0 0 0 0 0 0 0 0 0 0 0 
34 5 0 0 0 0 0 0 0 0 0 0 0 
35 5 0 0 0 0 0 0 0 0 0 0 0 
36 5 0 0 0 0 0 0 0 0 0 0 0 
37 5 0 0 0 0 0 0 0 0 0 0 0 
38 5 0 0 0 0 0 0 0 0 0 0 0 
39 5 0 0 0 0 0 0 0 0 0 0 0 
40 5 0 0 0 0 0 0 0 0 0 0 0 
41 5 0 0 0 0 0 0 0 0 0 0 0 
42 5 0 0 0 0 0 0 0 0 0 0 0 
43 5 0 0 0 0 0 0 0 0 0 0 0 
44 5 0 0 0 0 0 0 0 0 0 0 0 
45 5 0 0 0 0 0 0 0 0 0 0 0 
46 5 0 0 0 0 0 0 0 0 0 0 0 
47 5 0 0 0 0 0 0 0 0 0 0 0 
48 5 0 0 0 0 0 0 0 0 0 0 0 
49 5 0 0 0 0 0 0 0 0 0 0 0 
50 5 0 0 0 0 0 0 0 0 0 0 0 
51 5 0 0 0 0 0 0 0 0 0 0 0 
52 5 0 0 0 0 0 0 0 0 0 0 0 
53 5 0 0 0 0 0 0 0 0 0 0 0 
54 5 0 0 0 0 0 0 0 0 0 0 0 
55 5 -1 0 10 13 7 21 28 3 1 32 -122 
56 5 -1 9 17 0 0 25 5 0 0 16 -92 
57 5 0 0 0 0 0 0 0 0 0 0 0 
58 5 0 0 0 0 0 0 0 0 0 0 0 
59 5 0 0 0 0 0 0 0 0 0 0 0 
60 5 0 0 0 0 0 0 0 0 0 0 0 
61 5 0 0 0 0 0 0 0 0 0 0 0 
62 5 0 0 0 0 0 0 0 0 0 0 0 
63 6 0 0 0 0 0 0 0 0 0 0 0 
64 6 0 0 0 0 0 0 0 0 0 0 0 
65 6 0 0 0 0 0 0 0 0 0 0 0 
66 6 0 0 0 0 0 0 0 0 0 0 0 
67 6 0 0 0 0 0 0 0 0 0 0 0 
68 6 0 0 0 0 0 0 0 0 0 0 0 
69 6 0 0 0 0 0 0 0 0 0 0 0 
70 6 0 0 0 0 0 0 0 0 0 0 0 
71 6 0 0 0 0 0 0 0 0 0 0 0 
72 6 0 0 0 0 0 0 0 0 0 0 0 
73 6 0 0 0 0 0 0 0 0 0 0 0 
74 6 0 0 0 0 0 0 0 0 0 0 0 
75 6 0 0 0 0 0 0 0 0 0 0 0 
76 6 0 0 0 0 0 0 0 0 0 0 0 
77 6 0 0 0 0 0 0 0 0 0 0 0 
78 6 0 0 0 0 0 0 0 0 0 0 0 
79 6 0 0 0 0 0 0 0 0 0 0 0 
80 6 0 0 0 0 0 0 0 0 0 0 0 
81 6 0 0 0 0 0 0 0 0 0 0 0 
82 6 0 0 0 0 0 0 0 0 0 0 0 
83 6 0 0 0 0 0 0 0 0 0 0 0 
84 6 0 0 0 0 0 0 0 0 0 0 0 
85 6 0 0 0 0 0 0 0 0 0 0 0 
86 6 0 0 0 0 0 0 0 0 0 0 0 
87 6 0 0 0 0 0 0 0 0 0 0 0 
88 6 0 0 0 0 0 0 0 0 0 0 0 
89 6 0 0 0 0 0 0 0 0 0 0 0 
90 6 0 0 0 0 0 0 0 0 0 0 0 
91 6 0 0 0 0 0 0 0 0 0 0 0 
92 6 0 0 0 0 0 0 0 0 0 0 0 
93 6 0 0 0 0 0 0 0 0 0 0 0 
94 6 0 0 0 0 0 0 0 0 0 0 0 
95 6 0 0 0 0 0 0 0 0 0 0 0 
96 6 0 0 0 0 0 0 0 0 0 0 0 
97 6 0 0 0 0 0 0 0 0 0 0 0 
98 6 0 0 0 0 0 0 0 0 0 0 0 
99 6 0 0 0 0 0 0 0 0 0 0 0 
100 6 0 0 0 0 0 0 0 0 0 0 0 
101 6 0 0 0 0 0 0 0 0 0 0 0 
102 6 0 0 0 0 0 0 0 0 0 0 0 
103 6 0 0 0 0 0 0 0 0 0 0 0 
104 6 0 0 0 0 0 0 0 0 0 0 0 
105 6 0 0 0 0 0 0 0 0 0 0 0 
106 6 0 0 0 0 0 0 0 0 0 0 0 
107 6 0 0 0 0 0 0 0 0 0 0 0 
108 6 0 0 0 0 0 0 0 0 0 0 0 
109 6 0 0 0 0 0 0 0 0 0 0 0 
110 6 0 0 0 0 0 0 0 0 0 0 0 
111 6 2 0 0 0 0 0 0 0 0 0 0 
112 6 -1 12 21 0 0 27 20 0 0 2 -48 
113 6 9 0 0 0 0 0 0 0 0 0 0 
114 6 10 0 0 0 0 0 0 0 0 0 0 
115 6 0 0 0 0 0 0 0 0 0 0 0 
116 6 0 0 0 0 0 0 0 0 0 0 0 
117 6 0 0 0 0 0 0 0 0 0 0 0 
118 6 0 0 0 0 0 0 0 0 0 0 0 
119 6 0 0 0 0 0 0 0 0 0 0 0 
120 6 0 0 0 0 0 0 0 0 0 0 0 
121 6 0 0 0 0 0 0 0 0 0 0 0 
122 6 0 0 0 0 0 0 0 0 0 0 0 
123 6 0 0 0 0 0 0 0 0 0 0 0 
124 6 0 0 0 0 0 0 0 0 0 0 0 
125 6 0 0 0 0 0 0 0 0 0 0 0 
126 6 0 0 0 0 0 0 0 0 0 0 0 
127 7 0 0 0 0 0 0 0 0 0 0 0 
128 7 0 0 0 0 0 0 0 0 0 0 0 
129 7 0 0 0 0 0 0 0 0 0 0 0 
130 7 0 0 0 0 0 0 0 0 0 0 0 
131 7 0 0 0 0 0 0 0 0 0 0 0 
132 7 0 0 0 0 0 0 0 0 0 0 0 
133 7 0 0 0 0 0 0 0 0 0 0 0 
134 7 0 0 0 0 0 0 0 0 0 0 0 
135 7 0 0 0 0 0 0 0 0 0 0 0 
136 7 0 0 0 0 0 0 0 0 0 0 0 
137 7 0 0 0 0 0 0 0 0 0 0 0 
138 7 0 0 0 0 0 0 0 0 0 0 0 
139 7 0 0 0 0 0 0 0 0 0 0 0 
140 7 0 0 0 0 0 0 0 0 0 0 0 
141 7 0 0 0 0 0 0 0 0 0 0 0 
142 7 0 0 0 0 0 0 0 0 0 0 0 
143 7 0 0 0 0 0 0 0 0 0 0 0 
144 7 0 0 0 0 0 0 0 0 0 0 0 
145 7 0 0 0 0 0 0 0 0 0 0 0 
146 7 0 0 0 0 0 0 0 0 0 0 0 
147 7 0 0 0 0 0 0 0 0 0 0 0 
148 7 0 0 0 0 0 0 0 0 0 0 0 
149 7 0 0 0 0 0 0 0 0 0 0 0 
150 7 0 0 0 0 0 0 0 0 0 0 0 
151 7 0 0 0 0 0 0 0 0 0 0 0 
152 7 0 0 0 0 0 0 0 0 0 0 0 
153 7 0 0 0 0 0 0 0 0 0 0 0 
154 7 0 0 0 0 0 0 0 0 0 0 0 
155 7 0 0 0 0 0 0 0 0 0 0 0 
156 7 0 0 0 0 0 0 0 0 0 0 0 
157 7 0 0 0 0 0 0 0 0 0 0 0 
158 7 0 0 0 0 0 0 0 0 0 0 0 
159 7 0 0 0 0 0 0 0 0 0 0 0 
160 7 0 0 0 0 0 0 0 0 0 0 0 
161 7 0 0 0 0 0 0 0 0 0 0 0 
162 7 0 0 0 0 0 0 0 0 0 0 0 
163 7 0 0 0 0 0 0 0 0 0 0 0 
164 7 0 0 0 0 0 0 0 0 0 0 0 
165 7 0 0 0 0 0 0 0 0 0 0 0 
166 7 0 0 0 0 0 0 0 0 0 0 0 
167 7 0 0 0 0 0 0 0 0 0 0 0 
168 7 0 0 0 0 0 0 0 0 0 0 0 
169 7 0 0 0 0 0 0 0 0 0 0 0 
170 7 0 0 0 0 0 0 0 0 0 0 0 
171 7 0 0 0 0 0 0 0 0 0 0 0 
172 7 0 0 0 0 0 0 0 0 0 0 0 
173 7 0 0 0 0 0 0 0 0 0 0 0 
174 7 0 0 0 0 0 0 0 0 0 0 0 
175 7 0 0 0 0 0 0 0 0 0 0 0 
176 7 0 0 0 0 0 0 0 0 0 0 0 
177 7 0 0 0 0 0 0 0 0 0 0 0 
178 7 0 0 0 0 0 0 0 0 0 0 0 
179 7 0 0 0 0 0 0 0 0 0 0 0 
180 7 0 0 0 0 0 0 0 0 0 0 0 
181 7 0 0 0 0 0 0 0 0 0 0 0 
182 7 0 0 0 0 0 0 0 0 0 0 0 
183 7 0 0 0 0 0 0 0 0 0 0 0 
184 7 0 0 0 0 0 0 0 0 0 0 0 
185 7 0 0 0 0 0 0 0 0 0 0 0 
186 7 0 0 0 0 0 0 0 0 0 0 0 
187 7 0 0 0 0 0 0 0 0 0 0 0 
188 7 0 0 0 0 0 0 0 0 0 0 0 
189 7 0 0 0 0 0 0 0 0 0 0 0 
190 7 0 0 0 0 0 0 0 0 0 0 0 
191 7 0 0 0 0 0 0 0 0 0 0 0 
192 7 0 0 0 0 0 0 0 0 0 0 0 
193 7 0 0 0 0 0 0 0 0 0 0 0 
194 7 0 0 0 0 0 0 0 0 0 0 0 
195 7 0 0 0 0 0 0 0 0 0 0 0 
196 7 0 0 0 0 0 0 0 0 0 0 0 
197 7 0 0 0 0 0 0 0 0 0 0 0 
198 7 0 0 0 0 0 0 0 0 0 0 0 
199 7 0 0 0 0 0 0 0 0 0 0 0 
200 7 0 0 0 0 0 0 0 0 0 0 0 
201 7 0 0 0 0 0 0 0 0 0 0 0 
202 7 0 0 0 0 0 0 0 0 0 0 0 
203 7 0 0 0 0 0 0 0 0 0 0 0 
204 7 0 0 0 0 0 0 0 0 0 0 0 
205 7 0 0 0 0 0 0 0 0 0 0 0 
206 7 0 0 0 0 0 0 0 0 0 0 0 
207 7 0 0 0 0 0 0 0 0 0 0 0 
208 7 0 0 0 0 0 0 0 0 0 0 0 
209 7 0 0 0 0 0 0 0 0 0 0 0 
210 7 0 0 0 0 0 0 0 0 0 0 0 
211 7 0 0 0 0 0 0 0 0 0 0 0 
212 7 0 0 0 0 0 0 0 0 0 0 0 
213 7 0 0 0 0 0 0 0 0 0 0 0 
214 7 0 0 0 0 0 0 0 0 0 0 0 
215 7 0 0 0 0 0 0 0 0 0 0 0 
216 7 0 0 0 0 0 0 0 0 0 0 0 
217 7 0 0 0 0 0 0 0 0 0 0 0 
218 7 0 0 0 0 0 0 0 0 0 0 0 
219 7 0 0 0 0 0 0 0 0 0 0 0 
220 7 0 0 0 0 0 0 0 0 0 0 0 
221 7 0 0 0 0 0 0 0 0 0 0 0 
222 7 0 0 0 0 0 0 0 0 0 0 0 
223 7 0 0 0 0 0 0 0 0 0 0 0 
224 7 0 0 0 0 0 0 0 0 0 0 0 
225 7 3 0 0 0 0 0 0 0 0 0 0 
226 7 -1 5 18 0 0 15 18 0 0 2 -40 
227 7 0 0 0 0 0 0 0 0 0 0 0 
228 7 0 0 0 0 0 0 0 0 0 0 0 
229 7 0 0 0 0 0 0 0 0 0 0 0 
230 7 0 0 0 0 0 0 0 0 0 0 0 
231 7 0 0 0 0 0 0 0 0 0 0 0 
232 7 0 0 0 0 0 0 0 0 0 0 0 
233 7 0 0 0 0 0 0 0 0 0 0 0 
234 7 0 0 0 0 0 0 0 0 0 0 0 
235 7 0 0 0 0 0 0 0 0 0 0 0 
236 7 0 0 0 0 0 0 0 0 0 0 0 
237 7 0 0 0 0 0 0 0 0 0 0 0 
238 7 0 0 0 0 0 0 0 0 0 0 0 
239 7 0 0 0 0 0 0 0 0 0 0 0 
240 7 0 0 0 0 0 0 0 0 0 0 0 
241 7 0 0 0 0 0 0 0 0 0 0 0 
242 7 0 0 0 0 0 0 0 0 0 0 0 
243 7 0 0 0 0 0 0 0 0 0 0 0 
244 7 0 0 0 0 0 0 0 0 0 0 0 
245 7 0 0 0 0 0 0 0 0 0 0 0 
246 7 0 0 0 0 0 0 0 0 0 0 0 
247 7 0 0 0 0 0 0 0 0 0 0 0 
248 7 0 0 0 0 0 0 0 0 0 0 0 
249 7 0 0 0 0 0 0 0 0 0 0 0 
250 7 0 0 0 0 0 0 0 0 0 0 0 
251 7 0 0 0 0 0 0 0 0 0 0 0 
252 7 0 0 0 0 0 0 0 0 0 0 0 
253 7 0 0 0 0 0 0 0 0 0 0 0 
254 7 0 0 0 0 0 0 0 0 0 0 0 
255 8 0 0 0 0 0 0 0 0 0 0 0 
256 8 0 0 0 0 0 0 0 0 0 0 0 
257 8 0 0 0 0 0 0 0 0 0 0 0 
258 8 0 0 0 0 0 0 0 0 0 0 0 
259 8 0 0 0 0 0 0 0 0 0 0 0 
260 8 0 0 0 0 0 0 0 0 0 0 0 
261 8 0 0 0 0 0 0 0 0 0 0 0 
262 8 0 0 0 0 0 0 0 0 0 0 0 
263 8 0 0 0 0 0 0 0 0 0 0 0 
264 8 0 0 0 0 0 0 0 0 0 0 0 
265 8 0 0 0 0 0 0 0 0 0 0 0 
266 8 0 0 0 0 0 0 0 0 0 0 0 
267 8 0 0 0 0 0 0 0 0 0 0 0 
268 8 0 0 0 0 0 0 0 0 0 0 0 
269 8 0 0 0 0 0 0 0 0 0 0 0 
270 8 0 0 0 0 0 0 0 0 0 0 0 
271 8 0 0 0 0 0 0 0 0 0 0 0 
272 8 0 0 0 0 0 0 0 0 0 0 0 
273 8 0 0 0 0 0 0 0 0 0 0 0 
274 8 0 0 0 0 0 0 0 0 0 0 0 
275 8 0 0 0 0 0 0 0 0 0 0 0 
276 8 0 0 0 0 0 0 0 0 0 0 0 
277 8 0 0 0 0 0 0 0 0 0 0 0 
278 8 0 0 0 0 0 0 0 0 0 0 0 
279 8 0 0 0 0 0 0 0 0 0 0 0 
280 8 0 0 0 0 0 0 0 0 0 0 0 
281 8 0 0 0 0 0 0 0 0 0 0 0 
282 8 0 0 0 0 0 0 0 0 0 0 0 
283 8 0 0 0 0 0 0 0 0 0 0 0 
284 8 0 0 0 0 0 0 0 0 0 0 0 
285 8 0 0 0 0 0 0 0 0 0 0 0 
286 8 0 0 0 0 0 0 0 0 0 0 0 
287 8 0 0 0 0 0 0 0 0 0 0 0 
288 8 0 0 0 0 0 0 0 0 0 0 0 
289 8 0 0 0 0 0 0 0 0 0 0 0 
290 8 0 0 0 0 0 0 0 0 0 0 0 
291 8 0 0 0 0 0 0 0 0 0 0 0 
292 8 0 0 0 0 0 0 0 0 0 0 0 
293 8 0 0 0 0 0 0 0 0 0 0 0 
294 8 0 0 0 0 0 0 0 0 0 0 0 
295 8 0 0 0 0 0 0 0 0 0 0 0 
296 8 0 0 0 0 0 0 0 0 0 0 0 
297 8 0 0 0 0 0 0 0 0 0 0 0 
298 8 0 0 0 0 0 0 0 0 0 0 0 
299 8 0 0 0 0 0 0 0 0 0 0 0 
300 8 0 0 0 0 0 0 0 0 0 0 0 
301 8 0 0 0 0 0 0 0 0 0 0 0 
302 8 0 0 0 0 0 0 0 0 0 0 0 
303 8 0 0 0 0 0 0 0 0 0 0 0 
304 8 0 0 0 0 0 0 0 0 0 0 0 
305 8 0 0 0 0 0 0 0 0 0 0 0 
306 8 0 0 0 0 0 0 0 0 0 0 0 
307 8 0 0 0 0 0 0 0 0 0 0 0 
308 8 0 0 0 0 0 0 0 0 0 0 0 
309 8 0 0 0 0 0 0 0 0 0 0 0 
310 8 0 0 0 0 0 0 0 0 0 0 0 
311 8 0 0 0 0 0 0 0 0 0 0 0 
312 8 0 0 0 0 0 0 0 0 0 0 0 
313 8 0 0 0 0 0 0 0 0 0 0 0 
314 8 0 0 0 0 0 0 0 0 0 0 0 
315 8 0 0 0 0 0 0 0 0 0 0 0 
316 8 0 0 0 0 0 0 0 0 0 0 0 
317 8 0 0 0 0 0 0 0 0 0 0 0 
318 8 0 0 0 0 0 0 0 0 0 0 0 
319 8 0 0 0 0 0 0 0 0 0 0 0 
320 8 0 0 0 0 0 0 0 0 0 0 0 
321 8 0 0 0 0 0 0 0 0 0 0 0 
322 8 0 0 0 0 0 0 0 0 0 0 0 
323 8 0 0 0 0 0 0 0 0 0 0 0 
324 8 0 0 0 0 0 0 0 0 0 0 0 
325 8 0 0 0 0 0 0 0 0 0 0 0 
326 8 0 0 0 0 0 0 0 0 0 0 0 
327 8 0 0 0 0 0 0 0 0 0 0 0 
328 8 0 0 0 0 0 0 0 0 0 0 0 
329 8 0 0 0 0 0 0 0 0 0 0 0 
330 8 0 0 0 0 0 0 0 0 0 0 0 
331 8 0 0 0 0 0 0 0 0 0 0 0 
332 8 0 0 0 0 0 0 0 0 0 0 0 
333 8 0 0 0 0 0 0 0 0 0 0 0 
334 8 0 0 0 0 0 0 0 0 0 0 0 
335 8 0 0 0 0 0 0 0 0 0 0 0 
336 8 0 0 0 0 0 0 0 0 0 0 0 
337 8 0 0 0 0 0 0 0 0 0 0 0 
338 8 0 0 0 0 0 0 0 0 0 0 0 
339 8 0 0 0 0 0 0 0 0 0 0 0 
340 8 0 0 0 0 0 0 0 0 0 0 0 
341 8 0 0 0 0 0 0 0 0 0 0 0 
342 8 0 0 0 0 0 0 0 0 0 0 0 
343 8 0 0 0 0 0 0 0 0 0 0 0 
344 8 0 0 0 0 0 0 0 0 0 0 0 
345 8 0 0 0 0 0 0 0 0 0 0 0 
346 8 0 0 0 0 0 0 0 0 0 0 0 
347 8 0 0 0 0 0 0 0 0 0 0 0 
348 8 0 0 0 0 0 0 0 0 0 0 0 
349 8 0 0 0 0 0 0 0 0 0 0 0 
350 8 0 0 0 0 0 0 0 0 0 0 0 
351 8 0 0 0 0 0 0 0 0 0 0 0 
352 8 0 0 0 0 0 0 0 0 0 0 0 
353 8 0 0 0 0 0 0 0 0 0 0 0 
354 8 0 0 0 0 0 0 0 0 0 0 0 
355 8 0 0 0 0 0 0 0 0 0 0 0 
356 8 0 0 0 0 0 0 0 0 0 0 0 
357 8 0 0 0 0 0 0 0 0 0 0 0 
358 8 0 0 0 0 0 0 0 0 0 0 0 
359 8 0 0 0 0 0 0 0 0 0 0 0 
360 8 0 0 0 0 0 0 0 0 0 0 0 
361 8 0 0 0 0 0 0 0 0 0 0 0 
362 8 0 0 0 0 0 0 0 0 0 0 0 
363 8 0 0 0 0 0 0 0 0 0 0 0 
364 8 0 0 0 0 0 0 0 0 0 0 0 
365 8 0 0 0 0 0 0 0 0 0 0 0 
366 8 0 0 0 0 0 0 0 0 0 0 0 
367 8 0 0 0 0 0 0 0 0 0 0 0 
368 8 0 0 0 0 0 0 0 0 0 0 0 
369 8 0 0 0 0 0 0 0 0 0 0 0 
370 8 0 0 0 0 0 0 0 0 0 0 0 
371 8 0 0 0 0 0 0 0 0 0 0 0 
372 8 0 0 0 0 0 0 0 0 0 0 0 
373 8 0 0 0 0 0 0 0 0 0 0 0 
374 8 0 0 0 0 0 0 0 0 0 0 0 
375 8 0 0 0 0 0 0 0 0 0 0 0 
376 8 0 0 0 0 0 0 0 0 0 0 0 
377 8 0 0 0 0 0 0 0 0 0 0 0 
378 8 0 0 0 0 0 0 0 0 0 0 0 
379 8 0 0 0 0 0 0 0 0 0 0 0 
380 8 0 0 0 0 0 0 0 0 0 0 0 
381 8 0 0 0 0 0 0 0 0 0 0 0 
382 8 0 0 0 0 0 0 0 0 0 0 0 
383 8 0 0 0 0 0 0 0 0 0 0 0 
384 8 0 0 0 0 0 0 0 0 0 0 0 
385 8 0 0 0 0 0 0 0 0 0 0 0 
386 8 0 0 0 0 0 0 0 0 0 0 0 
387 8 0 0 0 0 0 0 0 0 0 0 0 
388 8 0 0 0 0 0 0 0 0 0 0 0 
389 8 0 0 0 0 0 0 0 0 0 0 0 
390 8 0 0 0 0 0 0 0 0 0 0 0 
391 8 0 0 0 0 0 0 0 0 0 0 0 
392 8 0 0 0 0 0 0 0 0 0 0 0 
393 8 0 0 0 0 0 0 0 0 0 0 0 
394 8 0 0 0 0 0 0 0 0 0 0 0 
395 8 0 0 0 0 0 0 0 0 0 0 0 
396 8 0 0 0 0 0 0 0 0 0 0 0 
397 8 0 0 0 0 0 0 0 0 0 0 0 
398 8 0 0 0 0 0 0 0 0 0 0 0 
399 8 0 0 0 0 0 0 0 0 0 0 0 
400 8 0 0 0 0 0 0 0 0 0 0 0 
401 8 0 0 0 0 0 0 0 0 0 0 0 
402 8 0 0 0 0 0 0 0 0 0 0 0 
403 8 0 0 0 0 0 0 0 0 0 0 0 
404 8 0 0 0 0 0 0 0 0 0 0 0 
405 8 0 0 0 0 0 0 0 0 0 0 0 
406 8 0 0 0 0 0 0 0 0 0 0 0 
407 8 0 0 0 0 0 0 0 0 0 0 0 
408 8 0 0 0 0 0 0 0 0 0 0 0 
409 8 0 0 0 0 0 0 0 0 0 0 0 
410 8 0 0 0 0 0 0 0 0 0 0 0 
411 8 0 0 0 0 0 0 0 0 0 0 0 
412 8 0 0 0 0 0 0 0 0 0 0 0 
413 8 0 0 0 0 0 0 0 0 0 0 0 
414 8 0 0 0 0 0 0 0 0 0 0 0 
415 8 0 0 0 0 0 0 0 0 0 0 0 
416 8 0 0 0 0 0 0 0 0 0 0 0 
417 8 0 0 0 0 0 0 0 0 0 0 0 
418 8 0 0 0 0 0 0 0 0 0 0 0 
419 8 0 0 0 0 0 0 0 0 0 0 0 
420 8 0 0 0 0 0 0 0 0 0 0 0 
421 8 0 0 0 0 0 0 0 0 0 0 0 
422 8 0 0 0 0 0 0 0 0 0 0 0 
423 8 0 0 0 0 0 0 0 0 0 0 0 
424 8 0 0 0 0 0 0 0 0 0 0 0 
425 8 0 0 0 0 0 0 0 0 0 0 0 
426 8 0 0 0 0 0 0 0 0 0 0 0 
427 8 0 0 0 0 0 0 0 0 0 0 0 
428 8 0 0 0 0 0 0 0 0 0 0 0 
429 8 0 0 0 0 0 0 0 0 0 0 0 
430 8 0 0 0 0 0 0 0 0 0 0 0 
431 8 0 0 0 0 0 0 0 0 0 0 0 
432 8 0 0 0 0 0 0 0 0 0 0 0 
433 8 0 0 0 0 0 0 0 0 0 0 0 
434 8 0 0 0 0 0 0 0 0 0 0 0 
435 8 0 0 0 0 0 0 0 0 0 0 0 
436 8 0 0 0 0 0 0 0 0 0 0 0 
437 8 0 0 0 0 0 0 0 0 0 0 0 
438 8 0 0 0 0 0 0 0 0 0 0 0 
439 8 0 0 0 0 0 0 0 0 0 0 0 
440 8 0 0 0 0 0 0 0 0 0 0 0 
441 8 0 0 0 0 0 0 0 0 0 0 0 
442 8 0 0 0 0 0 0 0 0 0 0 0 
443 8 0 0 0 0 0 0 0 0 0 0 0 
444 8 0 0 0 0 0 0 0 0 0 0 0 
445 8 0 0 0 0 0 0 0 0 0 0 0 
446 8 0 0 0 0 0 0 0 0 0 0 0 
447 8 0 0 0 0 0 0 0 0 0 0 0 
448 8 0 0 0 0 0 0 0 0 0 0 0 
449 8 0 0 0 0 0 0 0 0 0 0 0 
450 8 0 0 0 0 0 0 0 0 0 0 0 
451 8 0 0 0 0 0 0 0 0 0 0 0 
452 8 0 0 0 0 0 0 0 0 0 0 0 
453 8 4 0 0 0 0 0 0 0 0 0 0 
454 8 -1 7 26 0 0 9 7 0 0 1 -31 
455 8 0 0 0 0 0 0 0 0 0 0 0 
456 8 0 0 0 0 0 0 0 0 0 0 0 
457 8 0 0 0 0 0 0 0 0 0 0 0 
458 8 0 0 0 0 0 0 0 0 0 0 0 
459 8 0 0 0 0 0 0 0 0 0 0 0 
460 8 0 0 0 0 0 0 0 0 0 0 0 
461 8 0 0 0 0 0 0 0 0 0 0 0 
462 8 0 0 0 0 0 0 0 0 0 0 0 
463 8 0 0 0 0 0 0 0 0 0 0 0 
464 8 0 0 0 0 0 0 0 0 0 0 0 
465 8 0 0 0 0 0 0 0 0 0 0 0 
466 8 0 0 0 0 0 0 0 0 0 0 0 
467 8 0 0 0 0 0 0 0 0 0 0 0 
468 8 0 0 0 0 0 0 0 0 0 0 0 
469 8 0 0 0 0 0 0 0 0 0 0 0 
470 8 0 0 0 0 0 0 0 0 0 0 0 
471 8 0 0 0 0 0 0 0 0 0 0 0 
472 8 0 0 0 0 0 0 0 0 0 0 0 
473 8 0 0 0 0 0 0 0 0 0 0 0 
474 8 0 0 0 0 0 0 0 0 0 0 0 
475 8 0 0 0 0 0 0 0 0 0 0 0 
476 8 0 0 0 0 0 0 0 0 0 0 0 
477 8 0 0 0 0 0 0 0 0 0 0 0 
478 8 0 0 0 0 0 0 0 0 0 0 0 
479 8 0 0 0 0 0 0 0 0 0 0 0 
480 8 0 0 0 0 0 0 0 0 0 0 0 
481 8 0 0 0 0 0 0 0 0 0 0 0 
482 8 0 0 0 0 0 0 0 0 0 0 0 
483 8 0 0 0 0 0 0 0 0 0 0 0 
484 8 0 0 0 0 0 0 0 0 0 0 0 
485 8 0 0 0 0 0 0 0 0 0 0 0 
486 8 0 0 0 0 0 0 0 0 0 0 0 
487 8 0 0 0 0 0 0 0 0 0 0 0 
488 8 0 0 0 0 0 0 0 0 0 0 0 
489 8 0 0 0 0 0 0 0 0 0 0 0 
490 8 0 0 0 0 0 0 0 0 0 0 0 
491 8 0 0 0 0 0 0 0 0 0 0 0 
492 8 0 0 0 0 0 0 0 0 0 0 0 
493 8 0 0 0 0 0 0 0 0 0 0 0 
494 8 0 0 0 0 0 0 0 0 0 0 0 
495 8 0 0 0 0 0 0 0 0 0 0 0 
496 8 0 0 0 0 0 0 0 0 0 0 0 
497 8 0 0 0 0 0 0 0 0 0 0 0 
498 8 0 0 0 0 0 0 0 0 0 0 0 
499 8 0 0 0 0 0 0 0 0 0 0 0 
500 8 0 0 0 0 0 0 0 0 0 0 0 
501 8 0 0 0 0 0 0 0 0 0 0 0 
502 8 0 0 0 0 0 0 0 0 0 0 0 
503 8 0 0 0 0 0 0 0 0 0 0 0 
504 8 0 0 0 0 0 0 0 0 0 0 0 
505 8 0 0 0 0 0 0 0 0 0 0 0 
506 8 0 0 0 0 0 0 0 0 0 0 0 
507 8 0 0 0 0 0 0 0 0 0 0 0 
508 8 0 0 0 0 0 0 0 0 0 0 0 
509 8 0 0 0 0 0 0 0 0 0 0 0 
510 8 0 0 0 0 0 0 0 0 0 0 0 
511 9 0 0 0 0 0 0 0 0 0 0 0 
512 9 0 0 0 0 0 0 0 0 0 0 0 
513 9 0 0 0 0 0 0 0 0 0 0 0 
514 9 0 0 0 0 0 0 0 0 0 0 0 
515 9 0 0 0 0 0 0 0 0 0 0 0 
516 9 0 0 0 0 0 0 0 0 0 0 0 
517 9 0 0 0 0 0 0 0 0 0 0 0 
518 9 0 0 0 0 0 0 0 0 0 0 0 
519 9 0 0 0 0 0 0 0 0 0 0 0 
520 9 0 0 0 0 0 0 0 0 0 0 0 
521 9 0 0 0 0 0 0 0 0 0 0 0 
522 9 0 0 0 0 0 0 0 0 0 0 0 
523 9 0 0 0 0 0 0 0 0 0 0 0 
524 9 0 0 0 0 0 0 0 0 0 0 0 
525 9 0 0 0 0 0 0 0 0 0 0 0 
526 9 0 0 0 0 0 0 0 0 0 0 0 
527 9 0 0 0 0 0 0 0 0 0 0 0 
528 9 0 0 0 0 0 0 0 0 0 0 0 
529 9 0 0 0 0 0 0 0 0 0 0 0 
530 9 0 0 0 0 0 0 0 0 0 0 0 
531 9 0 0 0 0 0 0 0 0 0 0 0 
532 9 0 0 0 0 0 0 0 0 0 0 0 
533 9 0 0 0 0 0 0 0 0 0 0 0 
534 9 0 0 0 0 0 0 0 0 0 0 0 
535 9 0 0 0 0 0 0 0 0 0 0 0 
536 9 0 0 0 0 0 0 0 0 0 0 0 
537 9 0 0 0 0 0 0 0 0 0 0 0 
538 9 0 0 0 0 0 0 0 0 0 0 0 
539 9 0 0 0 0 0 0 0 0 0 0 0 
540 9 0 0 0 0 0 0 0 0 0 0 0 
541 9 0 0 0 0 0 0 0 0 0 0 0 
542 9 0 0 0 0 0 0 0 0 0 0 0 
543 9 0 0 0 0 0 0 0 0 0 0 0 
544 9 0 0 0 0 0 0 0 0 0 0 0 
545 9 0 0 0 0 0 0 0 0 0 0 0 
546 9 0 0 0 0 0 0 0 0 0 0 0 
547 9 0 0 0 0 0 0 0 0 0 0 0 
548 9 0 0 0 0 0 0 0 0 0 0 0 
549 9 0 0 0 0 0 0 0 0 0 0 0 
550 9 0 0 0 0 0 0 0 0 0 0 0 
551 9 0 0 0 0 0 0 0 0 0 0 0 
552 9 0 0 0 0 0 0 0 0 0 0 0 
553 9 0 0 0 0 0 0 0 0 0 0 0 
554 9 0 0 0 0 0 0 0 0 0 0 0 
555 9 0 0 0 0 0 0 0 0 0 0 0 
556 9 0 0 0 0 0 0 0 0 0 0 0 
557 9 0 0 0 0 0 0 0 0 0 0 0 
558 9 0 0 0 0 0 0 0 0 0 0 0 
559 9 0 0 0 0 0 0 0 0 0 0 0 
560 9 0 0 0 0 0 0 0 0 0 0 0 
561 9 0 0 0 0 0 0 0 0 0 0 0 
562 9 0 0 0 0 0 0 0 0 0 0 0 
563 9 0 0 0 0 0 0 0 0 0 0 0 
564 9 0 0 0 0 0 0 0 0 0 0 0 
565 9 0 0 0 0 0 0 0 0 0 0 0 
566 9 0 0 0 0 0 0 0 0 0 0 0 
567 9 0 0 0 0 0 0 0 0 0 0 0 
568 9 0 0 0 0 0 0 0 0 0 0 0 
569 9 0 0 0 0 0 0 0 0 0 0 0 
570 9 0 0 0 0 0 0 0 0 0 0 0 
571 9 0 0 0 0 0 0 0 0 0 0 0 
572 9 0 0 0 0 0 0 0 0 0 0 0 
573 9 0 0 0 0 0 0 0 0 0 0 0 
574 9 0 0 0 0 0 0 0 0 0 0 0 
575 9 0 0 0 0 0 0 0 0 0 0 0 
576 9 0 0 0 0 0 0 0 0 0 0 0 
577 9 0 0 0 0 0 0 0 0 0 0 0 
578 9 0 0 0 0 0 0 0 0 0 0 0 
579 9 0 0 0 0 0 0 0 0 0 0 0 
580 9 0 0 0 0 0 0 0 0 0 0 0 
581 9 0 0 0 0 0 0 0 0 0 0 0 
582 9 0 0 0 0 0 0 0 0 0 0 0 
583 9 0 0 0 0 0 0 0 0 0 0 0 
584 9 0 0 0 0 0 0 0 0 0 0 0 
585 9 0 0 0 0 0 0 0 0 0 0 0 
586 9 0 0 0 0 0 0 0 0 0 0 0 
587 9 0 0 0 0 0 0 0 0 0 0 0 
588 9 0 0 0 0 0 0 0 0 0 0 0 
589 9 0 0 0 0 0 0 0 0 0 0 0 
590 9 0 0 0 0 0 0 0 0 0 0 0 
591 9 0 0 0 0 0 0 0 0 0 0 0 
592 9 0 0 0 0 0 0 0 0 0 0 0 
593 9 0 0 0 0 0 0 0 0 0 0 0 
594 9 0 0 0 0 0 0 0 0 0 0 0 
595 9 0 0 0 0 0 0 0 0 0 0 0 
596 9 0 0 0 0 0 0 0 0 0 0 0 
597 9 0 0 0 0 0 0 0 0 0 0 0 
598 9 0 0 0 0 0 0 0 0 0 0 0 
599 9 0 0 0 0 0 0 0 0 0 0 0 
600 9 0 0 0 0 0 0 0 0 0 0 0 
601 9 0 0 0 0 0 0 0 0 0 0 0 
602 9 0 0 0 0 0 0 0 0 0 0 0 
603 9 0 0 0 0 0 0 0 0 0 0 0 
604 9 0 0 0 0 0 0 0 0 0 0 0 
605 9 0 0 0 0 0 0 0 0 0 0 0 
606 9 0 0 0 0 0 0 0 0 0 0 0 
607 9 0 0 0 0 0 0 0 0 0 0 0 
608 9 0 0 0 0 0 0 0 0 0 0 0 
609 9 0 0 0 0 0 0 0 0 0 0 0 
610 9 0 0 0 0 0 0 0 0 0 0 0 
611 9 0 0 0 0 0 0 0 0 0 0 0 
612 9 0 0 0 0 0 0 0 0 0 0 0 
613 9 0 0 0 0 0 0 0 0 0 0 0 
614 9 0 0 0 0 0 0 0 0 0 0 0 
615 9 0 0 0 0 0 0 0 0 0 0 0 
616 9 0 0 0 0 0 0 0 0 0 0 0 
617 9 0 0 0 0 0 0 0 0 0 0 0 
618 9 0 0 0 0 0 0 0 0 0 0 0 
619 9 0 0 0 0 0 0 0 0 0 0 0 
620 9 0 0 0 0 0 0 0 0 0 0 0 
621 9 0 0 0 0 0 0 0 0 0 0 0 
622 9 0 0 0 0 0 0 0 0 0 0 0 
623 9 0 0 0 0 0 0 0 0 0 0 0 
624 9 0 0 0 0 0 0 0 0 0 0 0 
625 9 0 0 0 0 0 0 0 0 0 0 0 
626 9 0 0 0 0 0 0 0 0 0 0 0 
627 9 0 0 0 0 0 0 0 0 0 0 0 
628 9 0 0 0 0 0 0 0 0 0 0 0 
629 9 0 0 0 0 0 0 0 0 0 0 0 
630 9 0 0 0 0 0 0 0 0 0 0 0 
631 9 0 0 0 0 0 0 0 0 0 0 0 
632 9 0 0 0 0 0 0 0 0 0 0 0 
633 9 0 0 0 0 0 0 0 0 0 0 0 
634 9 0 0 0 0 0 0 0 0 0 0 0 
635 9 0 0 0 0 0 0 0 0 0 0 0 
636 9 0 0 0 0 0 0 0 0 0 0 0 
637 9 0 0 0 0 0 0 0 0 0 0 0 
638 9 0 0 0 0 0 0 0 0 0 0 0 
639 9 0 0 0 0 0 0 0 0 0 0 0 
640 9 0 0 0 0 0 0 0 0 0 0 0 
641 9 0 0 0 0 0 0 0 0 0 0 0 
642 9 0 0 0 0 0 0 0 0 0 0 0 
643 9 0 0 0 0 0 0 0 0 0 0 0 
644 9 0 0 0 0 0 0 0 0 0 0 0 
645 9 0 0 0 0 0 0 0 0 0 0 0 
646 9 0 0 0 0 0 0 0 0 0 0 0 
647 9 0 0 0 0 0 0 0 0 0 0 0 
648 9 0 0 0 0 0 0 0 0 0 0 0 
649 9 0 0 0 0 0 0 0 0 0 0 0 
650 9 0 0 0 0 0 0 0 0 0 0 0 
651 9 0 0 0 0 0 0 0 0 0 0 0 
652 9 0 0 0 0 0 0 0 0 0 0 0 
653 9 0 0 0 0 0 0 0 0 0 0 0 
654 9 0 0 0 0 0 0 0 0 0 0 0 
655 9 0 0 0 0 0 0 0 0 0 0 0 
656 9 0 0 0 0 0 0 0 0 0 0 0 
657 9 0 0 0 0 0 0 0 0 0 0 0 
658 9 0 0 0 0 0 0 0 0 0 0 0 
659 9 0 0 0 0 0 0 0 0 0 0 0 
660 9 0 0 0 0 0 0 0 0 0 0 0 
661 9 0 0 0 0 0 0 0 0 0 0 0 
662 9 0 0 0 0 0 0 0 0 0 0 0 
663 9 0 0 0 0 0 0 0 0 0 0 0 
664 9 0 0 0 0 0 0 0 0 0 0 0 
665 9 0 0 0 0 0 0 0 0 0 0 0 
666 9 0 0 0 0 0 0 0 0 0 0 0 
667 9 0 0 0 0 0 0 0 0 0 0 0 
668 9 0 0 0 0 0 0 0 0 0 0 0 
669 9 0 0 0 0 0 0 0 0 0 0 0 
670 9 0 0 0 0 0 0 0 0 0 0 0 
671 9 0 0 0 0 0 0 0 0 0 0 0 
672 9 0 0 0 0 0 0 0 0 0 0 0 
673 9 0 0 0 0 0 0 0 0 0 0 0 
674 9 0 0 0 0 0 0 0 0 0 0 0 
675 9 0 0 0 0 0 0 0 0 0 0 0 
676 9 0 0 0 0 0 0 0 0 0 0 0 
677 9 0 0 0 0 0 0 0 0 0 0 0 
678 9 0 0 0 0 0 0 0 0 0 0 0 
679 9 0 0 0 0 0 0 0 0 0 0 0 
680 9 0 0 0 0 0 0 0 0 0 0 0 
681 9 0 0 0 0 0 0 0 0 0 0 0 
682 9 0 0 0 0 0 0 0 0 0 0 0 
683 9 0 0 0 0 0 0 0 0 0 0 0 
684 9 0 0 0 0 0 0 0 0 0 0 0 
685 9 0 0 0 0 0 0 0 0 0 0 0 
686 9 0 0 0 0 0 0 0 0 0 0 0 
687 9 0 0 0 0 0 0 0 0 0 0 0 
688 9 0 0 0 0 0 0 0 0 0 0 0 
689 9 0 0 0 0 0 0 0 0 0 0 0 
690 9 0 0 0 0 0 0 0 0 0 0 0 
691 9 0 0 0 0 0 0 0 0 0 0 0 
692 9 0 0 0 0 0 0 0 0 0 0 0 
693 9 0 0 0 0 0 0 0 0 0 0 0 
694 9 0 0 0 0 0 0 0 0 0 0 0 
695 9 0 0 0 0 0 0 0 0 0 0 0 
696 9 0 0 0 0 0 0 0 0 0 0 0 
697 9 0 0 0 0 0 0 0 0 0 0 0 
698 9 0 0 0 0 0 0 0 0 0 0 0 
699 9 0 0 0 0 0 0 0 0 0 0 0 
700 9 0 0 0 0 0 0 0 0 0 0 0 
701 9 0 0 0 0 0 0 0 0 0 0 0 
702 9 0 0 0 0 0 0 0 0 0 0 0 
703 9 0 0 0 0 0 0 0 0 0 0 0 
704 9 0 0 0 0 0 0 0 0 0 0 0 
705 9 0 0 0 0 0 0 0 0 0 0 0 
706 9 0 0 0 0 0 0 0 0 0 0 0 
707 9 0 0 0 0 0 0 0 0 0 0 0 
708 9 0 0 0 0 0 0 0 0 0 0 0 
709 9 0 0 0 0 0 0 0 0 0 0 0 
710 9 0 0 0 0 0 0 0 0 0 0 0 
711 9 0 0 0 0 0 0 0 0 0 0 0 
712 9 0 0 0 0 0 0 0 0 0 0 0 
713 9 0 0 0 0 0 0 0 0 0 0 0 
714 9 0 0 0 0 0 0 0 0 0 0 0 
715 9 0 0 0 0 0 0 0 0 0 0 0 
716 9 0 0 0 0 0 0 0 0 0 0 0 
717 9 0 0 0 0 0 0 0 0 0 0 0 
718 9 0 0 0 0 0 0 0 0 0 0 0 
719 9 0 0 0 0 0 0 0 0 0 0 0 
720 9 0 0 0 0 0 0 0 0 0 0 0 
721 9 0 0 0 0 0 0 0 0 0 0 0 
722 9 0 0 0 0 0 0 0 0 0 0 0 
723 9 0 0 0 0 0 0 0 0 0 0 0 
724 9 0 0 0 0 0 0 0 0 0 0 0 
725 9 0 0 0 0 0 0 0 0 0 0 0 
726 9 0 0 0 0 0 0 0 0 0 0 0 
727 9 0 0 0 0 0 0 0 0 0 0 0 
728 9 0 0 0 0 0 0 0 0 0 0 0 
729 9 0 0 0 0 0 0 0 0 0 0 0 
730 9 0 0 0 0 0 0 0 0 0 0 0 
731 9 0 0 0 0 0 0 0 0 0 0 0 
732 9 0 0 0 0 0 0 0 0 0 0 0 
733 9 0 0 0 0 0 0 0 0 0 0 0 
734 9 0 0 0 0 0 0 0 0 0 0 0 
735 9 0 0 0 0 0 0 0 0 0 0 0 
736 9 0 0 0 0 0 0 0 0 0 0 0 
737 9 0 0 0 0 0 0 0 0 0 0 0 
738 9 0 0 0 0 0 0 0 0 0 0 0 
739 9 0 0 0 0 0 0 0 0 0 0 0 
740 9 0 0 0 0 0 0 0 0 0 0 0 
741 9 0 0 0 0 0 0 0 0 0 0 0 
742 9 0 0 0 0 0 0 0 0 0 0 0 
743 9 0 0 0 0 0 0 0 0 0 0 0 
744 9 0 0 0 0 0 0 0 0 0 0 0 
745 9 0 0 0 0 0 0 0 0 0 0 0 
746 9 0 0 0 0 0 0 0 0 0 0 0 
747 9 0 0 0 0 0 0 0 0 0 0 0 
748 9 0 0 0 0 0 0 0 0 0 0 0 
749 9 0 0 0 0 0 0 0 0 0 0 0 
750 9 0 0 0 0 0 0 0 0 0 0 0 
751 9 0 0 0 0 0 0 0 0 0 0 0 
752 9 0 0 0 0 0 0 0 0 0 0 0 
753 9 0 0 0 0 0 0 0 0 0 0 0 
754 9 0 0 0 0 0 0 0 0 0 0 0 
755 9 0 0 0 0 0 0 0 0 0 0 0 
756 9 0 0 0 0 0 0 0 0 0 0 0 
757 9 0 0 0 0 0 0 0 0 0 0 0 
758 9 0 0 0 0 0 0 0 0 0 0 0 
759 9 0 0 0 0 0 0 0 0 0 0 0 
760 9 0 0 0 0 0 0 0 0 0 0 0 
761 9 0 0 0 0 0 0 0 0 0 0 0 
762 9 0 0 0 0 0 0 0 0 0 0 0 
763 9 0 0 0 0 0 0 0 0 0 0 0 
764 9 0 0 0 0 0 0 0 0 0 0 0 
765 9 0 0 0 0 0 0 0 0 0 0 0 
766 9 0 0 0 0 0 0 0 0 0 0 0 
767 9 0 0 0 0 0 0 0 0 0 0 0 
768 9 0 0 0 0 0 0 0 0 0 0 0 
769 9 0 0 0 0 0 0 0 0 0 0 0 
770 9 0 0 0 0 0 0 0 0 0 0 0 
771 9 0 0 0 0 0 0 0 0 0 0 0 
772 9 0 0 0 0 0 0 0 0 0 0 0 
773 9 0 0 0 0 0 0 0 0 0 0 0 
774 9 0 0 0 0 0 0 0 0 0 0 0 
775 9 0 0 0 0 0 0 0 0 0 0 0 
776 9 0 0 0 0 0 0 0 0 0 0 0 
777 9 0 0 0 0 0 0 0 0 0 0 0 
778 9 0 0 0 0 0 0 0 0 0 0 0 
779 9 0 0 0 0 0 0 0 0 0 0 0 
780 9 0 0 0 0 0 0 0 0 0 0 0 
781 9 0 0 0 0 0 0 0 0 0 0 0 
782 9 0 0 0 0 0 0 0 0 0 0 0 
783 9 0 0 0 0 0 0 0 0 0 0 0 
784 9 0 0 0 0 0 0 0 0 0 0 0 
785 9 0 0 0 0 0 0 0 0 0 0 0 
786 9 0 0 0 0 0 0 0 0 0 0 0 
787 9 0 0 0 0 0 0 0 0 0 0 0 
788 9 0 0 0 0 0 0 0 0 0 0 0 
789 9 0 0 0 0 0 0 0 0 0 0 0 
790 9 0 0 0 0 0 0 0 0 0 0 0 
791 9 0 0 0 0 0 0 0 0 0 0 0 
792 9 0 0 0 0 0 0 0 0 0 0 0 
793 9 0 0 0 0 0 0 0 0 0 0 0 
794 9 0 0 0 0 0 0 0 0 0 0 0 
795 9 0 0 0 0 0 0 0 0 0 0 0 
796 9 0 0 0 0 0 0 0 0 0 0 0 
797 9 0 0 0 0 0 0 0 0 0 0 0 
798 9 0 0 0 0 0 0 0 0 0 0 0 
799 9 0 0 0 0 0 0 0 0 0 0 0 
800 9 0 0 0 0 0 0 0 0 0 0 0 
801 9 0 0 0 0 0 0 0 0 0 0 0 
802 9 0 0 0 0 0 0 0 0 0 0 0 
803 9 0 0 0 0 0 0 0 0 0 0 0 
804 9 0 0 0 0 0 0 0 0 0 0 0 
805 9 0 0 0 0 0 0 0 0 0 0 0 
806 9 0 0 0 0 0 0 0 0 0 0 0 
807 9 0 0 0 0 0 0 0 0 0 0 0 
808 9 0 0 0 0 0 0 0 0 0 0 0 
809 9 0 0 0 0 0 0 0 0 0 0 0 
810 9 0 0 0 0 0 0 0 0 0 0 0 
811 9 0 0 0 0 0 0 0 0 0 0 0 
812 9 0 0 0 0 0 0 0 0 0 0 0 
813 9 0 0 0 0 0 0 0 0 0 0 0 
814 9 0 0 0 0 0 0 0 0 0 0 0 
815 9 0 0 0 0 0 0 0 0 0 0 0 
816 9 0 0 0 0 0 0 0 0 0 0 0 
817 9 0 0 0 0 0 0 0 0 0 0 0 
818 9 0 0 0 0 0 0 0 0 0 0 0 
819 9 0 0 0 0 0 0 0 0 0 0 0 
820 9 0 0 0 0 0 0 0 0 0 0 0 
821 9 0 0 0 0 0 0 0 0 0 0 0 
822 9 0 0 0 0 0 0 0 0 0 0 0 
823 9 0 0 0 0 0 0 0 0 0 0 0 
824 9 0 0 0 0 0 0 0 0 0 0 0 
825 9 0 0 0 0 0 0 0 0 0 0 0 
826 9 0 0 0 0 0 0 0 0 0 0 0 
827 9 0 0 0 0 0 0 0 0 0 0 0 
828 9 0 0 0 0 0 0 0 0 0 0 0 
829 9 0 0 0 0 0 0 0 0 0 0 0 
830 9 0 0 0 0 0 0 0 0 0 0 0 
831 9 0 0 0 0 0 0 0 0 0 0 0 
832 9 0 0 0 0 0 0 0 0 0 0 0 
833 9 0 0 0 0 0 0 0 0 0 0 0 
834 9 0 0 0 0 0 0 0 0 0 0 0 
835 9 0 0 0 0 0 0 0 0 0 0 0 
836 9 0 0 0 0 0 0 0 0 0 0 0 
837 9 0 0 0 0 0 0 0 0 0 0 0 
838 9 0 0 0 0 0 0 0 0 0 0 0 
839 9 0 0 0 0 0 0 0 0 0 0 0 
840 9 0 0 0 0 0 0 0 0 0 0 0 
841 9 0 0 0 0 0 0 0 0 0 0 0 
842 9 0 0 0 0 0 0 0 0 0 0 0 
843 9 0 0 0 0 0 0 0 0 0 0 0 
844 9 0 0 0 0 0 0 0 0 0 0 0 
845 9 0 0 0 0 0 0 0 0 0 0 0 
846 9 0 0 0 0 0 0 0 0 0 0 0 
847 9 0 0 0 0 0 0 0 0 0 0 0 
848 9 0 0 0 0 0 0 0 0 0 0 0 
849 9 0 0 0 0 0 0 0 0 0 0 0 
850 9 0 0 0 0 0 0 0 0 0 0 0 
851 9 0 0 0 0 0 0 0 0 0 0 0 
852 9 0 0 0 0 0 0 0 0 0 0 0 
853 9 0 0 0 0 0 0 0 0 0 0 0 
854 9 0 0 0 0 0 0 0 0 0 0 0 
855 9 0 0 0 0 0 0 0 0 0 0 0 
856 9 0 0 0 0 0 0 0 0 0 0 0 
857 9 0 0 0 0 0 0 0 0 0 0 0 
858 9 0 0 0 0 0 0 0 0 0 0 0 
859 9 0 0 0 0 0 0 0 0 0 0 0 
860 9 0 0 0 0 0 0 0 0 0 0 0 
861 9 0 0 0 0 0 0 0 0 0 0 0 
862 9 0 0 0 0 0 0 0 0 0 0 0 
863 9 0 0 0 0 0 0 0 0 0 0 0 
864 9 0 0 0 0 0 0 0 0 0 0 0 
865 9 0 0 0 0 0 0 0 0 0 0 0 
866 9 0 0 0 0 0 0 0 0 0 0 0 
867 9 0 0 0 0 0 0 0 0 0 0 0 
868 9 0 0 0 0 0 0 0 0 0 0 0 
869 9 0 0 0 0 0 0 0 0 0 0 0 
870 9 0 0 0 0 0 0 0 0 0 0 0 
871 9 0 0 0 0 0 0 0 0 0 0 0 
872 9 0 0 0 0 0 0 0 0 0 0 0 
873 9 0 0 0 0 0 0 0 0 0 0 0 
874 9 0 0 0 0 0 0 0 0 0 0 0 
875 9 0 0 0 0 0 0 0 0 0 0 0 
876 9 0 0 0 0 0 0 0 0 0 0 0 
877 9 0 0 0 0 0 0 0 0 0 0 0 
878 9 0 0 0 0 0 0 0 0 0 0 0 
879 9 0 0 0 0 0 0 0 0 0 0 0 
880 9 0 0 0 0 0 0 0 0 0 0 0 
881 9 0 0 0 0 0 0 0 0 0 0 0 
882 9 0 0 0 0 0 0 0 0 0 0 0 
883 9 0 0 0 0 0 0 0 0 0 0 0 
884 9 0 0 0 0 0 0 0 0 0 0 0 
885 9 0 0 0 0 0 0 0 0 0 0 0 
886 9 0 0 0 0 0 0 0 0 0 0 0 
887 9 0 0 0 0 0 0 0 0 0 0 0 
888 9 0 0 0 0 0 0 0 0 0 0 0 
889 9 0 0 0 0 0 0 0 0 0 0 0 
890 9 0 0 0 0 0 0 0 0 0 0 0 
891 9 0 0 0 0 0 0 0 0 0 0 0 
892 9 0 0 0 0 0 0 0 0 0 0 0 
893 9 0 0 0 0 0 0 0 0 0 0 0 
894 9 0 0 0 0 0 0 0 0 0 0 0 
895 9 0 0 0 0 0 0 0 0 0 0 0 
896 9 0 0 0 0 0 0 0 0 0 0 0 
897 9 0 0 0 0 0 0 0 0 0 0 0 
898 9 0 0 0 0 0 0 0 0 0 0 0 
899 9 0 0 0 0 0 0 0 0 0 0 0 
900 9 0 0 0 0 0 0 0 0 0 0 0 
901 9 0 0 0 0 0 0 0 0 0 0 0 
902 9 0 0 0 0 0 0 0 0 0 0 0 
903 9 0 0 0 0 0 0 0 0 0 0 0 
904 9 0 0 0 0 0 0 0 0 0 0 0 
905 9 0 0 0 0 0 0 0 0 0 0 0 
906 9 0 0 0 0 0 0 0 0 0 0 0 
907 9 0 0 0 0 0 0 0 0 0 0 0 
908 9 0 0 0 0 0 0 0 0 0 0 0 
909 9 -1 7 18 0 0 15 0 0 0 0 57 
910 9 -1 29 26 0 0 13 15 0 0 17 37 
911 9 0 0 0 0 0 0 0 0 0 0 0 
912 9 0 0 0 0 0 0 0 0 0 0 0 
913 9 0 0 0 0 0 0 0 0 0 0 0 
914 9 0 0 0 0 0 0 0 0 0 0 0 
915 9 0 0 0 0 0 0 0 0 0 0 0 
916 9 0 0 0 0 0 0 0 0 0 0 0 
917 9 0 0 0 0 0 0 0 0 0 0 0 
918 9 0 0 0 0 0 0 0 0 0 0 0 
919 9 0 0 0 0 0 0 0 0 0 0 0 
920 9 0 0 0 0 0 0 0 0 0 0 0 
921 9 0 0 0 0 0 0 0 0 0 0 0 
922 9 0 0 0 0 0 0 0 0 0 0 0 
923 9 0 0 0 0 0 0 0 0 0 0 0 
924 9 0 0 0 0 0 0 0 0 0 0 0 
925 9 0 0 0 0 0 0 0 0 0 0 0 
926 9 0 0 0 0 0 0 0 0 0 0 0 
927 9 0 0 0 0 0 0 0 0 0 0 0 
928 9 0 0 0 0 0 0 0 0 0 0 0 
929 9 0 0 0 0 0 0 0 0 0 0 0 
930 9 0 0 0 0 0 0 0 0 0 0 0 
931 9 0 0 0 0 0 0 0 0 0 0 0 
932 9 0 0 0 0 0 0 0 0 0 0 0 
933 9 0 0 0 0 0 0 0 0 0 0 0 
934 9 0 0 0 0 0 0 0 0 0 0 0 
935 9 0 0 0 0 0 0 0 0 0 0 0 
936 9 0 0 0 0 0 0 0 0 0 0 0 
937 9 0 0 0 0 0 0 0 0 0 0 0 
938 9 0 0 0 0 0 0 0 0 0 0 0 
939 9 0 0 0 0 0 0 0 0 0 0 0 
940 9 0 0 0 0 0 0 0 0 0 0 0 
941 9 0 0 0 0 0 0 0 0 0 0 0 
942 9 0 0 0 0 0 0 0 0 0 0 0 
943 9 0 0 0 0 0 0 0 0 0 0 0 
944 9 0 0 0 0 0 0 0 0 0 0 0 
945 9 0 0 0 0 0 0 0 0 0 0 0 
946 9 0 0 0 0 0 0 0 0 0 0 0 
947 9 0 0 0 0 0 0 0 0 0 0 0 
948 9 0 0 0 0 0 0 0 0 0 0 0 
949 9 0 0 0 0 0 0 0 0 0 0 0 
950 9 0 0 0 0 0 0 0 0 0 0 0 
951 9 0 0 0 0 0 0 0 0 0 0 0 
952 9 0 0 0 0 0 0 0 0 0 0 0 
953 9 0 0 0 0 0 0 0 0 0 0 0 
954 9 0 0 0 0 0 0 0 0 0 0 0 
955 9 0 0 0 0 0 0 0 0 0 0 0 
956 9 0 0 0 0 0 0 0 0 0 0 0 
957 9 0 0 0 0 0 0 0 0 0 0 0 
958 9 0 0 0 0 0 0 0 0 0 0 0 
959 9 0 0 0 0 0 0 0 0 0 0 0 
960 9 0 0 0 0 0 0 0 0 0 0 0 
961 9 0 0 0 0 0 0 0 0 0 0 0 
962 9 0 0 0 0 0 0 0 0 0 0 0 
963 9 0 0 0 0 0 0 0 0 0 0 0 
964 9 0 0 0 0 0 0 0 0 0 0 0 
965 9 0 0 0 0 0 0 0 0 0 0 0 
966 9 0 0 0 0 0 0 0 0 0 0 0 
967 9 0 0 0 0 0 0 0 0 0 0 0 
968 9 0 0 0 0 0 0 0 0 0 0 0 
969 9 0 0 0 0 0 0 0 0 0 0 0 
970 9 0 0 0 0 0 0 0 0 0 0 0 
971 9 0 0 0 0 0 0 0 0 0 0 0 
972 9 0 0 0 0 0 0 0 0 0 0 0 
973 9 0 0 0 0 0 0 0 0 0 0 0 
974 9 0 0 0 0 0 0 0 0 0 0 0 
975 9 0 0 0 0 0 0 0 0 0 0 0 
976 9 0 0 0 0 0 0 0 0 0 0 0 
977 9 0 0 0 0 0 0 0 0 0 0 0 
978 9 0 0 0 0 0 0 0 0 0 0 0 
979 9 0 0 0 0 0 0 0 0 0 0 0 
980 9 0 0 0 0 0 0 0 0 0 0 0 
981 9 0 0 0 0 0 0 0 0 0 0 0 
982 9 0 0 0 0 0 0 0 0 0 0 0 
983 9 0 0 0 0 0 0 0 0 0 0 0 
984 9 0 0 0 0 0 0 0 0 0 0 0 
985 9 0 0 0 0 0 0 0 0 0 0 0 
986 9 0 0 0 0 0 0 0 0 0 0 0 
987 9 0 0 0 0 0 0 0 0 0 0 0 
988 9 0 0 0 0 0 0 0 0 0 0 0 
989 9 0 0 0 0 0 0 0 0 0 0 0 
990 9 0 0 0 0 0 0 0 0 0 0 0 
991 9 0 0 0 0 0 0 0 0 0 0 0 
992 9 0 0 0 0 0 0 0 0 0 0 0 
993 9 0 0 0 0 0 0 0 0 0 0 0 
994 9 0 0 0 0 0 0 0 0 0 0 0 
995 9 0 0 0 0 0 0 0 0 0 0 0 
996 9 0 0 0 0 0 0 0 0 0 0 0 
997 9 0 0 0 0 0 0 0 0 0 0 0 
998 9 0 0 0 0 0 0 0 0 0 0 0 
999 9 0 0 0 0 0 0 0 0 0 0 0 
1000 9 0 0 0 0 0 0 0 0 0 0 0 
1001 9 0 0 0 0 0 0 0 0 0 0 0 
1002 9 0 0 0 0 0 0 0 0 0 0 0 
1003 9 0 0 0 0 0 0 0 0 0 0 0 
1004 9 0 0 0 0 0 0 0 0 0 0 0 
1005 9 0 0 0 0 0 0 0 0 0 0 0 
1006 9 0 0 0 0 0 0 0 0 0 0 0 
1007 9 0 0 0 0 0 0 0 0 0 0 0 
1008 9 0 0 0 0 0 0 0 0 0 0 0 
1009 9 0 0 0 0 0 0 0 0 0 0 0 
1010 9 0 0 0 0 0 0 0 0 0 0 0 
1011 9 0 0 0 0 0 0 0 0 0 0 0 
1012 9 0 0 0 0 0 0 0 0 0 0 0 
1013 9 0 0 0 0 0 0 0 0 0 0 0 
1014 9 0 0 0 0 0 0 0 0 0 0 0 
1015 9 0 0 0 0 0 0 0 0 0 0 0 
1016 9 0 0 0 0 0 0 0 0 0 0 0 
1017 9 0 0 0 0 0 0 0 0 0 0 0 
1018 9 0 0 0 0 0 0 0 0 0 0 0 
1019 9 0 0 0 0 0 0 0 0 0 0 0 
1020 9 0 0 0 0 0 0 0 0 0 0 0 
1021 9 0 0 0 0 0 0 0 0 0 0 0 
1022 9 0 0 0 0 0 0 0 0 0 0 0 
1023 10 0 0 0 0 0 0 0 0 0 0 0 
1024 10 0 0 0 0 0 0 0 0 0 0 0 
1025 10 0 0 0 0 0 0 0 0 0 0 0 
1026 10 0 0 0 0 0 0 0 0 0 0 0 
1027 10 0 0 0 0 0 0 0 0 0 0 0 
1028 10 0 0 0 0 0 0 0 0 0 0 0 
1029 10 0 0 0 0 0 0 0 0 0 0 0 
1030 10 0 0 0 0 0 0 0 0 0 0 0 
1031 10 0 0 0 0 0 0 0 0 0 0 0 
1032 10 0 0 0 0 0 0 0 0 0 0 0 
1033 10 0 0 0 0 0 0 0 0 0 0 0 
1034 10 0 0 0 0 0 0 0 0 0 0 0 
1035 10 0 0 0 0 0 0 0 0 0 0 0 
1036 10 0 0 0 0 0 0 0 0 0 0 0 
1037 10 0 0 0 0 0 0 0 0 0 0 0 
1038 10 0 0 0 0 0 0 0 0 0 0 0 
1039 10 0 0 0 0 0 0 0 0 0 0 0 
1040 10 0 0 0 0 0 0 0 0 0 0 0 
1041 10 0 0 0 0 0 0 0 0 0 0 0 
1042 10 0 0 0 0 0 0 0 0 0 0 0 
1043 10 0 0 0 0 0 0 0 0 0 0 0 
1044 10 0 0 0 0 0 0 0 0 0 0 0 
1045 10 0 0 0 0 0 0 0 0 0 0 0 
1046 10 0 0 0 0 0 0 0 0 0 0 0 
1047 10 0 0 0 0 0 0 0 0 0 0 0 
1048 10 0 0 0 0 0 0 0 0 0 0 0 
1049 10 0 0 0 0 0 0 0 0 0 0 0 
1050 10 0 0 0 0 0 0 0 0 0 0 0 
1051 10 0 0 0 0 0 0 0 0 0 0 0 
1052 10 0 0 0 0 0 0 0 0 0 0 0 
1053 10 0 0 0 0 0 0 0 0 0 0 0 
1054 10 0 0 0 0 0 0 0 0 0 0 0 
1055 10 0 0 0 0 0 0 0 0 0 0 0 
1056 10 0 0 0 0 0 0 0 0 0 0 0 
1057 10 0 0 0 0 0 0 0 0 0 0 0 
1058 10 0 0 0 0 0 0 0 0 0 0 0 
1059 10 0 0 0 0 0 0 0 0 0 0 0 
1060 10 0 0 0 0 0 0 0 0 0 0 0 
1061 10 0 0 0 0 0 0 0 0 0 0 0 
1062 10 0 0 0 0 0 0 0 0 0 0 0 
1063 10 0 0 0 0 0 0 0 0 0 0 0 
1064 10 0 0 0 0 0 0 0 0 0 0 0 
1065 10 0 0 0 0 0 0 0 0 0 0 0 
1066 10 0 0 0 0 0 0 0 0 0 0 0 
1067 10 0 0 0 0 0 0 0 0 0 0 0 
1068 10 0 0 0 0 0 0 0 0 0 0 0 
1069 10 0 0 0 0 0 0 0 0 0 0 0 
1070 10 0 0 0 0 0 0 0 0 0 0 0 
1071 10 0 0 0 0 0 0 0 0 0 0 0 
1072 10 0 0 0 0 0 0 0 0 0 0 0 
1073 10 0 0 0 0 0 0 0 0 0 0 0 
1074 10 0 0 0 0 0 0 0 0 0 0 0 
1075 10 0 0 0 0 0 0 0 0 0 0 0 
1076 10 0 0 0 0 0 0 0 0 0 0 0 
1077 10 0 0 0 0 0 0 0 0 0 0 0 
1078 10 0 0 0 0 0 0 0 0 0 0 0 
1079 10 0 0 0 0 0 0 0 0 0 0 0 
1080 10 0 0 0 0 0 0 0 0 0 0 0 
1081 10 0 0 0 0 0 0 0 0 0 0 0 
1082 10 0 0 0 0 0 0 0 0 0 0 0 
1083 10 0 0 0 0 0 0 0 0 0 0 0 
1084 10 0 0 0 0 0 0 0 0 0 0 0 
1085 10 0 0 0 0 0 0 0 0 0 0 0 
1086 10 0 0 0 0 0 0 0 0 0 0 0 
1087 10 0 0 0 0 0 0 0 0 0 0 0 
1088 10 0 0 0 0 0 0 0 0 0 0 0 
1089 10 0 0 0 0 0 0 0 0 0 0 0 
1090 10 0 0 0 0 0 0 0 0 0 0 0 
1091 10 0 0 0 0 0 0 0 0 0 0 0 
1092 10 0 0 0 0 0 0 0 0 0 0 0 
1093 10 0 0 0 0 0 0 0 0 0 0 0 
1094 10 0 0 0 0 0 0 0 0 0 0 0 
1095 10 0 0 0 0 0 0 0 0 0 0 0 
1096 10 0 0 0 0 0 0 0 0 0 0 0 
1097 10 0 0 0 0 0 0 0 0 0 0 0 
1098 10 0 0 0 0 0 0 0 0 0 0 0 
1099 10 0 0 0 0 0 0 0 0 0 0 0 
1100 10 0 0 0 0 0 0 0 0 0 0 0 
1101 10 0 0 0 0 0 0 0 0 0 0 0 
1102 10 0 0 0 0 0 0 0 0 0 0 0 
1103 10 0 0 0 0 0 0 0 0 0 0 0 
1104 10 0 0 0 0 0 0 0 0 0 0 0 
1105 10 0 0 0 0 0 0 0 0 0 0 0 
1106 10 0 0 0 0 0 0 0 0 0 0 0 
1107 10 0 0 0 0 0 0 0 0 0 0 0 
1108 10 0 0 0 0 0 0 0 0 0 0 0 
1109 10 0 0 0 0 0 0 0 0 0 0 0 
1110 10 0 0 0 0 0 0 0 0 0 0 0 
1111 10 0 0 0 0 0 0 0 0 0 0 0 
1112 10 0 0 0 0 0 0 0 0 0 0 0 
1113 10 0 0 0 0 0 0 0 0 0 0 0 
1114 10 0 0 0 0 0 0 0 0 0 0 0 
1115 10 0 0 0 0 0 0 0 0 0 0 0 
1116 10 0 0 0 0 0 0 0 0 0 0 0 
1117 10 0 0 0 0 0 0 0 0 0 0 0 
1118 10 0 0 0 0 0 0 0 0 0 0 0 
1119 10 0 0 0 0 0 0 0 0 0 0 0 
1120 10 0 0 0 0 0 0 0 0 0 0 0 
1121 10 0 0 0 0 0 0 0 0 0 0 0 
1122 10 0 0 0 0 0 0 0 0 0 0 0 
1123 10 0 0 0 0 0 0 0 0 0 0 0 
1124 10 0 0 0 0 0 0 0 0 0 0 0 
1125 10 0 0 0 0 0 0 0 0 0 0 0 
1126 10 0 0 0 0 0 0 0 0 0 0 0 
1127 10 0 0 0 0 0 0 0 0 0 0 0 
1128 10 0 0 0 0 0 0 0 0 0 0 0 
1129 10 0 0 0 0 0 0 0 0 0 0 0 
1130 10 0 0 0 0 0 0 0 0 0 0 0 
1131 10 0 0 0 0 0 0 0 0 0 0 0 
1132 10 0 0 0 0 0 0 0 0 0 0 0 
1133 10 0 0 0 0 0 0 0 0 0 0 0 
1134 10 0 0 0 0 0 0 0 0 0 0 0 
1135 10 0 0 0 0 0 0 0 0 0 0 0 
1136 10 0 0 0 0 0 0 0 0 0 0 0 
1137 10 0 0 0 0 0 0 0 0 0 0 0 
1138 10 0 0 0 0 0 0 0 0 0 0 0 
1139 10 0 0 0 0 0 0 0 0 0 0 0 
1140 10 0 0 0 0 0 0 0 0 0 0 0 
1141 10 0 0 0 0 0 0 0 0 0 0 0 
1142 10 0 0 0 0 0 0 0 0 0 0 0 
1143 10 0 0 0 0 0 0 0 0 0 0 0 
1144 10 0 0 0 0 0 0 0 0 0 0 0 
1145 10 0 0 0 0 0 0 0 0 0 0 0 
1146 10 0 0 0 0 0 0 0 0 0 0 0 
1147 10 0 0 0 0 0 0 0 0 0 0 0 
1148 10 0 0 0 0 0 0 0 0 0 0 0 
1149 10 0 0 0 0 0 0 0 0 0 0 0 
1150 10 0 0 0 0 0 0 0 0 0 0 0 
1151 10 0 0 0 0 0 0 0 0 0 0 0 
1152 10 0 0 0 0 0 0 0 0 0 0 0 
1153 10 0 0 0 0 0 0 0 0 0 0 0 
1154 10 0 0 0 0 0 0 0 0 0 0 0 
1155 10 0 0 0 0 0 0 0 0 0 0 0 
1156 10 0 0 0 0 0 0 0 0 0 0 0 
1157 10 0 0 0 0 0 0 0 0 0 0 0 
1158 10 0 0 0 0 0 0 0 0 0 0 0 
1159 10 0 0 0 0 0 0 0 0 0 0 0 
1160 10 0 0 0 0 0 0 0 0 0 0 0 
1161 10 0 0 0 0 0 0 0 0 0 0 0 
1162 10 0 0 0 0 0 0 0 0 0 0 0 
1163 10 0 0 0 0 0 0 0 0 0 0 0 
1164 10 0 0 0 0 0 0 0 0 0 0 0 
1165 10 0 0 0 0 0 0 0 0 0 0 0 
1166 10 0 0 0 0 0 0 0 0 0 0 0 
1167 10 0 0 0 0 0 0 0 0 0 0 0 
1168 10 0 0 0 0 0 0 0 0 0 0 0 
1169 10 0 0 0 0 0 0 0 0 0 0 0 
1170 10 0 0 0 0 0 0 0 0 0 0 0 
1171 10 0 0 0 0 0 0 0 0 0 0 0 
1172 10 0 0 0 0 0 0 0 0 0 0 0 
1173 10 0 0 0 0 0 0 0 0 0 0 0 
1174 10 0 0 0 0 0 0 0 0 0 0 0 
1175 10 0 0 0 0 0 0 0 0 0 0 0 
1176 10 0 0 0 0 0 0 0 0 0 0 0 
1177 10 0 0 0 0 0 0 0 0 0 0 0 
1178 10 0 0 0 0 0 0 0 0 0 0 0 
1179 10 0 0 0 0 0 0 0 0 0 0 0 
1180 10 0 0 0 0 0 0 0 0 0 0 0 
1181 10 0 0 0 0 0 0 0 0 0 0 0 
1182 10 0 0 0 0 0 0 0 0 0 0 0 
1183 10 0 0 0 0 0 0 0 0 0 0 0 
1184 10 0 0 0 0 0 0 0 0 0 0 0 
1185 10 0 0 0 0 0 0 0 0 0 0 0 
1186 10 0 0 0 0 0 0 0 0 0 0 0 
1187 10 0 0 0 0 0 0 0 0 0 0 0 
1188 10 0 0 0 0 0 0 0 0 0 0 0 
1189 10 0 0 0 0 0 0 0 0 0 0 0 
1190 10 0 0 0 0 0 0 0 0 0 0 0 
1191 10 0 0 0 0 0 0 0 0 0 0 0 
1192 10 0 0 0 0 0 0 0 0 0 0 0 
1193 10 0 0 0 0 0 0 0 0 0 0 0 
1194 10 0 0 0 0 0 0 0 0 0 0 0 
1195 10 0 0 0 0 0 0 0 0 0 0 0 
1196 10 0 0 0 0 0 0 0 0 0 0 0 
1197 10 0 0 0 0 0 0 0 0 0 0 0 
1198 10 0 0 0 0 0 0 0 0 0 0 0 
1199 10 0 0 0 0 0 0 0 0 0 0 0 
1200 10 0 0 0 0 0 0 0 0 0 0 0 
1201 10 0 0 0 0 0 0 0 0 0 0 0 
1202 10 0 0 0 0 0 0 0 0 0 0 0 
1203 10 0 0 0 0 0 0 0 0 0 0 0 
1204 10 0 0 0 0 0 0 0 0 0 0 0 
1205 10 0 0 0 0 0 0 0 0 0 0 0 
1206 10 0 0 0 0 0 0 0 0 0 0 0 
1207 10 0 0 0 0 0 0 0 0 0 0 0 
1208 10 0 0 0 0 0 0 0 0 0 0 0 
1209 10 0 0 0 0 0 0 0 0 0 0 0 
1210 10 0 0 0 0 0 0 0 0 0 0 0 
1211 10 0 0 0 0 0 0 0 0 0 0 0 
1212 10 0 0 0 0 0 0 0 0 0 0 0 
1213 10 0 0 0 0 0 0 0 0 0 0 0 
1214 10 0 0 0 0 0 0 0 0 0 0 0 
1215 10 0 0 0 0 0 0 0 0 0 0 0 
1216 10 0 0 0 0 0 0 0 0 0 0 0 
1217 10 0 0 0 0 0 0 0 0 0 0 0 
1218 10 0 0 0 0 0 0 0 0 0 0 0 
1219 10 0 0 0 0 0 0 0 0 0 0 0 
1220 10 0 0 0 0 0 0 0 0 0 0 0 
1221 10 0 0 0 0 0 0 0 0 0 0 0 
1222 10 0 0 0 0 0 0 0 0 0 0 0 
1223 10 0 0 0 0 0 0 0 0 0 0 0 
1224 10 0 0 0 0 0 0 0 0 0 0 0 
1225 10 0 0 0 0 0 0 0 0 0 0 0 
1226 10 0 0 0 0 0 0 0 0 0 0 0 
1227 10 0 0 0 0 0 0 0 0 0 0 0 
1228 10 0 0 0 0 0 0 0 0 0 0 0 
1229 10 0 0 0 0 0 0 0 0 0 0 0 
1230 10 0 0 0 0 0 0 0 0 0 0 0 
1231 10 0 0 0 0 0 0 0 0 0 0 0 
1232 10 0 0 0 0 0 0 0 0 0 0 0 
1233 10 0 0 0 0 0 0 0 0 0 0 0 
1234 10 0 0 0 0 0 0 0 0 0 0 0 
1235 10 0 0 0 0 0 0 0 0 0 0 0 
1236 10 0 0 0 0 0 0 0 0 0 0 0 
1237 10 0 0 0 0 0 0 0 0 0 0 0 
1238 10 0 0 0 0 0 0 0 0 0 0 0 
1239 10 0 0 0 0 0 0 0 0 0 0 0 
1240 10 0 0 0 0 0 0 0 0 0 0 0 
1241 10 0 0 0 0 0 0 0 0 0 0 0 
1242 10 0 0 0 0 0 0 0 0 0 0 0 
1243 10 0 0 0 0 0 0 0 0 0 0 0 
1244 10 0 0 0 0 0 0 0 0 0 0 0 
1245 10 0 0 0 0 0 0 0 0 0 0 0 
1246 10 0 0 0 0 0 0 0 0 0 0 0 
1247 10 0 0 0 0 0 0 0 0 0 0 0 
1248 10 0 0 0 0 0 0 0 0 0 0 0 
1249 10 0 0 0 0 0 0 0 0 0 0 0 
1250 10 0 0 0 0 0 0 0 0 0 0 0 
1251 10 0 0 0 0 0 0 0 0 0 0 0 
1252 10 0 0 0 0 0 0 0 0 0 0 0 
1253 10 0 0 0 0 0 0 0 0 0 0 0 
1254 10 0 0 0 0 0 0 0 0 0 0 0 
1255 10 0 0 0 0 0 0 0 0 0 0 0 
1256 10 0 0 0 0 0 0 0 0 0 0 0 
1257 10 0 0 0 0 0 0 0 0 0 0 0 
1258 10 0 0 0 0 0 0 0 0 0 0 0 
1259 10 0 0 0 0 0 0 0 0 0 0 0 
1260 10 0 0 0 0 0 0 0 0 0 0 0 
1261 10 0 0 0 0 0 0 0 0 0 0 0 
1262 10 0 0 0 0 0 0 0 0 0 0 0 
1263 10 0 0 0 0 0 0 0 0 0 0 0 
1264 10 0 0 0 0 0 0 0 0 0 0 0 
1265 10 0 0 0 0 0 0 0 0 0 0 0 
1266 10 0 0 0 0 0 0 0 0 0 0 0 
1267 10 0 0 0 0 0 0 0 0 0 0 0 
1268 10 0 0 0 0 0 0 0 0 0 0 0 
1269 10 0 0 0 0 0 0 0 0 0 0 0 
1270 10 0 0 0 0 0 0 0 0 0 0 0 
1271 10 0 0 0 0 0 0 0 0 0 0 0 
1272 10 0 0 0 0 0 0 0 0 0 0 0 
1273 10 0 0 0 0 0 0 0 0 0 0 0 
1274 10 0 0 0 0 0 0 0 0 0 0 0 
1275 10 0 0 0 0 0 0 0 0 0 0 0 
1276 10 0 0 0 0 0 0 0 0 0 0 0 
1277 10 0 0 0 0 0 0 0 0 0 0 0 
1278 10 0 0 0 0 0 0 0 0 0 0 0 
1279 10 0 0 0 0 0 0 0 0 0 0 0 
1280 10 0 0 0 0 0 0 0 0 0 0 0 
1281 10 0 0 0 0 0 0 0 0 0 0 0 
1282 10 0 0 0 0 0 0 0 0 0 0 0 
1283 10 0 0 0 0 0 0 0 0 0 0 0 
1284 10 0 0 0 0 0 0 0 0 0 0 0 
1285 10 0 0 0 0 0 0 0 0 0 0 0 
1286 10 0 0 0 0 0 0 0 0 0 0 0 
1287 10 0 0 0 0 0 0 0 0 0 0 0 
1288 10 0 0 0 0 0 0 0 0 0 0 0 
1289 10 0 0 0 0 0 0 0 0 0 0 0 
1290 10 0 0 0 0 0 0 0 0 0 0 0 
1291 10 0 0 0 0 0 0 0 0 0 0 0 
1292 10 0 0 0 0 0 0 0 0 0 0 0 
1293 10 0 0 0 0 0 0 0 0 0 0 0 
1294 10 0 0 0 0 0 0 0 0 0 0 0 
1295 10 0 0 0 0 0 0 0 0 0 0 0 
1296 10 0 0 0 0 0 0 0 0 0 0 0 
1297 10 0 0 0 0 0 0 0 0 0 0 0 
1298 10 0 0 0 0 0 0 0 0 0 0 0 
1299 10 0 0 0 0 0 0 0 0 0 0 0 
1300 10 0 0 0 0 0 0 0 0 0 0 0 
1301 10 0 0 0 0 0 0 0 0 0 0 0 
1302 10 0 0 0 0 0 0 0 0 0 0 0 
1303 10 0 0 0 0 0 0 0 0 0 0 0 
1304 10 0 0 0 0 0 0 0 0 0 0 0 
1305 10 0 0 0 0 0 0 0 0 0 0 0 
1306 10 0 0 0 0 0 0 0 0 0 0 0 
1307 10 0 0 0 0 0 0 0 0 0 0 0 
1308 10 0 0 0 0 0 0 0 0 0 0 0 
1309 10 0 0 0 0 0 0 0 0 0 0 0 
1310 10 0 0 0 0 0 0 0 0 0 0 0 
1311 10 0 0 0 0 0 0 0 0 0 0 0 
1312 10 0 0 0 0 0 0 0 0 0 0 0 
1313 10 0 0 0 0 0 0 0 0 0 0 0 
1314 10 0 0 0 0 0 0 0 0 0 0 0 
1315 10 0 0 0 0 0 0 0 0 0 0 0 
1316 10 0 0 0 0 0 0 0 0 0 0 0 
1317 10 0 0 0 0 0 0 0 0 0 0 0 
1318 10 0 0 0 0 0 0 0 0 0 0 0 
1319 10 0 0 0 0 0 0 0 0 0 0 0 
1320 10 0 0 0 0 0 0 0 0 0 0 0 
1321 10 0 0 0 0 0 0 0 0 0 0 0 
1322 10 0 0 0 0 0 0 0 0 0 0 0 
1323 10 0 0 0 0 0 0 0 0 0 0 0 
1324 10 0 0 0 0 0 0 0 0 0 0 0 
1325 10 0 0 0 0 0 0 0 0 0 0 0 
1326 10 0 0 0 0 0 0 0 0 0 0 0 
1327 10 0 0 0 0 0 0 0 0 0 0 0 
1328 10 0 0 0 0 0 0 0 0 0 0 0 
1329 10 0 0 0 0 0 0 0 0 0 0 0 
1330 10 0 0 0 0 0 0 0 0 0 0 0 
1331 10 0 0 0 0 0 0 0 0 0 0 0 
1332 10 0 0 0 0 0 0 0 0 0 0 0 
1333 10 0 0 0 0 0 0 0 0 0 0 0 
1334 10 0 0 0 0 0 0 0 0 0 0 0 
1335 10 0 0 0 0 0 0 0 0 0 0 0 
1336 10 0 0 0 0 0 0 0 0 0 0 0 
1337 10 0 0 0 0 0 0 0 0 0 0 0 
1338 10 0 0 0 0 0 0 0 0 0 0 0 
1339 10 0 0 0 0 0 0 0 0 0 0 0 
1340 10 0 0 0 0 0 0 0 0 0 0 0 
1341 10 0 0 0 0 0 0 0 0 0 0 0 
1342 10 0 0 0 0 0 0 0 0 0 0 0 
1343 10 0 0 0 0 0 0 0 0 0 0 0 
1344 10 0 0 0 0 0 0 0 0 0 0 0 
1345 10 0 0 0 0 0 0 0 0 0 0 0 
1346 10 0 0 0 0 0 0 0 0 0 0 0 
1347 10 0 0 0 0 0 0 0 0 0 0 0 
1348 10 0 0 0 0 0 0 0 0 0 0 0 
1349 10 0 0 0 0 0 0 0 0 0 0 0 
1350 10 0 0 0 0 0 0 0 0 0 0 0 
1351 10 0 0 0 0 0 0 0 0 0 0 0 
1352 10 0 0 0 0 0 0 0 0 0 0 0 
1353 10 0 0 0 0 0 0 0 0 0 0 0 
1354 10 0 0 0 0 0 0 0 0 0 0 0 
1355 10 0 0 0 0 0 0 0 0 0 0 0 
1356 10 0 0 0 0 0 0 0 0 0 0 0 
1357 10 0 0 0 0 0 0 0 0 0 0 0 
1358 10 0 0 0 0 0 0 0 0 0 0 0 
1359 10 0 0 0 0 0 0 0 0 0 0 0 
1360 10 0 0 0 0 0 0 0 0 0 0 0 
1361 10 0 0 0 0 0 0 0 0 0 0 0 
1362 10 0 0 0 0 0 0 0 0 0 0 0 
1363 10 0 0 0 0 0 0 0 0 0 0 0 
1364 10 0 0 0 0 0 0 0 0 0 0 0 
1365 10 0 0 0 0 0 0 0 0 0 0 0 
1366 10 0 0 0 0 0 0 0 0 0 0 0 
1367 10 0 0 0 0 0 0 0 0 0 0 0 
1368 10 0 0 0 0 0 0 0 0 0 0 0 
1369 10 0 0 0 0 0 0 0 0 0 0 0 
1370 10 0 0 0 0 0 0 0 0 0 0 0 
1371 10 0 0 0 0 0 0 0 0 0 0 0 
1372 10 0 0 0 0 0 0 0 0 0 0 0 
1373 10 0 0 0 0 0 0 0 0 0 0 0 
1374 10 0 0 0 0 0 0 0 0 0 0 0 
1375 10 0 0 0 0 0 0 0 0 0 0 0 
1376 10 0 0 0 0 0 0 0 0 0 0 0 
1377 10 0 0 0 0 0 0 0 0 0 0 0 
1378 10 0 0 0 0 0 0 0 0 0 0 0 
1379 10 0 0 0 0 0 0 0 0 0 0 0 
1380 10 0 0 0 0 0 0 0 0 0 0 0 
1381 10 0 0 0 0 0 0 0 0 0 0 0 
1382 10 0 0 0 0 0 0 0 0 0 0 0 
1383 10 0 0 0 0 0 0 0 0 0 0 0 
1384 10 0 0 0 0 0 0 0 0 0 0 0 
1385 10 0 0 0 0 0 0 0 0 0 0 0 
1386 10 0 0 0 0 0 0 0 0 0 0 0 
1387 10 0 0 0 0 0 0 0 0 0 0 0 
1388 10 0 0 0 0 0 0 0 0 0 0 0 
1389 10 0 0 0 0 0 0 0 0 0 0 0 
1390 10 0 0 0 0 0 0 0 0 0 0 0 
1391 10 0 0 0 0 0 0 0 0 0 0 0 
1392 10 0 0 0 0 0 0 0 0 0 0 0 
1393 10 0 0 0 0 0 0 0 0 0 0 0 
1394 10 0 0 0 0 0 0 0 0 0 0 0 
1395 10 0 0 0 0 0 0 0 0 0 0 0 
1396 10 0 0 0 0 0 0 0 0 0 0 0 
1397 10 0 0 0 0 0 0 0 0 0 0 0 
1398 10 0 0 0 0 0 0 0 0 0 0 0 
1399 10 0 0 0 0 0 0 0 0 0 0 0 
1400 10 0 0 0 0 0 0 0 0 0 0 0 
1401 10 0 0 0 0 0 0 0 0 0 0 0 
1402 10 0 0 0 0 0 0 0 0 0 0 0 
1403 10 0 0 0 0 0 0 0 0 0 0 0 
1404 10 0 0 0 0 0 0 0 0 0 0 0 
1405 10 0 0 0 0 0 0 0 0 0 0 0 
1406 10 0 0 0 0 0 0 0 0 0 0 0 
1407 10 0 0 0 0 0 0 0 0 0 0 0 
1408 10 0 0 0 0 0 0 0 0 0 0 0 
1409 10 0 0 0 0 0 0 0 0 0 0 0 
1410 10 0 0 0 0 0 0 0 0 0 0 0 
1411 10 0 0 0 0 0 0 0 0 0 0 0 
1412 10 0 0 0 0 0 0 0 0 0 0 0 
1413 10 0 0 0 0 0 0 0 0 0 0 0 
1414 10 0 0 0 0 0 0 0 0 0 0 0 
1415 10 0 0 0 0 0 0 0 0 0 0 0 
1416 10 0 0 0 0 0 0 0 0 0 0 0 
1417 10 0 0 0 0 0 0 0 0 0 0 0 
1418 10 0 0 0 0 0 0 0 0 0 0 0 
1419 10 0 0 0 0 0 0 0 0 0 0 0 
1420 10 0 0 0 0 0 0 0 0 0 0 0 
1421 10 0 0 0 0 0 0 0 0 0 0 0 
1422 10 0 0 0 0 0 0 0 0 0 0 0 
1423 10 0 0 0 0 0 0 0 0 0 0 0 
1424 10 0 0 0 0 0 0 0 0 0 0 0 
1425 10 0 0 0 0 0 0 0 0 0 0 0 
1426 10 0 0 0 0 0 0 0 0 0 0 0 
1427 10 0 0 0 0 0 0 0 0 0 0 0 
1428 10 0 0 0 0 0 0 0 0 0 0 0 
1429 10 0 0 0 0 0 0 0 0 0 0 0 
1430 10 0 0 0 0 0 0 0 0 0 0 0 
1431 10 0 0 0 0 0 0 0 0 0 0 0 
1432 10 0 0 0 0 0 0 0 0 0 0 0 
1433 10 0 0 0 0 0 0 0 0 0 0 0 
1434 10 0 0 0 0 0 0 0 0 0 0 0 
1435 10 0 0 0 0 0 0 0 0 0 0 0 
1436 10 0 0 0 0 0 0 0 0 0 0 0 
1437 10 0 0 0 0 0 0 0 0 0 0 0 
1438 10 0 0 0 0 0 0 0 0 0 0 0 
1439 10 0 0 0 0 0 0 0 0 0 0 0 
1440 10 0 0 0 0 0 0 0 0 0 0 0 
1441 10 0 0 0 0 0 0 0 0 0 0 0 
1442 10 0 0 0 0 0 0 0 0 0 0 0 
1443 10 0 0 0 0 0 0 0 0 0 0 0 
1444 10 0 0 0 0 0 0 0 0 0 0 0 
1445 10 0 0 0 0 0 0 0 0 0 0 0 
1446 10 0 0 0 0 0 0 0 0 0 0 0 
1447 10 0 0 0 0 0 0 0 0 0 0 0 
1448 10 0 0 0 0 0 0 0 0 0 0 0 
1449 10 0 0 0 0 0 0 0 0 0 0 0 
1450 10 0 0 0 0 0 0 0 0 0 0 0 
1451 10 0 0 0 0 0 0 0 0 0 0 0 
1452 10 0 0 0 0 0 0 0 0 0 0 0 
1453 10 0 0 0 0 0 0 0 0 0 0 0 
1454 10 0 0 0 0 0 0 0 0 0 0 0 
1455 10 0 0 0 0 0 0 0 0 0 0 0 
1456 10 0 0 0 0 0 0 0 0 0 0 0 
1457 10 0 0 0 0 0 0 0 0 0 0 0 
1458 10 0 0 0 0 0 0 0 0 0 0 0 
1459 10 0 0 0 0 0 0 0 0 0 0 0 
1460 10 0 0 0 0 0 0 0 0 0 0 0 
1461 10 0 0 0 0 0 0 0 0 0 0 0 
1462 10 0 0 0 0 0 0 0 0 0 0 0 
1463 10 0 0 0 0 0 0 0 0 0 0 0 
1464 10 0 0 0 0 0 0 0 0 0 0 0 
1465 10 0 0 0 0 0 0 0 0 0 0 0 
1466 10 0 0 0 0 0 0 0 0 0 0 0 
1467 10 0 0 0 0 0 0 0 0 0 0 0 
1468 10 0 0 0 0 0 0 0 0 0 0 0 
1469 10 0 0 0 0 0 0 0 0 0 0 0 
1470 10 0 0 0 0 0 0 0 0 0 0 0 
1471 10 0 0 0 0 0 0 0 0 0 0 0 
1472 10 0 0 0 0 0 0 0 0 0 0 0 
1473 10 0 0 0 0 0 0 0 0 0 0 0 
1474 10 0 0 0 0 0 0 0 0 0 0 0 
1475 10 0 0 0 0 0 0 0 0 0 0 0 
1476 10 0 0 0 0 0 0 0 0 0 0 0 
1477 10 0 0 0 0 0 0 0 0 0 0 0 
1478 10 0 0 0 0 0 0 0 0 0 0 0 
1479 10 0 0 0 0 0 0 0 0 0 0 0 
1480 10 0 0 0 0 0 0 0 0 0 0 0 
1481 10 0 0 0 0 0 0 0 0 0 0 0 
1482 10 0 0 0 0 0 0 0 0 0 0 0 
1483 10 0 0 0 0 0 0 0 0 0 0 0 
1484 10 0 0 0 0 0 0 0 0 0 0 0 
1485 10 0 0 0 0 0 0 0 0 0 0 0 
1486 10 0 0 0 0 0 0 0 0 0 0 0 
1487 10 0 0 0 0 0 0 0 0 0 0 0 
1488 10 0 0 0 0 0 0 0 0 0 0 0 
1489 10 0 0 0 0 0 0 0 0 0 0 0 
1490 10 0 0 0 0 0 0 0 0 0 0 0 
1491 10 0 0 0 0 0 0 0 0 0 0 0 
1492 10 0 0 0 0 0 0 0 0 0 0 0 
1493 10 0 0 0 0 0 0 0 0 0 0 0 
1494 10 0 0 0 0 0 0 0 0 0 0 0 
1495 10 0 0 0 0 0 0 0 0 0 0 0 
1496 10 0 0 0 0 0 0 0 0 0 0 0 
1497 10 0 0 0 0 0 0 0 0 0 0 0 
1498 10 0 0 0 0 0 0 0 0 0 0 0 
1499 10 0 0 0 0 0 0 0 0 0 0 0 
1500 10 0 0 0 0 0 0 0 0 0 0 0 
1501 10 0 0 0 0 0 0 0 0 0 0 0 
1502 10 0 0 0 0 0 0 0 0 0 0 0 
1503 10 0 0 0 0 0 0 0 0 0 0 0 
1504 10 0 0 0 0 0 0 0 0 0 0 0 
1505 10 0 0 0 0 0 0 0 0 0 0 0 
1506 10 0 0 0 0 0 0 0 0 0 0 0 
1507 10 0 0 0 0 0 0 0 0 0 0 0 
1508 10 0 0 0 0 0 0 0 0 0 0 0 
1509 10 0 0 0 0 0 0 0 0 0 0 0 
1510 10 0 0 0 0 0 0 0 0 0 0 0 
1511 10 0 0 0 0 0 0 0 0 0 0 0 
1512 10 0 0 0 0 0 0 0 0 0 0 0 
1513 10 0 0 0 0 0 0 0 0 0 0 0 
1514 10 0 0 0 0 0 0 0 0 0 0 0 
1515 10 0 0 0 0 0 0 0 0 0 0 0 
1516 10 0 0 0 0 0 0 0 0 0 0 0 
1517 10 0 0 0 0 0 0 0 0 0 0 0 
1518 10 0 0 0 0 0 0 0 0 0 0 0 
1519 10 0 0 0 0 0 0 0 0 0 0 0 
1520 10 0 0 0 0 0 0 0 0 0 0 0 
1521 10 0 0 0 0 0 0 0 0 0 0 0 
1522 10 0 0 0 0 0 0 0 0 0 0 0 
1523 10 0 0 0 0 0 0 0 0 0 0 0 
1524 10 0 0 0 0 0 0 0 0 0 0 0 
1525 10 0 0 0 0 0 0 0 0 0 0 0 
1526 10 0 0 0 0 0 0 0 0 0 0 0 
1527 10 0 0 0 0 0 0 0 0 0 0 0 
1528 10 0 0 0 0 0 0 0 0 0 0 0 
1529 10 0 0 0 0 0 0 0 0 0 0 0 
1530 10 0 0 0 0 0 0 0 0 0 0 0 
1531 10 0 0 0 0 0 0 0 0 0 0 0 
1532 10 0 0 0 0 0 0 0 0 0 0 0 
1533 10 0 0 0 0 0 0 0 0 0 0 0 
1534 10 0 0 0 0 0 0 0 0 0 0 0 
1535 10 0 0 0 0 0 0 0 0 0 0 0 
1536 10 0 0 0 0 0 0 0 0 0 0 0 
1537 10 0 0 0 0 0 0 0 0 0 0 0 
1538 10 0 0 0 0 0 0 0 0 0 0 0 
1539 10 0 0 0 0 0 0 0 0 0 0 0 
1540 10 0 0 0 0 0 0 0 0 0 0 0 
1541 10 0 0 0 0 0 0 0 0 0 0 0 
1542 10 0 0 0 0 0 0 0 0 0 0 0 
1543 10 0 0 0 0 0 0 0 0 0 0 0 
1544 10 0 0 0 0 0 0 0 0 0 0 0 
1545 10 0 0 0 0 0 0 0 0 0 0 0 
1546 10 0 0 0 0 0 0 0 0 0 0 0 
1547 10 0 0 0 0 0 0 0 0 0 0 0 
1548 10 0 0 0 0 0 0 0 0 0 0 0 
1549 10 0 0 0 0 0 0 0 0 0 0 0 
1550 10 0 0 0 0 0 0 0 0 0 0 0 
1551 10 0 0 0 0 0 0 0 0 0 0 0 
1552 10 0 0 0 0 0 0 0 0 0 0 0 
1553 10 0 0 0 0 0 0 0 0 0 0 0 
1554 10 0 0 0 0 0 0 0 0 0 0 0 
1555 10 0 0 0 0 0 0 0 0 0 0 0 
1556 10 0 0 0 0 0 0 0 0 0 0 0 
1557 10 0 0 0 0 0 0 0 0 0 0 0 
1558 10 0 0 0 0 0 0 0 0 0 0 0 
1559 10 0 0 0 0 0 0 0 0 0 0 0 
1560 10 0 0 0 0 0 0 0 0 0 0 0 
1561 10 0 0 0 0 0 0 0 0 0 0 0 
1562 10 0 0 0 0 0 0 0 0 0 0 0 
1563 10 0 0 0 0 0 0 0 0 0 0 0 
1564 10 0 0 0 0 0 0 0 0 0 0 0 
1565 10 0 0 0 0 0 0 0 0 0 0 0 
1566 10 0 0 0 0 0 0 0 0 0 0 0 
1567 10 0 0 0 0 0 0 0 0 0 0 0 
1568 10 0 0 0 0 0 0 0 0 0 0 0 
1569 10 0 0 0 0 0 0 0 0 0 0 0 
1570 10 0 0 0 0 0 0 0 0 0 0 0 
1571 10 0 0 0 0 0 0 0 0 0 0 0 
1572 10 0 0 0 0 0 0 0 0 0 0 0 
1573 10 0 0 0 0 0 0 0 0 0 0 0 
1574 10 0 0 0 0 0 0 0 0 0 0 0 
1575 10 0 0 0 0 0 0 0 0 0 0 0 
1576 10 0 0 0 0 0 0 0 0 0 0 0 
1577 10 0 0 0 0 0 0 0 0 0 0 0 
1578 10 0 0 0 0 0 0 0 0 0 0 0 
1579 10 0 0 0 0 0 0 0 0 0 0 0 
1580 10 0 0 0 0 0 0 0 0 0 0 0 
1581 10 0 0 0 0 0 0 0 0 0 0 0 
1582 10 0 0 0 0 0 0 0 0 0 0 0 
1583 10 0 0 0 0 0 0 0 0 0 0 0 
1584 10 0 0 0 0 0 0 0 0 0 0 0 
1585 10 0 0 0 0 0 0 0 0 0 0 0 
1586 10 0 0 0 0 0 0 0 0 0 0 0 
1587 10 0 0 0 0 0 0 0 0 0 0 0 
1588 10 0 0 0 0 0 0 0 0 0 0 0 
1589 10 0 0 0 0 0 0 0 0 0 0 0 
1590 10 0 0 0 0 0 0 0 0 0 0 0 
1591 10 0 0 0 0 0 0 0 0 0 0 0 
1592 10 0 0 0 0 0 0 0 0 0 0 0 
1593 10 0 0 0 0 0 0 0 0 0 0 0 
1594 10 0 0 0 0 0 0 0 0 0 0 0 
1595 10 0 0 0 0 0 0 0 0 0 0 0 
1596 10 0 0 0 0 0 0 0 0 0 0 0 
1597 10 0 0 0 0 0 0 0 0 0 0 0 
1598 10 0 0 0 0 0 0 0 0 0 0 0 
1599 10 0 0 0 0 0 0 0 0 0 0 0 
1600 10 0 0 0 0 0 0 0 0 0 0 0 
1601 10 0 0 0 0 0 0 0 0 0 0 0 
1602 10 0 0 0 0 0 0 0 0 0 0 0 
1603 10 0 0 0 0 0 0 0 0 0 0 0 
1604 10 0 0 0 0 0 0 0 0 0 0 0 
1605 10 0 0 0 0 0 0 0 0 0 0 0 
1606 10 0 0 0 0 0 0 0 0 0 0 0 
1607 10 0 0 0 0 0 0 0 0 0 0 0 
1608 10 0 0 0 0 0 0 0 0 0 0 0 
1609 10 0 0 0 0 0 0 0 0 0 0 0 
1610 10 0 0 0 0 0 0 0 0 0 0 0 
1611 10 0 0 0 0 0 0 0 0 0 0 0 
1612 10 0 0 0 0 0 0 0 0 0 0 0 
1613 10 0 0 0 0 0 0 0 0 0 0 0 
1614 10 0 0 0 0 0 0 0 0 0 0 0 
1615 10 0 0 0 0 0 0 0 0 0 0 0 
1616 10 0 0 0 0 0 0 0 0 0 0 0 
1617 10 0 0 0 0 0 0 0 0 0 0 0 
1618 10 0 0 0 0 0 0 0 0 0 0 0 
1619 10 0 0 0 0 0 0 0 0 0 0 0 
1620 10 0 0 0 0 0 0 0 0 0 0 0 
1621 10 0 0 0 0 0 0 0 0 0 0 0 
1622 10 0 0 0 0 0 0 0 0 0 0 0 
1623 10 0 0 0 0 0 0 0 0 0 0 0 
1624 10 0 0 0 0 0 0 0 0 0 0 0 
1625 10 0 0 0 0 0 0 0 0 0 0 0 
1626 10 0 0 0 0 0 0 0 0 0 0 0 
1627 10 0 0 0 0 0 0 0 0 0 0 0 
1628 10 0 0 0 0 0 0 0 0 0 0 0 
1629 10 0 0 0 0 0 0 0 0 0 0 0 
1630 10 0 0 0 0 0 0 0 0 0 0 0 
1631 10 0 0 0 0 0 0 0 0 0 0 0 
1632 10 0 0 0 0 0 0 0 0 0 0 0 
1633 10 0 0 0 0 0 0 0 0 0 0 0 
1634 10 0 0 0 0 0 0 0 0 0 0 0 
1635 10 0 0 0 0 0 0 0 0 0 0 0 
1636 10 0 0 0 0 0 0 0 0 0 0 0 
1637 10 0 0 0 0 0 0 0 0 0 0 0 
1638 10 0 0 0 0 0 0 0 0 0 0 0 
1639 10 0 0 0 0 0 0 0 0 0 0 0 
1640 10 0 0 0 0 0 0 0 0 0 0 0 
1641 10 0 0 0 0 0 0 0 0 0 0 0 
1642 10 0 0 0 0 0 0 0 0 0 0 0 
1643 10 0 0 0 0 0 0 0 0 0 0 0 
1644 10 0 0 0 0 0 0 0 0 0 0 0 
1645 10 0 0 0 0 0 0 0 0 0 0 0 
1646 10 0 0 0 0 0 0 0 0 0 0 0 
1647 10 0 0 0 0 0 0 0 0 0 0 0 
1648 10 0 0 0 0 0 0 0 0 0 0 0 
1649 10 0 0 0 0 0 0 0 0 0 0 0 
1650 10 0 0 0 0 0 0 0 0 0 0 0 
1651 10 0 0 0 0 0 0 0 0 0 0 0 
1652 10 0 0 0 0 0 0 0 0 0 0 0 
1653 10 0 0 0 0 0 0 0 0 0 0 0 
1654 10 0 0 0 0 0 0 0 0 0 0 0 
1655 10 0 0 0 0 0 0 0 0 0 0 0 
1656 10 0 0 0 0 0 0 0 0 0 0 0 
1657 10 0 0 0 0 0 0 0 0 0 0 0 
1658 10 0 0 0 0 0 0 0 0 0 0 0 
1659 10 0 0 0 0 0 0 0 0 0 0 0 
1660 10 0 0 0 0 0 0 0 0 0 0 0 
1661 10 0 0 0 0 0 0 0 0 0 0 0 
1662 10 0 0 0 0 0 0 0 0 0 0 0 
1663 10 0 0 0 0 0 0 0 0 0 0 0 
1664 10 0 0 0 0 0 0 0 0 0 0 0 
1665 10 0 0 0 0 0 0 0 0 0 0 0 
1666 10 0 0 0 0 0 0 0 0 0 0 0 
1667 10 0 0 0 0 0 0 0 0 0 0 0 
1668 10 0 0 0 0 0 0 0 0 0 0 0 
1669 10 0 0 0 0 0 0 0 0 0 0 0 
1670 10 0 0 0 0 0 0 0 0 0 0 0 
1671 10 0 0 0 0 0 0 0 0 0 0 0 
1672 10 0 0 0 0 0 0 0 0 0 0 0 
1673 10 0 0 0 0 0 0 0 0 0 0 0 
1674 10 0 0 0 0 0 0 0 0 0 0 0 
1675 10 0 0 0 0 0 0 0 0 0 0 0 
1676 10 0 0 0 0 0 0 0 0 0 0 0 
1677 10 0 0 0 0 0 0 0 0 0 0 0 
1678 10 0 0 0 0 0 0 0 0 0 0 0 
1679 10 0 0 0 0 0 0 0 0 0 0 0 
1680 10 0 0 0 0 0 0 0 0 0 0 0 
1681 10 0 0 0 0 0 0 0 0 0 0 0 
1682 10 0 0 0 0 0 0 0 0 0 0 0 
1683 10 0 0 0 0 0 0 0 0 0 0 0 
1684 10 0 0 0 0 0 0 0 0 0 0 0 
1685 10 0 0 0 0 0 0 0 0 0 0 0 
1686 10 0 0 0 0 0 0 0 0 0 0 0 
1687 10 0 0 0 0 0 0 0 0 0 0 0 
1688 10 0 0 0 0 0 0 0 0 0 0 0 
1689 10 0 0 0 0 0 0 0 0 0 0 0 
1690 10 0 0 0 0 0 0 0 0 0 0 0 
1691 10 0 0 0 0 0 0 0 0 0 0 0 
1692 10 0 0 0 0 0 0 0 0 0 0 0 
1693 10 0 0 0 0 0 0 0 0 0 0 0 
1694 10 0 0 0 0 0 0 0 0 0 0 0 
1695 10 0 0 0 0 0 0 0 0 0 0 0 
1696 10 0 0 0 0 0 0 0 0 0 0 0 
1697 10 0 0 0 0 0 0 0 0 0 0 0 
1698 10 0 0 0 0 0 0 0 0 0 0 0 
1699 10 0 0 0 0 0 0 0 0 0 0 0 
1700 10 0 0 0 0 0 0 0 0 0 0 0 
1701 10 0 0 0 0 0 0 0 0 0 0 0 
1702 10 0 0 0 0 0 0 0 0 0 0 0 
1703 10 0 0 0 0 0 0 0 0 0 0 0 
1704 10 0 0 0 0 0 0 0 0 0 0 0 
1705 10 0 0 0 0 0 0 0 0 0 0 0 
1706 10 0 0 0 0 0 0 0 0 0 0 0 
1707 10 0 0 0 0 0 0 0 0 0 0 0 
1708 10 0 0 0 0 0 0 0 0 0 0 0 
1709 10 0 0 0 0 0 0 0 0 0 0 0 
1710 10 0 0 0 0 0 0 0 0 0 0 0 
1711 10 0 0 0 0 0 0 0 0 0 0 0 
1712 10 0 0 0 0 0 0 0 0 0 0 0 
1713 10 0 0 0 0 0 0 0 0 0 0 0 
1714 10 0 0 0 0 0 0 0 0 0 0 0 
1715 10 0 0 0 0 0 0 0 0 0 0 0 
1716 10 0 0 0 0 0 0 0 0 0 0 0 
1717 10 0 0 0 0 0 0 0 0 0 0 0 
1718 10 0 0 0 0 0 0 0 0 0 0 0 
1719 10 0 0 0 0 0 0 0 0 0 0 0 
1720 10 0 0 0 0 0 0 0 0 0 0 0 
1721 10 0 0 0 0 0 0 0 0 0 0 0 
1722 10 0 0 0 0 0 0 0 0 0 0 0 
1723 10 0 0 0 0 0 0 0 0 0 0 0 
1724 10 0 0 0 0 0 0 0 0 0 0 0 
1725 10 0 0 0 0 0 0 0 0 0 0 0 
1726 10 0 0 0 0 0 0 0 0 0 0 0 
1727 10 0 0 0 0 0 0 0 0 0 0 0 
1728 10 0 0 0 0 0 0 0 0 0 0 0 
1729 10 0 0 0 0 0 0 0 0 0 0 0 
1730 10 0 0 0 0 0 0 0 0 0 0 0 
1731 10 0 0 0 0 0 0 0 0 0 0 0 
1732 10 0 0 0 0 0 0 0 0 0 0 0 
1733 10 0 0 0 0 0 0 0 0 0 0 0 
1734 10 0 0 0 0 0 0 0 0 0 0 0 
1735 10 0 0 0 0 0 0 0 0 0 0 0 
1736 10 0 0 0 0 0 0 0 0 0 0 0 
1737 10 0 0 0 0 0 0 0 0 0 0 0 
1738 10 0 0 0 0 0 0 0 0 0 0 0 
1739 10 0 0 0 0 0 0 0 0 0 0 0 
1740 10 0 0 0 0 0 0 0 0 0 0 0 
1741 10 0 0 0 0 0 0 0 0 0 0 0 
1742 10 0 0 0 0 0 0 0 0 0 0 0 
1743 10 0 0 0 0 0 0 0 0 0 0 0 
1744 10 0 0 0 0 0 0 0 0 0 0 0 
1745 10 0 0 0 0 0 0 0 0 0 0 0 
1746 10 0 0 0 0 0 0 0 0 0 0 0 
1747 10 0 0 0 0 0 0 0 0 0 0 0 
1748 10 0 0 0 0 0 0 0 0 0 0 0 
1749 10 0 0 0 0 0 0 0 0 0 0 0 
1750 10 0 0 0 0 0 0 0 0 0 0 0 
1751 10 0 0 0 0 0 0 0 0 0 0 0 
1752 10 0 0 0 0 0 0 0 0 0 0 0 
1753 10 0 0 0 0 0 0 0 0 0 0 0 
1754 10 0 0 0 0 0 0 0 0 0 0 0 
1755 10 0 0 0 0 0 0 0 0 0 0 0 
1756 10 0 0 0 0 0 0 0 0 0 0 0 
1757 10 0 0 0 0 0 0 0 0 0 0 0 
1758 10 0 0 0 0 0 0 0 0 0 0 0 
1759 10 0 0 0 0 0 0 0 0 0 0 0 
1760 10 0 0 0 0 0 0 0 0 0 0 0 
1761 10 0 0 0 0 0 0 0 0 0 0 0 
1762 10 0 0 0 0 0 0 0 0 0 0 0 
1763 10 0 0 0 0 0 0 0 0 0 0 0 
1764 10 0 0 0 0 0 0 0 0 0 0 0 
1765 10 0 0 0 0 0 0 0 0 0 0 0 
1766 10 0 0 0 0 0 0 0 0 0 0 0 
1767 10 0 0 0 0 0 0 0 0 0 0 0 
1768 10 0 0 0 0 0 0 0 0 0 0 0 
1769 10 0 0 0 0 0 0 0 0 0 0 0 
1770 10 0 0 0 0 0 0 0 0 0 0 0 
1771 10 0 0 0 0 0 0 0 0 0 0 0 
1772 10 0 0 0 0 0 0 0 0 0 0 0 
1773 10 0 0 0 0 0 0 0 0 0 0 0 
1774 10 0 0 0 0 0 0 0 0 0 0 0 
1775 10 0 0 0 0 0 0 0 0 0 0 0 
1776 10 0 0 0 0 0 0 0 0 0 0 0 
1777 10 0 0 0 0 0 0 0 0 0 0 0 
1778 10 0 0 0 0 0 0 0 0 0 0 0 
1779 10 0 0 0 0 0 0 0 0 0 0 0 
1780 10 0 0 0 0 0 0 0 0 0 0 0 
1781 10 0 0 0 0 0 0 0 0 0 0 0 
1782 10 0 0 0 0 0 0 0 0 0 0 0 
1783 10 0 0 0 0 0 0 0 0 0 0 0 
1784 10 0 0 0 0 0 0 0 0 0 0 0 
1785 10 0 0 0 0 0 0 0 0 0 0 0 
1786 10 0 0 0 0 0 0 0 0 0 0 0 
1787 10 0 0 0 0 0 0 0 0 0 0 0 
1788 10 0 0 0 0 0 0 0 0 0 0 0 
1789 10 0 0 0 0 0 0 0 0 0 0 0 
1790 10 0 0 0 0 0 0 0 0 0 0 0 
1791 10 0 0 0 0 0 0 0 0 0 0 0 
1792 10 0 0 0 0 0 0 0 0 0 0 0 
1793 10 0 0 0 0 0 0 0 0 0 0 0 
1794 10 0 0 0 0 0 0 0 0 0 0 0 
1795 10 0 0 0 0 0 0 0 0 0 0 0 
1796 10 0 0 0 0 0 0 0 0 0 0 0 
1797 10 0 0 0 0 0 0 0 0 0 0 0 
1798 10 0 0 0 0 0 0 0 0 0 0 0 
1799 10 0 0 0 0 0 0 0 0 0 0 0 
1800 10 0 0 0 0 0 0 0 0 0 0 0 
1801 10 0 0 0 0 0 0 0 0 0 0 0 
1802 10 0 0 0 0 0 0 0 0 0 0 0 
1803 10 0 0 0 0 0 0 0 0 0 0 0 
1804 10 0 0 0 0 0 0 0 0 0 0 0 
1805 10 0 0 0 0 0 0 0 0 0 0 0 
1806 10 0 0 0 0 0 0 0 0 0 0 0 
1807 10 0 0 0 0 0 0 0 0 0 0 0 
1808 10 0 0 0 0 0 0 0 0 0 0 0 
1809 10 0 0 0 0 0 0 0 0 0 0 0 
1810 10 0 0 0 0 0 0 0 0 0 0 0 
1811 10 0 0 0 0 0 0 0 0 0 0 0 
1812 10 0 0 0 0 0 0 0 0 0 0 0 
1813 10 0 0 0 0 0 0 0 0 0 0 0 
1814 10 0 0 0 0 0 0 0 0 0 0 0 
1815 10 0 0 0 0 0 0 0 0 0 0 0 
1816 10 0 0 0 0 0 0 0 0 0 0 0 
1817 10 0 0 0 0 0 0 0 0 0 0 0 
1818 10 0 0 0 0 0 0 0 0 0 0 0 
1819 10 5 0 0 0 0 0 0 0 0 0 0 
1820 10 6 0 0 0 0 0 0 0 0 0 0 
1821 10 7 0 0 0 0 0 0 0 0 0 0 
1822 10 8 0 0 0 0 0 0 0 0 0 0 
1823 10 0 0 0 0 0 0 0 0 0 0 0 
1824 10 0 0 0 0 0 0 0 0 0 0 0 
1825 10 0 0 0 0 0 0 0 0 0 0 0 
1826 10 0 0 0 0 0 0 0 0 0 0 0 
1827 10 0 0 0 0 0 0 0 0 0 0 0 
1828 10 0 0 0 0 0 0 0 0 0 0 0 
1829 10 0 0 0 0 0 0 0 0 0 0 0 
1830 10 0 0 0 0 0 0 0 0 0 0 0 
1831 10 0 0 0 0 0 0 0 0 0 0 0 
1832 10 0 0 0 0 0 0 0 0 0 0 0 
1833 10 0 0 0 0 0 0 0 0 0 0 0 
1834 10 0 0 0 0 0 0 0 0 0 0 0 
1835 10 0 0 0 0 0 0 0 0 0 0 0 
1836 10 0 0 0 0 0 0 0 0 0 0 0 
1837 10 0 0 0 0 0 0 0 0 0 0 0 
1838 10 0 0 0 0 0 0 0 0 0 0 0 
1839 10 0 0 0 0 0 0 0 0 0 0 0 
1840 10 0 0 0 0 0 0 0 0 0 0 0 
1841 10 0 0 0 0 0 0 0 0 0 0 0 
1842 10 0 0 0 0 0 0 0 0 0 0 0 
1843 10 0 0 0 0 0 0 0 0 0 0 0 
1844 10 0 0 0 0 0 0 0 0 0 0 0 
1845 10 0 0 0 0 0 0 0 0 0 0 0 
1846 10 0 0 0 0 0 0 0 0 0 0 0 
1847 10 0 0 0 0 0 0 0 0 0 0 0 
1848 10 0 0 0 0 0 0 0 0 0 0 0 
1849 10 0 0 0 0 0 0 0 0 0 0 0 
1850 10 0 0 0 0 0 0 0 0 0 0 0 
1851 10 0 0 0 0 0 0 0 0 0 0 0 
1852 10 0 0 0 0 0 0 0 0 0 0 0 
1853 10 0 0 0 0 0 0 0 0 0 0 0 
1854 10 0 0 0 0 0 0 0 0 0 0 0 
1855 10 0 0 0 0 0 0 0 0 0 0 0 
1856 10 0 0 0 0 0 0 0 0 0 0 0 
1857 10 0 0 0 0 0 0 0 0 0 0 0 
1858 10 0 0 0 0 0 0 0 0 0 0 0 
1859 10 0 0 0 0 0 0 0 0 0 0 0 
1860 10 0 0 0 0 0 0 0 0 0 0 0 
1861 10 0 0 0 0 0 0 0 0 0 0 0 
1862 10 0 0 0 0 0 0 0 0 0 0 0 
1863 10 0 0 0 0 0 0 0 0 0 0 0 
1864 10 0 0 0 0 0 0 0 0 0 0 0 
1865 10 0 0 0 0 0 0 0 0 0 0 0 
1866 10 0 0 0 0 0 0 0 0 0 0 0 
1867 10 0 0 0 0 0 0 0 0 0 0 0 
1868 10 0 0 0 0 0 0 0 0 0 0 0 
1869 10 0 0 0 0 0 0 0 0 0 0 0 
1870 10 0 0 0 0 0 0 0 0 0 0 0 
1871 10 0 0 0 0 0 0 0 0 0 0 0 
1872 10 0 0 0 0 0 0 0 0 0 0 0 
1873 10 0 0 0 0 0 0 0 0 0 0 0 
1874 10 0 0 0 0 0 0 0 0 0 0 0 
1875 10 0 0 0 0 0 0 0 0 0 0 0 
1876 10 0 0 0 0 0 0 0 0 0 0 0 
1877 10 0 0 0 0 0 0 0 0 0 0 0 
1878 10 0 0 0 0 0 0 0 0 0 0 0 
1879 10 0 0 0 0 0 0 0 0 0 0 0 
1880 10 0 0 0 0 0 0 0 0 0 0 0 
1881 10 0 0 0 0 0 0 0 0 0 0 0 
1882 10 0 0 0 0 0 0 0 0 0 0 0 
1883 10 0 0 0 0 0 0 0 0 0 0 0 
1884 10 0 0 0 0 0 0 0 0 0 0 0 
1885 10 0 0 0 0 0 0 0 0 0 0 0 
1886 10 0 0 0 0 0 0 0 0 0 0 0 
1887 10 0 0 0 0 0 0 0 0 0 0 0 
1888 10 0 0 0 0 0 0 0 0 0 0 0 
1889 10 0 0 0 0 0 0 0 0 0 0 0 
1890 10 0 0 0 0 0 0 0 0 0 0 0 
1891 10 0 0 0 0 0 0 0 0 0 0 0 
1892 10 0 0 0 0 0 0 0 0 0 0 0 
1893 10 0 0 0 0 0 0 0 0 0 0 0 
1894 10 0 0 0 0 0 0 0 0 0 0 0 
1895 10 0 0 0 0 0 0 0 0 0 0 0 
1896 10 0 0 0 0 0 0 0 0 0 0 0 
1897 10 0 0 0 0 0 0 0 0 0 0 0 
1898 10 0 0 0 0 0 0 0 0 0 0 0 
1899 10 0 0 0 0 0 0 0 0 0 0 0 
1900 10 0 0 0 0 0 0 0 0 0 0 0 
1901 10 0 0 0 0 0 0 0 0 0 0 0 
1902 10 0 0 0 0 0 0 0 0 0 0 0 
1903 10 0 0 0 0 0 0 0 0 0 0 0 
1904 10 0 0 0 0 0 0 0 0 0 0 0 
1905 10 0 0 0 0 0 0 0 0 0 0 0 
1906 10 0 0 0 0 0 0 0 0 0 0 0 
1907 10 0 0 0 0 0 0 0 0 0 0 0 
1908 10 0 0 0 0 0 0 0 0 0 0 0 
1909 10 0 0 0 0 0 0 0 0 0 0 0 
1910 10 0 0 0 0 0 0 0 0 0 0 0 
1911 10 0 0 0 0 0 0 0 0 0 0 0 
1912 10 0 0 0 0 0 0 0 0 0 0 0 
1913 10 0 0 0 0 0 0 0 0 0 0 0 
1914 10 0 0 0 0 0 0 0 0 0 0 0 
1915 10 0 0 0 0 0 0 0 0 0 0 0 
1916 10 0 0 0 0 0 0 0 0 0 0 0 
1917 10 0 0 0 0 0 0 0 0 0 0 0 
1918 10 0 0 0 0 0 0 0 0 0 0 0 
1919 10 0 0 0 0 0 0 0 0 0 0 0 
1920 10 0 0 0 0 0 0 0 0 0 0 0 
1921 10 0 0 0 0 0 0 0 0 0 0 0 
1922 10 0 0 0 0 0 0 0 0 0 0 0 
1923 10 0 0 0 0 0 0 0 0 0 0 0 
1924 10 0 0 0 0 0 0 0 0 0 0 0 
1925 10 0 0 0 0 0 0 0 0 0 0 0 
1926 10 0 0 0 0 0 0 0 0 0 0 0 
1927 10 0 0 0 0 0 0 0 0 0 0 0 
1928 10 0 0 0 0 0 0 0 0 0 0 0 
1929 10 0 0 0 0 0 0 0 0 0 0 0 
1930 10 0 0 0 0 0 0 0 0 0 0 0 
1931 10 0 0 0 0 0 0 0 0 0 0 0 
1932 10 0 0 0 0 0 0 0 0 0 0 0 
1933 10 0 0 0 0 0 0 0 0 0 0 0 
1934 10 0 0 0 0 0 0 0 0 0 0 0 
1935 10 0 0 0 0 0 0 0 0 0 0 0 
1936 10 0 0 0 0 0 0 0 0 0 0 0 
1937 10 0 0 0 0 0 0 0 0 0 0 0 
1938 10 0 0 0 0 0 0 0 0 0 0 0 
1939 10 0 0 0 0 0 0 0 0 0 0 0 
1940 10 0 0 0 0 0 0 0 0 0 0 0 
1941 10 0 0 0 0 0 0 0 0 0 0 0 
1942 10 0 0 0 0 0 0 0 0 0 0 0 
1943 10 0 0 0 0 0 0 0 0 0 0 0 
1944 10 0 0 0 0 0 0 0 0 0 0 0 
1945 10 0 0 0 0 0 0 0 0 0 0 0 
1946 10 0 0 0 0 0 0 0 0 0 0 0 
1947 10 0 0 0 0 0 0 0 0 0 0 0 
1948 10 0 0 0 0 0 0 0 0 0 0 0 
1949 10 0 0 0 0 0 0 0 0 0 0 0 
1950 10 0 0 0 0 0 0 0 0 0 0 0 
1951 10 0 0 0 0 0 0 0 0 0 0 0 
1952 10 0 0 0 0 0 0 0 0 0 0 0 
1953 10 0 0 0 0 0 0 0 0 0 0 0 
1954 10 0 0 0 0 0 0 0 0 0 0 0 
1955 10 0 0 0 0 0 0 0 0 0 0 0 
1956 10 0 0 0 0 0 0 0 0 0 0 0 
1957 10 0 0 0 0 0 0 0 0 0 0 0 
1958 10 0 0 0 0 0 0 0 0 0 0 0 
1959 10 0 0 0 0 0 0 0 0 0 0 0 
1960 10 0 0 0 0 0 0 0 0 0 0 0 
1961 10 0 0 0 0 0 0 0 0 0 0 0 
1962 10 0 0 0 0 0 0 0 0 0 0 0 
1963 10 0 0 0 0 0 0 0 0 0 0 0 
1964 10 0 0 0 0 0 0 0 0 0 0 0 
1965 10 0 0 0 0 0 0 0 0 0 0 0 
1966 10 0 0 0 0 0 0 0 0 0 0 0 
1967 10 0 0 0 0 0 0 0 0 0 0 0 
1968 10 0 0 0 0 0 0 0 0 0 0 0 
1969 10 0 0 0 0 0 0 0 0 0 0 0 
1970 10 0 0 0 0 0 0 0 0 0 0 0 
1971 10 0 0 0 0 0 0 0 0 0 0 0 
1972 10 0 0 0 0 0 0 0 0 0 0 0 
1973 10 0 0 0 0 0 0 0 0 0 0 0 
1974 10 0 0 0 0 0 0 0 0 0 0 0 
1975 10 0 0 0 0 0 0 0 0 0 0 0 
1976 10 0 0 0 0 0 0 0 0 0 0 0 
1977 10 0 0 0 0 0 0 0 0 0 0 0 
1978 10 0 0 0 0 0 0 0 0 0 0 0 
1979 10 0 0 0 0 0 0 0 0 0 0 0 
1980 10 0 0 0 0 0 0 0 0 0 0 0 
1981 10 0 0 0 0 0 0 0 0 0 0 0 
1982 10 0 0 0 0 0 0 0 0 0 0 0 
1983 10 0 0 0 0 0 0 0 0 0 0 0 
1984 10 0 0 0 0 0 0 0 0 0 0 0 
1985 10 0 0 0 0 0 0 0 0 0 0 0 
1986 10 0 0 0 0 0 0 0 0 0 0 0 
1987 10 0 0 0 0 0 0 0 0 0 0 0 
1988 10 0 0 0 0 0 0 0 0 0 0 0 
1989 10 0 0 0 0 0 0 0 0 0 0 0 
1990 10 0 0 0 0 0 0 0 0 0 0 0 
1991 10 0 0 0 0 0 0 0 0 0 0 0 
1992 10 0 0 0 0 0 0 0 0 0 0 0 
1993 10 0 0 0 0 0 0 0 0 0 0 0 
1994 10 0 0 0 0 0 0 0 0 0 0 0 
1995 10 0 0 0 0 0 0 0 0 0 0 0 
1996 10 0 0 0 0 0 0 0 0 0 0 0 
1997 10 0 0 0 0 0 0 0 0 0 0 0 
1998 10 0 0 0 0 0 0 0 0 0 0 0 
1999 10 0 0 0 0 0 0 0 0 0 0 0 
2000 10 0 0 0 0 0 0 0 0 0 0 0 
2001 10 0 0 0 0 0 0 0 0 0 0 0 
2002 10 0 0 0 0 0 0 0 0 0 0 0 
2003 10 0 0 0 0 0 0 0 0 0 0 0 
2004 10 0 0 0 0 0 0 0 0 0 0 0 
2005 10 0 0 0 0 0 0 0 0 0 0 0 
2006 10 0 0 0 0 0 0 0 0 0 0 0 
2007 10 0 0 0 0 0 0 0 0 0 0 0 
2008 10 0 0 0 0 0 0 0 0 0 0 0 
2009 10 0 0 0 0 0 0 0 0 0 0 0 
2010 10 0 0 0 0 0 0 0 0 0 0 0 
2011 10 0 0 0 0 0 0 0 0 0 0 0 
2012 10 0 0 0 0 0 0 0 0 0 0 0 
2013 10 0 0 0 0 0 0 0 0 0 0 0 
2014 10 0 0 0 0 0 0 0 0 0 0 0 
2015 10 0 0 0 0 0 0 0 0 0 0 0 
2016 10 0 0 0 0 0 0 0 0 0 0 0 
2017 10 0 0 0 0 0 0 0 0 0 0 0 
2018 10 0 0 0 0 0 0 0 0 0 0 0 
2019 10 0 0 0 0 0 0 0 0 0 0 0 
2020 10 0 0 0 0 0 0 0 0 0 0 0 
2021 10 0 0 0 0 0 0 0 0 0 0 0 
2022 10 0 0 0 0 0 0 0 0 0 0 0 
2023 10 0 0 0 0 0 0 0 0 0 0 0 
2024 10 0 0 0 0 0 0 0 0 0 0 0 
2025 10 0 0 0 0 0 0 0 0 0 0 0 
2026 10 0 0 0 0 0 0 0 0 0 0 0 
2027 10 0 0 0 0 0 0 0 0 0 0 0 
2028 10 0 0 0 0 0 0 0 0 0 0 0 
2029 10 0 0 0 0 0 0 0 0 0 0 0 
2030 10 0 0 0 0 0 0 0 0 0 0 0 
2031 10 0 0 0 0 0 0 0 0 0 0 0 
2032 10 0 0 0 0 0 0 0 0 0 0 0 
2033 10 0 0 0 0 0 0 0 0 0 0 0 
2034 10 0 0 0 0 0 0 0 0 0 0 0 
2035 10 0 0 0 0 0 0 0 0 0 0 0 
2036 10 0 0 0 0 0 0 0 0 0 0 0 
2037 10 0 0 0 0 0 0 0 0 0 0 0 
2038 10 0 0 0 0 0 0 0 0 0 0 0 
2039 10 0 0 0 0 0 0 0 0 0 0 0 
2040 10 0 0 0 0 0 0 0 0 0 0 0 
2041 10 0 0 0 0 0 0 0 0 0 0 0 
2042 10 0 0 0 0 0 0 0 0 0 0 0 
2043 10 0 0 0 0 0 0 0 0 0 0 0 
2044 10 0 0 0 0 0 0 0 0 0 0 0 
2045 10 0 0 0 0 0 0 0 0 0 0 0 
2046 10 0 0 0 0 0 0 0 0 0 0 0 

0 3 1 1 0.995383 98 23 2 17 17 21 -6 17 10 22 35 19 46 19 30 17 12 15 -22 21 29 21 2 21 -8 21 -35 22 35 16 4 14 7 22 -41 15 43 16 -27 23 6 23 5 15 14 18 -44 23 -24 24 35 19 -44 14 1 23 23 22 14 14 -26 20 47 19 20 13 -44 14 38 14 -4 15 -43 13 21 13 22 14 3 20 49 10 49 13 -9 12 -30 -15 50 15 -10 10 48 12 -40 12 5 24 38 13 -26 12 49 -16 54 -14 54 25 -37 13 26 -22 51 14 49 22 19 10 51 -23 51 -14 51 14 53 8 -32 8 -20 23 -24 10 39 4 53 19 43 20 22 20 18 11 9 11 49 12 43 5 48 15 50 5 49 -14 50 7 51 4 54 5 49 5 54 -2 50 0 54 -5 50 5 49 -11 53 0 48 -8 52 19 -5 19 19 19 28 16 50 17 32 22 0 -29 49 -3 53 -14 53 -17 49 
1 3 1 1 0.989926 67 20 32 25 -5 25 46 25 49 19 2 18 43 17 37 18 32 25 36 18 50 23 56 -18 47 15 36 23 20 -25 49 -13 47 -16 54 17 52 14 54 -18 45 19 60 -9 46 -22 59 -25 45 13 45 15 -16 19 47 20 49 -6 54 9 54 17 45 23 52 -21 47 -21 47 -6 59 11 44 -21 46 -1 57 15 54 7 59 12 56 10 57 -17 47 -14 49 9 57 20 32 7 46 3 55 17 58 11 53 -11 48 -7 58 5 58 10 43 -5 47 -4 47 11 58 7 47 4 48 2 45 -3 46 -4 48 -4 47 -5 49 -2 57 -7 50 3 48 
2 3 1 1 0.981413 24 18 7 23 -18 16 27 13 11 12 -24 12 -12 23 59 13 -20 24 8 -20 61 15 10 23 -29 11 -16 9 14 8 -37 14 60 -29 53 -13 61 22 -33 6 60 20 3 -2 59 5 61 -3 62 
3 3 2 0 0.160584 1 -2 6 2 0.990215 23 -18 -40 17 -6 -17 33 -18 34 -13 1 -18 -6 11 7 25 -17 23 -7 -15 -14 -25 -12 -21 8 -13 -1 24 25 22 52 35 -29 40 46 -25 -25 26 -7 -20 54 42 31 -25 -29 13 35 
4 3 3 0 0.135802 1 -25 -87 1 0.135802 1 -5 2 2 0.983444 27 13 0 14 4 20 1 -25 -9 19 -22 14 23 -28 12 15 49 -33 19 -26 11 4 -19 -26 -21 9 43 -19 -31 -49 3 -39 21 -32 -34 5 -14 -13 -28 -33 -28 -36 45 41 30 -29 23 -27 -12 -27 -24 12 -17 19 44 
5 3 2 0 0.944284 104 -23 -88 -8 46 -8 49 2 17 -11 -30 0 13 -16 21 -18 16 -24 -93 -19 -74 -6 15 -23 -45 -22 -46 14 16 -20 4 -23 -51 -8 -30 -22 -75 -4 -29 -23 -95 -23 -31 -12 -16 -4 -20 9 -50 -13 -57 1 -42 6 -89 -7 -61 6 -37 4 56 16 -95 5 -34 -22 -78 -28 -45 -16 -28 -28 -23 6 -22 7 -21 -13 -12 16 -96 22 -25 -25 -60 -4 56 -21 19 -10 -31 10 -62 -2 -21 15 -96 -30 -95 29 -53 -8 -31 -27 -99 31 15 5 -54 -33 -97 12 22 23 -12 17 -97 -21 -12 17 -59 4 53 6 -26 -19 -22 4 -26 6 -25 -18 -96 17 -59 9 -14 -22 -23 25 -9 -7 -62 7 52 -13 -22 -9 -25 -18 18 -20 -26 -2 -30 13 -100 3 -62 17 12 5 21 16 17 18 17 -11 51 -26 54 -4 20 -25 15 -13 21 12 -2 21 11 18 13 -33 20 -12 -101 -16 48 3 53 -10 53 -18 -14 -15 -31 17 18 -2 50 2 53 -28 19 -23 20 -15 50 2 0.509259 25 -8 65 -15 7 -29 8 -5 5 -23 10 -30 -21 5 -3 -35 -26 -10 19 -22 -21 -18 39 -35 -1 9 -69 -10 0 -2 10 21 60 32 -18 -35 40 30 -72 -30 66 -27 -22 22 17 -25 32 18 17 26 22 
6 3 3 0 0.578947 5 17 -66 -12 50 -16 -63 -20 64 18 10 1 0.180328 1 19 2 2 0.916667 15 3 25 -35 3 16 71 -17 -32 14 16 -14 -18 -14 -55 31 -55 11 32 34 -34 29 -34 -6 -27 30 10 -13 12 -16 12 
7 3 3 0 0.485401 838 -33 -14 -26 84 -33 31 -25 75 -32 -15 -26 85 -32 -20 -32 -73 -32 12 -33 3 -33 -87 -25 61 -33 -49 -32 -39 -26 57 -32 -22 -26 -15 -25 -30 -25 2 -25 -5 -26 -74 -25 -13 -25 -14 -26 45 -25 -58 -32 -74 11 25 3 -91 -2 29 9 27 23 -87 -10 -88 23 25 11 27 -30 -87 -12 -89 19 66 13 -91 16 67 -1 -85 -28 -91 0 26 -23 -92 24 58 4 -86 23 70 17 -92 7 69 9 63 22 -84 -3 -86 1 66 -3 44 -13 -90 20 -85 10 58 -4 70 6 -51 18 43 27 -9 21 8 0 99 1 -90 -5 -91 21 -50 -10 66 24 45 -5 55 5 -91 32 -13 20 -51 13 -16 -23 -90 34 -69 27 -5 5 65 12 -17 -27 -92 -29 -1 7 65 30 -57 -16 -1 33 -2 23 26 30 -15 3 59 -8 -1 6 -17 31 -5 33 -45 19 -8 29 -34 19 41 -16 -21 5 -53 10 -18 18 58 -5 -69 22 56 34 -1 -4 -15 18 99 -18 -22 23 42 26 -50 29 -34 27 -93 26 3 25 6 23 63 3 97 20 82 27 -37 28 -15 24 -65 34 10 11 -51 -9 -87 24 -51 22 98 -3 45 30 32 3 22 -2 35 17 100 1 -34 23 -50 10 75 31 -92 24 41 22 -49 31 -42 1 14 -16 31 14 98 32 -24 27 6 17 62 21 70 25 58 -5 -65 26 98 26 -10 26 2 0 58 6 -88 -8 -57 -4 -65 15 100 20 -83 21 -38 -5 61 12 88 13 4 -11 -35 33 -20 20 38 28 -53 -6 -39 -1 -51 27 29 28 -43 30 -36 19 90 21 57 12 14 5 84 2 84 -2 25 6 -22 2 65 22 35 3 60 27 30 -5 37 5 -86 17 78 20 38 -4 -47 16 -55 25 -13 7 17 1 13 28 -50 18 -67 26 82 21 -56 19 75 15 -56 -1 90 3 77 19 82 23 79 -11 30 25 -26 -5 64 29 -1 -1 28 32 -68 32 -68 9 12 -4 -11 -2 -29 24 -18 8 92 -26 -32 -9 -13 24 -15 30 -26 34 29 10 -40 18 83 2 67 15 34 -3 -31 32 0 31 43 -5 59 15 63 19 -51 8 47 4 -58 -2 26 22 85 6 97 14 86 -14 17 9 -53 -11 24 -14 -13 -3 -10 2 8 15 61 29 26 -2 -48 27 -40 -9 -76 21 70 -7 18 18 84 30 82 17 -28 5 -36 0 -34 -3 36 -12 -75 11 -41 0 53 1 6 16 46 -5 -20 0 67 22 89 32 -12 -3 27 -4 27 0 27 15 3 -10 28 24 -12 0 87 -5 12 30 -48 18 84 7 -77 10 43 12 -49 28 39 1 -14 -2 20 -6 -74 -8 47 16 -36 -1 -75 6 -51 -11 -12 9 19 -10 -75 1 -15 31 -75 17 78 30 81 29 37 25 -7 19 57 -5 35 30 86 26 -2 -7 -73 20 -78 18 31 11 -8 28 81 9 -63 6 77 23 69 31 9 16 70 -5 -81 12 -39 -12 -55 -12 -72 10 -8 12 78 15 29 31 -9 4 -5 18 97 -3 -81 -8 -10 -7 5 10 92 24 16 -8 -42 3 9 22 68 26 -42 8 -35 11 -15 -16 97 -9 23 21 77 9 -52 -12 25 14 78 -3 32 -7 23 -8 6 5 -48 -3 -59 10 -19 -30 -84 7 64 16 -86 13 -64 11 33 -4 -27 12 93 -10 -25 -25 -91 13 -17 4 79 -12 -49 1 33 -4 -18 4 -29 -18 -88 14 82 18 -27 34 13 -4 -5 -21 45 -11 -39 -26 78 2 -73 23 64 23 -4 -21 97 -10 -23 2 -46 23 -26 -3 -19 8 10 27 92 24 10 -12 32 0 -61 -2 38 11 80 26 92 -11 -59 20 0 24 -36 20 -12 30 -43 25 -40 25 -31 17 -40 -7 -27 13 -58 12 2 -27 -8 29 64 34 27 16 -63 6 -9 3 -34 2 -29 -23 83 -26 73 3 59 19 71 27 36 23 -49 -23 84 22 -13 21 92 -18 70 23 -35 11 91 16 77 -11 -20 -2 74 -5 -72 -5 30 -6 97 -7 -7 10 -54 0 74 29 83 -24 92 33 25 23 -11 22 -36 34 24 -10 -48 14 20 3 19 21 88 -25 56 33 25 31 24 9 21 13 72 -17 -5 27 8 23 -49 12 1 14 80 17 -1 8 9 -18 95 34 23 -10 14 -7 -38 -31 -37 7 57 -30 26 -26 100 18 -48 -9 -8 3 13 -18 63 17 2 26 -75 -1 93 31 46 10 84 -30 63 -19 84 -24 81 3 69 15 35 3 -44 0 100 -30 32 -9 -98 9 -24 10 51 -8 95 -24 38 3 -8 22 -50 17 -25 -3 -26 7 -5 -11 -5 -30 -23 -31 -10 29 59 -3 -82 0 87 25 -94 -6 -64 -25 94 -18 -6 14 -1 -30 85 28 25 12 84 23 -35 1 -8 -2 51 -4 -3 0 101 -21 37 15 51 -4 -9 12 10 13 -26 -26 93 21 -51 -18 86 9 -33 -6 72 5 68 9 4 -17 18 19 7 -7 62 -26 72 14 19 8 -82 15 3 -11 -57 -19 92 6 77 7 77 8 -4 9 -23 1 -15 14 4 5 79 1 69 -18 61 19 52 -5 -10 15 -44 16 -16 10 89 -17 63 -27 75 -31 -38 -18 -32 -5 -7 13 27 -26 69 23 -61 7 3 -31 61 -13 17 -21 95 -10 35 22 37 -14 80 14 -29 -8 -61 8 0 18 -62 21 28 11 -6 22 41 16 36 -23 10 -19 58 -24 70 8 79 31 40 9 1 18 24 -25 64 11 -39 -7 41 -5 93 23 -23 -1 36 -26 84 24 -24 8 53 20 32 -12 -24 0 59 -9 -37 3 -68 22 33 21 -65 -24 78 20 13 9 85 9 -32 -28 -35 -11 48 28 -2 -13 66 -17 73 -8 76 -16 83 5 -19 10 23 4 60 -8 83 -16 -30 -18 85 17 50 -19 66 9 -4 -23 -96 -9 81 16 82 4 74 -7 -98 9 -5 15 -48 -3 -94 -15 -93 -14 58 -14 45 -4 9 10 -70 -12 -3 -7 85 -4 -30 19 27 21 -36 -11 69 -10 -39 -11 39 -7 64 22 -17 -29 -1 21 -47 8 -30 -18 31 -9 72 30 6 -15 -33 -23 -26 -25 -14 -17 11 -25 2 -10 84 11 -64 -16 68 21 -40 -6 69 10 -72 -18 -97 -13 70 0 55 1 -7 20 35 -21 26 -13 58 23 -30 -21 14 -19 -9 -17 13 -7 80 26 43 6 72 -26 -27 -10 -20 -17 -42 -10 81 -24 42 -17 43 -9 58 -10 -69 -30 -93 -18 -75 22 24 -27 -2 -26 -64 22 28 8 -83 -11 60 -12 73 -21 -47 23 9 17 48 -28 -25 -29 -22 19 43 -14 0 -16 85 -12 0 -25 -25 13 -85 -22 -51 21 -70 -7 -100 24 -69 0 2 23 -66 10 5 -16 48 -18 79 -27 -94 8 -69 -22 45 14 -95 22 2 -29 -45 -31 -37 -28 -4 0 77 13 -3 21 -68 13 -70 -13 27 -30 -18 6 1 11 -85 -5 -85 3 38 24 -97 -6 86 -11 -13 23 -69 -9 -21 -23 -37 -17 -73 -20 -35 -11 8 0 -85 -8 69 9 -75 -29 -4 5 -93 -28 -25 -4 31 -17 -75 -23 -36 -9 52 6 89 -5 76 23 -45 -28 -27 -28 12 -7 47 3 33 -14 -40 -23 -46 -4 79 18 34 -3 32 -21 -34 -10 40 22 -86 20 -76 -18 64 26 -77 -5 -74 -29 -79 11 32 11 52 -17 -37 -24 -51 11 -66 23 -68 8 -78 5 -72 -21 -48 -19 -54 23 -79 24 38 11 51 -15 -65 -20 -47 -9 -85 26 26 6 -99 -13 42 -28 -33 -12 -28 -15 32 -17 -11 0 -78 -28 -32 25 -79 27 -46 22 -8 -1 38 1 51 22 3 -14 -46 -18 -54 17 -39 -13 -65 -23 -58 -3 -1 -16 -80 27 -72 -31 -62 -29 -52 -1 5 -26 -64 -20 -68 -16 37 14 -53 -15 90 -29 -78 -1 -71 7 -27 -20 -53 -3 85 -28 -68 9 -43 -2 38 -13 -30 -31 -3 -7 2 21 -13 -27 -61 7 -72 -25 -69 -12 -29 -23 -49 -5 -76 -8 -73 -13 -71 -15 -46 -16 38 -6 34 -8 86 -24 -73 -21 -65 -23 -46 29 -73 -15 -31 -13 2 -25 -69 2 9 -14 -8 -24 -70 28 -80 -19 44 -22 35 2 90 -21 -39 27 -73 -24 -75 -15 -30 -21 -14 -17 -29 -18 -61 -19 -15 -11 -26 -21 -79 -13 -6 -22 35 -20 36 -19 -14 -20 -15 27 38 11 8 -18 -39 -13 -4 1 0.415391 660 -24 -11 -23 -33 -29 -26 -29 -19 -29 -24 -28 11 -28 -9 -28 38 -28 6 -29 -27 -28 40 -24 50 -28 22 -23 -37 27 3 21 33 27 53 25 -38 19 0 -3 -42 19 11 26 43 26 22 25 14 30 -35 24 -39 29 47 30 17 27 10 22 -4 22 -11 -12 31 28 -39 23 44 -12 25 21 -36 28 -13 21 -2 -23 42 2 41 23 8 -24 29 26 -16 24 -25 -24 58 27 54 28 1 -14 0 20 -19 20 -9 29 -27 -7 36 24 -14 22 -6 24 -37 25 -18 -7 27 -5 2 30 -24 22 27 24 62 3 -24 29 30 -14 42 23 -39 29 -34 -7 27 -6 30 23 44 -14 32 -22 27 -22 26 29 42 20 25 22 62 -21 -43 -12 -39 1 -47 -6 24 -24 -29 -1 -6 -5 11 -3 -36 -4 30 -9 27 -17 -2 -12 44 -15 31 26 -35 23 -21 18 60 22 6 2 17 -7 -41 26 -31 22 8 19 61 28 -6 28 -43 21 60 25 -16 -9 -43 23 -18 -11 23 20 61 23 -21 -13 -46 27 2 0 -7 22 -10 -26 25 -10 12 1 -35 -16 -43 4 -1 -9 41 -9 -14 22 -17 23 29 -10 41 2 -10 21 -37 30 -11 3 2 -17 2 26 1 -5 -36 -8 35 6 3 21 -16 8 15 30 42 22 50 -13 -14 6 15 28 -18 19 -42 -9 -47 -2 1 7 -4 17 0 2 -15 8 -43 -21 -41 16 54 11 -43 -6 16 -24 31 4 -7 24 9 24 10 -13 -21 16 -8 -11 -13 -9 6 -12 31 25 -26 6 15 -10 6 7 -20 -28 -34 25 -21 -14 -14 21 36 30 -46 -18 31 0 26 22 -17 22 -34 -8 -2 10 18 -11 -42 11 6 -10 -22 16 13 -9 33 -14 -17 -1 -23 -1 -40 -24 41 28 -20 5 -41 20 -14 1 -16 -25 32 25 34 -11 3 -21 38 -13 -14 28 -44 -8 12 21 -32 -14 28 -8 4 25 -30 20 -26 -6 11 5 -13 1 62 -14 1 -14 -34 -6 -7 22 -27 -5 -42 4 22 1 22 -7 -13 4 -1 -11 26 24 40 8 30 20 -17 -14 -36 -17 5 -1 -30 -20 -26 -21 36 -5 1 4 -44 -8 -25 19 -11 -8 -18 -3 -2 19 33 23 -27 2 -1 8 -30 3 25 -9 9 -13 -29 -4 -7 -15 62 10 19 7 -22 14 -21 -9 -21 20 -27 -23 31 2 39 24 -26 5 -36 5 40 -8 -34 -9 27 -2 -30 0 19 -11 9 25 -44 13 2 -19 23 9 -23 -23 -36 1 8 20 9 -21 -18 -6 -42 0 17 -6 -41 -4 -9 5 12 23 -48 0 18 3 -4 5 2 26 -2 2 -39 -20 -2 -6 22 18 -6 -11 40 -5 -37 -8 -43 -26 -37 -8 -41 -15 -37 -5 -14 13 -11 1 -30 8 -15 -22 -2 -23 -40 -22 56 7 -4 -21 42 0 -7 -7 32 -3 -31 2 17 24 57 13 23 12 -30 13 -16 0 -16 8 2 18 -29 -1 -15 5 11 -7 26 -19 -4 5 23 19 -32 -11 21 -20 -8 -19 -29 -17 -11 -1 -31 -1 -32 -14 10 -4 14 21 -43 -23 -36 -17 25 -4 20 -7 -22 0 -20 3 -23 12 24 2 -36 -9 39 -3 -14 -12 -26 -15 -16 5 29 -14 15 17 11 6 22 -5 -22 -23 -36 4 32 -15 5 8 -20 25 34 12 -4 6 30 26 -48 9 36 3 -33 9 -24 6 13 -3 -37 8 22 -9 -40 -9 -32 -7 -27 13 -4 11 -38 -8 -36 3 -29 21 -61 25 -14 2 -32 17 40 3 -31 -20 -7 -19 -36 6 6 -10 -26 -8 -39 1 29 3 17 5 24 19 -50 -7 10 -10 -26 -14 0 -18 -3 -9 -11 -12 27 -17 -26 -26 -35 -3 -3 -12 24 0 -16 -19 -25 -8 24 11 32 -17 -39 -3 -22 -3 44 -18 -2 3 39 -24 -36 17 27 -4 3 -15 -40 -9 -34 -22 -38 -16 -35 -10 -39 -9 22 -7 -37 13 -19 12 -44 17 -33 8 -42 -11 -39 11 28 -4 21 17 -18 0 -6 -21 -38 -4 -3 -1 -11 20 -46 13 -29 -4 33 -23 -20 -4 8 -11 -33 5 25 18 17 -5 36 -19 -8 11 13 -15 0 -22 -25 -1 34 -12 -7 -16 -39 18 -46 -11 -3 13 13 -15 -10 8 -41 2 -24 -10 -48 -22 -22 -8 32 13 -27 -22 -25 -16 -30 8 -31 -11 -37 -13 -26 -17 -21 -19 -11 -15 -5 13 -18 -16 4 2 -10 -9 -8 11 39 -2 3 2 29 15 -32 13 -33 12 -36 -24 -26 -17 -26 -9 -22 -18 -38 -11 -29 15 -36 17 -33 14 -16 8 -28 -23 -26 -14 -37 -19 -39 26 -48 -14 22 -6 5 11 -32 18 -17 11 -10 6 38 -21 -28 -14 -9 10 30 5 42 -5 3 5 -24 1 30 12 31 7 33 -15 17 -1 8 -24 -28 14 -53 -20 -13 -9 -19 9 24 -19 -36 0 -16 -19 -41 -15 -27 13 -42 10 24 22 35 -27 0 -25 -22 14 -16 5 -21 9 -36 5 40 14 -31 -24 -21 -27 39 -16 -32 -19 -34 -12 13 0 15 11 26 -20 -25 -15 -25 10 36 -10 40 -8 -26 -6 -6 11 -11 -1 -21 10 4 -18 -13 -9 11 1 -25 23 30 -3 0 -18 6 -21 -26 9 -16 8 -28 1 17 5 42 6 -26 -9 8 -20 -27 7 -22 8 29 18 21 -23 42 9 39 -21 20 22 -55 17 -59 1 44 3 35 23 -51 8 13 -6 0 -20 -37 18 2 18 -27 4 43 -15 11 -3 44 6 7 -7 -31 -16 8 -5 7 6 14 -16 -35 0 31 -4 3 13 -11 2 39 18 40 7 10 -2 -13 3 -32 -3 46 16 -41 0 -21 16 -29 1 11 -1 7 16 -31 -16 7 -2 1 12 37 2 33 5 36 -13 -37 2 6 -24 -53 -25 20 -19 -24 15 -9 -29 -33 -8 6 -20 -20 -21 39 -27 -27 19 16 4 17 -3 -27 -26 -13 2 9 1 40 -1 42 17 -31 -23 -14 -22 -7 -6 -3 18 24 -7 -24 -20 -6 -5 5 -24 -10 18 -12 -27 -23 -4 -4 15 21 -3 -6 -20 -2 -27 -24 17 -11 7 -25 -17 13 9 34 4 -34 0 35 8 -1 16 39 9 -20 8 8 9 -34 4 43 6 -14 16 -15 9 14 20 -42 -3 -36 -7 -21 -2 -18 -23 -3 -23 -8 2 35 2 36 9 41 -26 2 11 11 22 21 17 38 6 -33 28 -51 -8 -25 16 2 -26 15 13 -32 17 -41 7 7 1 -25 -14 37 8 -30 21 -54 -27 0 -18 -11 8 -19 -2 -35 23 42 -17 10 -15 30 -13 32 8 37 -22 45 19 -52 16 -19 23 -52 -18 8 -26 10 2 0.497523 872 -51 105 -52 52 -51 24 -52 -26 -52 -53 -51 23 -52 -18 -52 -91 -51 43 -51 -77 -52 13 23 -18 -10 6 27 -8 -22 14 -16 41 -45 -40 45 85 34 -25 14 97 -19 -3 2 44 -7 -11 5 53 1 -26 -22 58 20 17 15 80 -1 22 40 -87 -10 21 44 -17 28 28 37 19 31 69 12 19 29 -4 -7 76 45 -39 1 9 3 -97 9 -46 0 -28 23 13 15 90 35 33 33 -106 30 -3 -10 47 7 86 -19 -93 46 -75 44 -22 16 73 38 -57 -10 -31 49 7 33 62 31 50 45 -37 -16 108 52 -2 14 32 50 -87 42 -4 46 -41 7 94 5 -83 -1 26 41 -56 -18 -49 15 100 30 28 47 -30 -11 39 -2 25 -8 74 3 -13 16 -33 38 -53 38 -50 47 -17 34 -46 23 105 12 42 -3 66 12 -85 -25 33 41 -57 41 -35 33 2 4 -16 35 -11 -19 -80 0 97 -11 19 -10 30 43 -23 -10 22 40 -54 8 58 -17 103 18 -2 41 -72 43 9 33 -90 42 -71 -11 -104 50 -91 34 98 -1 -35 -24 -46 -21 -30 32 -45 31 15 -30 -97 -14 106 19 -2 37 -37 8 51 40 -36 34 -59 -6 39 44 44 44 -12 30 -53 25 80 54 2 5 -87 -14 -27 -46 8 20 -27 33 10 40 37 43 24 36 95 46 -97 23 -23 -8 -11 47 14 20 82 10 -34 -16 -22 42 12 -22 28 -4 49 0 49 40 -31 43 -45 27 23 31 15 5 -53 40 -35 46 -42 -16 105 36 -41 -48 -1 42 -22 39 -21 33 -22 -14 -19 -3 62 -8 10 -4 -38 45 17 -11 94 44 12 -15 -35 45 -31 4 -37 31 -68 47 22 47 -97 23 -25 48 5 -13 103 23 51 11 21 49 -30 21 48 48 73 54 -28 2 -98 -12 -35 -3 102 1 -87 20 88 52 -72 -17 -78 -50 -38 54 -12 10 -84 39 17 2 -39 44 11 14 94 -19 -55 20 -95 45 8 -5 -30 12 -43 -16 -24 14 87 46 23 28 -42 38 75 45 -46 35 37 50 3 27 -95 -3 -99 41 32 16 -4 33 20 23 14 33 39 47 9 47 20 48 -73 17 -42 -8 73 41 -58 52 -8 36 -2 44 46 25 -63 46 5 -9 14 11 57 -11 -102 41 8 46 34 43 4 29 -15 13 24 21 -24 -14 -46 -24 -36 -4 49 16 -91 -25 -19 48 18 44 10 35 -13 27 -5 44 -104 -37 -89 43 35 24 26 -18 -8 49 -31 49 -7 13 -18 7 65 45 -99 19 -81 45 49 13 3 -5 10 24 107 17 -7 -5 -55 36 55 54 -50 45 -39 -11 -54 53 32 47 -22 50 22 25 -92 40 -102 7 -1 43 -17 13 97 8 101 -36 56 24 -45 38 87 42 39 49 -21 26 4 4 -47 30 -1 -50 -104 -2 -44 42 -25 21 71 -23 -37 -35 -84 -14 -20 -52 -3 19 91 50 19 42 2 9 -25 50 62 48 -28 -1 29 45 7 32 -10 39 1 45 31 -5 -36 47 -4 -28 -7 -7 -24 3 -62 17 -46 -8 103 28 88 -14 -11 39 -39 1 103 13 14 45 -4 44 -25 41 50 23 0 22 27 -18 -17 24 -23 48 20 42 50 -36 8 -8 -23 -24 8 8 35 -19 -77 46 30 -17 54 -8 -41 25 85 17 90 11 108 -45 -2 27 -16 37 35 -10 -19 32 15 -36 100 -24 43 -47 74 15 -15 -5 -93 20 -31 -50 -48 -27 -45 37 76 -8 -58 -9 -55 -19 -32 -15 -16 36 54 50 -27 -13 -95 0 -54 40 59 38 -95 22 106 29 24 0 -6 -27 -93 -46 -21 30 35 45 14 44 -5 -37 14 35 -51 38 71 22 6 28 22 48 14 -4 46 -44 -43 28 -87 -44 108 -12 98 -13 -40 46 35 0 -65 -44 -28 11 -22 18 -62 3 74 3 -56 -31 51 19 -44 -36 12 49 -36 19 -9 -39 -71 -42 -41 -45 -49 -42 -27 16 -4 7 43 1 11 -51 28 -10 -50 -9 -50 37 -25 -49 -46 -40 15 -45 -41 -45 7 -45 -84 -43 -9 5 6 -42 -50 27 -12 -50 6 -45 23 -34 -22 40 -32 -43 98 -46 -29 -50 -30 -44 18 -48 -32 24 -61 -43 81 -51 -13 -45 22 50 53 45 4 -50 -38 -16 -30 -44 -26 -37 -36 -18 -64 -4 -102 -31 -38 -41 -45 12 51 -9 -18 -40 -72 3 41 -44 -22 11 71 -23 -5 -39 15 -12 -13 13 -105 -37 16 51 17 18 -38 50 43 -41 -38 -15 41 -38 -34 -33 104 42 -8 42 26 31 -3 -38 43 -12 -17 3 -44 -45 14 40 -43 -42 -81 -48 9 -42 -50 -22 -5 -44 41 -9 -12 18 -91 6 -61 -50 -67 28 -26 20 -6 19 -90 28 -13 1 -90 -37 8 -42 -13 -42 36 -39 -8 26 -6 9 10 -22 -69 15 -7 15 -46 40 -42 7 9 42 -41 29 -20 34 -38 -45 57 -5 -12 53 -19 -8 47 -8 8 -47 25 20 -12 -7 2 -42 90 19 -56 25 -55 -49 -71 -26 47 -6 43 -48 -9 -36 91 -45 -50 -27 45 -5 53 -26 -104 -34 24 -26 17 10 -50 20 -93 -39 86 -39 39 -37 105 -25 105 -43 -7 -42 -51 8 -81 33 39 30 -33 -35 9 -39 -29 -7 63 -36 -76 9 -36 -24 5 25 1 -40 109 -22 -70 52 -22 -49 -97 -32 18 -40 -47 17 -7 32 10 34 44 36 -34 -34 -7 27 -1 3 -27 -14 90 -16 -56 -39 -9 -37 6 11 11 6 -47 28 6 24 12 -25 -49 -40 -23 -5 -14 48 51 -45 94 -27 -37 -28 -12 -24 -19 -4 -99 34 -85 -36 -99 -33 -100 -38 -103 30 34 -43 60 -22 -4 2 -7 -25 -16 -44 31 -25 -5 24 -100 -10 -35 -21 52 8 4 -5 47 5 5 -32 25 9 -46 -24 -60 -4 53 -2 -32 -44 -38 0 -52 17 -8 -35 5 28 37 -35 -4 19 49 5 43 -4 -13 31 13 -46 -45 -2 -21 -22 78 19 -45 -12 0 0 43 -21 -51 14 43 -31 -52 9 -19 -23 -66 1 -43 -18 -8 10 -18 -17 20 37 6 2 44 -9 84 -9 -8 -25 -7 22 -3 21 98 12 -35 -7 -36 -44 -53 16 -93 -27 18 48 -36 8 44 2 -78 -21 5 -4 -41 6 -5 30 -24 -22 17 -19 47 39 -17 -42 -38 16 34 -2 -8 -2 -6 -40 -107 1 -80 -43 45 44 27 42 34 45 44 -22 105 1 73 43 22 -34 -104 43 26 1 -97 2 20 -13 -39 6 35 -2 32 -18 -31 -41 -9 -27 -77 -42 58 -28 -38 1 79 -4 4 14 -105 -42 -70 -6 43 -23 -108 -30 -24 27 -47 -38 -39 30 -58 -45 32 47 13 37 48 38 -52 25 -105 -4 -86 24 8 16 -50 -25 3 24 -74 31 45 -26 -61 -30 -45 6 33 37 -1 -42 -19 -25 -12 2 -13 0 35 40 -108 -26 -5 0 -24 -20 15 27 8 -40 -29 -28 -43 39 -56 12 -59 13 42 -4 74 28 -28 45 5 -42 -93 35 39 -36 -27 12 18 4 -13 -29 62 16 -60 0 14 10 10 19 41 -34 96 -7 39 -37 54 31 -21 22 9 3 -26 27 -15 -27 48 -18 -106 -15 -72 -19 -48 8 -51 -29 -108 -26 -8 -8 39 -34 9 6 8 -31 -14 -30 -29 17 -73 -24 7 -32 -7 8 64 19 -87 -23 6 30 -39 -32 10 15 -16 -31 -70 -4 -77 -37 -25 -2 -61 -43 54 15 -65 -36 -80 33 74 -34 -63 30 0 -37 13 -20 7 0 84 16 -65 -36 91 26 9 -20 94 5 -17 -50 33 -43 70 0 25 32 -2 1 27 -24 86 -24 7 -33 -5 -26 -37 -30 -26 -39 -28 -37 19 -36 -33 -29 39 1 28 -21 -99 5 -30 -37 -41 -38 -33 -37 -32 -1 12 -29 55 -31 -20 -31 -76 -37 -11 35 -3 -17 66 -43 -12 31 5 -37 -45 -31 61 -21 28 -32 -74 28 -24 -42 -68 -27 -36 23 54 26 -107 -18 33 -14 33 24 -96 -11 33 3 -40 -5 37 -8 51 -20 -29 -6 -16 11 -76 0 -23 -35 -91 15 51 -12 -20 35 7 20 -40 37 25 -47 41 35 -39 -40 -25 -30 -91 2 10 -31 61 -14 40 30 -51 12 43 9 -108 -9 46 3 39 1 -25 17 -65 -40 -43 -16 -34 -19 39 -15 79 0 34 -49 62 14 -39 17 21 -27 45 16 75 -35 -50 1 49 -20 37 1 48 -31 -80 -13 76 -11 75 6 75 -27 -28 -37 -60 34 4 -12 77 25 3 -2 -18 2 36 14 -14 41 -14 31 37 -2 -65 -18 29 -3 32 40 -18 41 7 -49 23 -1 74 -40 -3 -15 32 -49 -6 -34 59 -2 25 -44 -49 -30 27 -45 -56 4 35 -42 70 -3 -77 33 20 -34 -15 -41 -59 30 32 -37 -15 -24 43 -40 -37 -43 -55 
8 3 3 0 0.950495 48 -16 -36 -16 -40 -18 23 -24 -64 21 39 -19 -26 -16 -60 -24 23 -23 -3 -19 27 -15 -11 -16 11 -19 42 -19 -27 -24 -58 -24 18 20 38 -20 -3 -9 52 20 38 -15 -70 8 -77 -15 -68 -24 -69 9 37 -17 -24 -20 30 -17 13 -18 -71 -3 37 -6 -80 -20 54 3 -77 -18 12 34 -77 -21 37 -21 46 9 -81 14 -73 -11 38 -6 -73 -23 48 20 -76 8 -77 0 -72 17 -72 24 -71 -26 -50 1 0.0705128 1 -17 3 2 0.441964 9 -45 14 -29 103 -12 52 8 42 17 -37 -31 0 -4 22 6 25 -53 5 
9 3 2 0 0.897959 2 -15 3 10 -78 2 0.6875 1 -4 -18 
10 3 2 0 0.15493 1 29 32 2 0.990619 24 -47 -41 11 -11 1 -10 10 -25 8 -10 -12 -10 22 -16 5 -3 0 -7 5 51 25 -24 28 4 5 62 15 -14 0 49 1 -35 -3 0 4 13 5 14 39 3 4 -2 7 -9 -5 13 40 -18 
11 3 2 1 0.95935 59 -22 41 -29 24 -26 19 -23 18 -27 20 -24 48 -24 23 -27 40 -27 5 -19 41 -21 48 -27 14 -19 11 -20 1 -16 15 -24 29 -20 37 -21 27 -17 25 -24 35 -22 7 -15 9 -26 7 -19 43 -22 39 -15 17 -29 5 -21 15 -20 14 -23 5 -22 14 -23 17 -22 31 -15 34 -16 7 -13 33 -23 25 -16 28 -19 7 -22 1 -14 38 -14 15 -22 2 -17 13 -15 3 -12 3 -15 43 -11 40 -20 4 -17 28 -19 15 -17 18 -21 23 -23 19 -11 4 -20 8 -20 20 -13 21 30 -52 2 0.210526 4 -25 58 -14 34 -21 61 17 32 
12 3 1 1 0.984909 89 -21 -9 -26 -39 23 -42 -19 14 -29 3 -23 -20 18 -58 -24 16 -24 30 -23 19 19 -46 -3 -59 -5 -55 -7 -61 -10 -44 -4 -48 -14 -52 -10 -48 -8 -50 -6 -44 -10 -62 -7 -50 -17 -59 4 -53 -18 -50 -2 -44 -19 -60 -8 -46 -13 -62 -13 -52 -4 -43 -2 -56 -8 -49 -5 -47 -18 -46 2 -52 10 -46 -22 -43 1 -52 -5 -47 1 -50 -18 -56 -26 -41 11 -54 -4 -49 2 -48 -14 -56 -26 -52 -12 -50 4 -61 3 -46 -14 -48 2 -40 3 -48 4 -52 -8 -57 -26 -50 3 -47 -26 -40 -22 -43 -21 -62 4 -48 -23 -14 -27 -42 -13 -57 -13 -52 16 -49 -19 -55 -27 -52 -25 -44 -21 -42 -23 -49 16 -53 7 -45 -21 2 16 -53 11 -41 19 -48 -21 -60 -23 -7 10 -44 16 -60 15 -51 -23 -36 17 -51 23 -45 21 -57 -22 0 18 -54 
