10 72 2
0 0 -1 12 9 0 0 2 12 0 0 4 15 
1 1 -1 0 2 0 0 13 0 0 0 4 -14 
2 1 -1 0 5 0 0 4 17 0 0 0 79 
3 2 -1 13 10 0 0 0 9 0 0 4 -5 
4 2 -1 1 2 0 0 15 0 0 0 4 22 
5 2 -1 3 4 0 0 19 5 0 0 0 -100 
6 2 -1 7 19 0 0 2 7 0 0 16 1 
7 3 0 0 0 0 0 0 0 0 0 0 0 
8 3 -1 3 2 0 0 19 19 0 0 17 14 
9 3 -1 2 11 0 0 16 2 0 0 17 18 
10 3 -1 0 16 0 0 6 7 0 0 0 -82 
11 3 53 0 0 0 0 0 0 0 0 0 0 
12 3 -1 6 3 0 0 10 6 0 0 2 -17 
13 3 70 0 0 0 0 0 0 0 0 0 0 
14 3 71 0 0 0 0 0 0 0 0 0 0 
15 4 0 0 0 0 0 0 0 0 0 0 0 
16 4 0 0 0 0 0 0 0 0 0 0 0 
17 4 -1 13 6 0 0 1 16 0 0 16 -58 
18 4 10 0 0 0 0 0 0 0 0 0 0 
19 4 -1 5 4 0 0 19 4 0 0 15 -87 
20 4 -1 10 9 0 0 3 15 0 0 0 18 
21 4 41 0 0 0 0 0 0 0 0 0 0 
22 4 -1 10 17 0 0 1 10 0 0 0 7 
23 4 0 0 0 0 0 0 0 0 0 0 0 
24 4 0 0 0 0 0 0 0 0 0 0 0 
25 4 54 0 0 0 0 0 0 0 0 0 0 
26 4 -1 5 13 0 0 15 11 0 0 16 -39 
27 4 0 0 0 0 0 0 0 0 0 0 0 
28 4 0 0 0 0 0 0 0 0 0 0 0 
29 4 0 0 0 0 0 0 0 0 0 0 0 
30 4 0 0 0 0 0 0 0 0 0 0 0 
31 5 0 0 0 0 0 0 0 0 0 0 0 
32 5 0 0 0 0 0 0 0 0 0 0 0 
33 5 0 0 0 0 0 0 0 0 0 0 0 
34 5 0 0 0 0 0 0 0 0 0 0 0 
35 5 1 0 0 0 0 0 0 0 0 0 0 
36 5 -1 0 18 0 0 8 1 0 0 0 -114 
37 5 0 0 0 0 0 0 0 0 0 0 0 
38 5 0 0 0 0 0 0 0 0 0 0 0 
39 5 -1 14 10 0 0 8 7 0 0 3 48 
40 5 -1 1 8 0 0 19 17 0 0 2 -2 
41 5 -1 17 15 0 0 0 5 0 0 5 41 
42 5 40 0 0 0 0 0 0 0 0 0 0 
43 5 0 0 0 0 0 0 0 0 0 0 0 
44 5 0 0 0 0 0 0 0 0 0 0 0 
45 5 -1 3 2 0 0 4 19 0 0 1 5 
46 5 52 0 0 0 0 0 0 0 0 0 0 
47 5 0 0 0 0 0 0 0 0 0 0 0 
48 5 0 0 0 0 0 0 0 0 0 0 0 
49 5 0 0 0 0 0 0 0 0 0 0 0 
50 5 0 0 0 0 0 0 0 0 0 0 0 
51 5 0 0 0 0 0 0 0 0 0 0 0 
52 5 0 0 0 0 0 0 0 0 0 0 0 
53 5 55 0 0 0 0 0 0 0 0 0 0 
54 5 -1 9 0 0 0 13 15 0 0 12 -90 
55 5 0 0 0 0 0 0 0 0 0 0 0 
56 5 0 0 0 0 0 0 0 0 0 0 0 
57 5 0 0 0 0 0 0 0 0 0 0 0 
58 5 0 0 0 0 0 0 0 0 0 0 0 
59 5 0 0 0 0 0 0 0 0 0 0 0 
60 5 0 0 0 0 0 0 0 0 0 0 0 
61 5 0 0 0 0 0 0 0 0 0 0 0 
62 5 0 0 0 0 0 0 0 0 0 0 0 
63 6 0 0 0 0 0 0 0 0 0 0 0 
64 6 0 0 0 0 0 0 0 0 0 0 0 
65 6 0 0 0 0 0 0 0 0 0 0 0 
66 6 0 0 0 0 0 0 0 0 0 0 0 
67 6 0 0 0 0 0 0 0 0 0 0 0 
68 6 0 0 0 0 0 0 0 0 0 0 0 
69 6 0 0 0 0 0 0 0 0 0 0 0 
70 6 0 0 0 0 0 0 0 0 0 0 0 
71 6 0 0 0 0 0 0 0 0 0 0 0 
72 6 0 0 0 0 0 0 0 0 0 0 0 
73 6 2 0 0 0 0 0 0 0 0 0 0 
74 6 -1 9 14 0 0 4 11 0 0 2 12 
75 6 0 0 0 0 0 0 0 0 0 0 0 
76 6 0 0 0 0 0 0 0 0 0 0 0 
77 6 0 0 0 0 0 0 0 0 0 0 0 
78 6 0 0 0 0 0 0 0 0 0 0 0 
79 6 -1 15 19 0 0 14 16 0 0 7 -53 
80 6 13 0 0 0 0 0 0 0 0 0 0 
81 6 -1 4 3 0 0 6 16 0 0 18 -13 
82 6 -1 0 9 0 0 1 15 0 0 0 2 
83 6 -1 6 5 0 0 6 3 0 0 14 -51 
84 6 39 0 0 0 0 0 0 0 0 0 0 
85 6 0 0 0 0 0 0 0 0 0 0 0 
86 6 0 0 0 0 0 0 0 0 0 0 0 
87 6 0 0 0 0 0 0 0 0 0 0 0 
88 6 0 0 0 0 0 0 0 0 0 0 0 
89 6 0 0 0 0 0 0 0 0 0 0 0 
90 6 0 0 0 0 0 0 0 0 0 0 0 
91 6 -1 14 10 0 0 4 9 0 0 9 -28 
92 6 -1 15 2 0 0 15 5 0 0 15 -42 
93 6 0 0 0 0 0 0 0 0 0 0 0 
94 6 0 0 0 0 0 0 0 0 0 0 0 
95 6 0 0 0 0 0 0 0 0 0 0 0 
96 6 0 0 0 0 0 0 0 0 0 0 0 
97 6 0 0 0 0 0 0 0 0 0 0 0 
98 6 0 0 0 0 0 0 0 0 0 0 0 
99 6 0 0 0 0 0 0 0 0 0 0 0 
100 6 0 0 0 0 0 0 0 0 0 0 0 
101 6 0 0 0 0 0 0 0 0 0 0 0 
102 6 0 0 0 0 0 0 0 0 0 0 0 
103 6 0 0 0 0 0 0 0 0 0 0 0 
104 6 0 0 0 0 0 0 0 0 0 0 0 
105 6 0 0 0 0 0 0 0 0 0 0 0 
106 6 0 0 0 0 0 0 0 0 0 0 0 
107 6 0 0 0 0 0 0 0 0 0 0 0 
108 6 0 0 0 0 0 0 0 0 0 0 0 
109 6 -1 8 9 0 0 14 13 0 0 12 -25 
110 6 -1 1 6 0 0 19 18 0 0 8 25 
111 6 0 0 0 0 0 0 0 0 0 0 0 
112 6 0 0 0 0 0 0 0 0 0 0 0 
113 6 0 0 0 0 0 0 0 0 0 0 0 
114 6 0 0 0 0 0 0 0 0 0 0 0 
115 6 0 0 0 0 0 0 0 0 0 0 0 
116 6 0 0 0 0 0 0 0 0 0 0 0 
117 6 0 0 0 0 0 0 0 0 0 0 0 
118 6 0 0 0 0 0 0 0 0 0 0 0 
119 6 0 0 0 0 0 0 0 0 0 0 0 
120 6 0 0 0 0 0 0 0 0 0 0 0 
121 6 0 0 0 0 0 0 0 0 0 0 0 
122 6 0 0 0 0 0 0 0 0 0 0 0 
123 6 0 0 0 0 0 0 0 0 0 0 0 
124 6 0 0 0 0 0 0 0 0 0 0 0 
125 6 0 0 0 0 0 0 0 0 0 0 0 
126 6 0 0 0 0 0 0 0 0 0 0 0 
127 7 0 0 0 0 0 0 0 0 0 0 0 
128 7 0 0 0 0 0 0 0 0 0 0 0 
129 7 0 0 0 0 0 0 0 0 0 0 0 
130 7 0 0 0 0 0 0 0 0 0 0 0 
131 7 0 0 0 0 0 0 0 0 0 0 0 
132 7 0 0 0 0 0 0 0 0 0 0 0 
133 7 0 0 0 0 0 0 0 0 0 0 0 
134 7 0 0 0 0 0 0 0 0 0 0 0 
135 7 0 0 0 0 0 0 0 0 0 0 0 
136 7 0 0 0 0 0 0 0 0 0 0 0 
137 7 0 0 0 0 0 0 0 0 0 0 0 
138 7 0 0 0 0 0 0 0 0 0 0 0 
139 7 0 0 0 0 0 0 0 0 0 0 0 
140 7 0 0 0 0 0 0 0 0 0 0 0 
141 7 0 0 0 0 0 0 0 0 0 0 0 
142 7 0 0 0 0 0 0 0 0 0 0 0 
143 7 0 0 0 0 0 0 0 0 0 0 0 
144 7 0 0 0 0 0 0 0 0 0 0 0 
145 7 0 0 0 0 0 0 0 0 0 0 0 
146 7 0 0 0 0 0 0 0 0 0 0 0 
147 7 0 0 0 0 0 0 0 0 0 0 0 
148 7 0 0 0 0 0 0 0 0 0 0 0 
149 7 -1 2 11 0 0 16 17 0 0 0 -17 
150 7 9 0 0 0 0 0 0 0 0 0 0 
151 7 0 0 0 0 0 0 0 0 0 0 0 
152 7 0 0 0 0 0 0 0 0 0 0 0 
153 7 0 0 0 0 0 0 0 0 0 0 0 
154 7 0 0 0 0 0 0 0 0 0 0 0 
155 7 0 0 0 0 0 0 0 0 0 0 0 
156 7 0 0 0 0 0 0 0 0 0 0 0 
157 7 0 0 0 0 0 0 0 0 0 0 0 
158 7 0 0 0 0 0 0 0 0 0 0 0 
159 7 11 0 0 0 0 0 0 0 0 0 0 
160 7 12 0 0 0 0 0 0 0 0 0 0 
161 7 0 0 0 0 0 0 0 0 0 0 0 
162 7 0 0 0 0 0 0 0 0 0 0 0 
163 7 -1 5 6 0 0 8 0 0 0 2 2 
164 7 -1 14 13 0 0 0 8 0 0 2 0 
165 7 -1 8 14 0 0 14 4 0 0 17 -20 
166 7 -1 4 4 0 0 2 17 0 0 0 7 
167 7 34 0 0 0 0 0 0 0 0 0 0 
168 7 -1 4 17 0 0 7 19 0 0 13 -12 
169 7 0 0 0 0 0 0 0 0 0 0 0 
170 7 0 0 0 0 0 0 0 0 0 0 0 
171 7 0 0 0 0 0 0 0 0 0 0 0 
172 7 0 0 0 0 0 0 0 0 0 0 0 
173 7 0 0 0 0 0 0 0 0 0 0 0 
174 7 0 0 0 0 0 0 0 0 0 0 0 
175 7 0 0 0 0 0 0 0 0 0 0 0 
176 7 0 0 0 0 0 0 0 0 0 0 0 
177 7 0 0 0 0 0 0 0 0 0 0 0 
178 7 0 0 0 0 0 0 0 0 0 0 0 
179 7 0 0 0 0 0 0 0 0 0 0 0 
180 7 0 0 0 0 0 0 0 0 0 0 0 
181 7 0 0 0 0 0 0 0 0 0 0 0 
182 7 0 0 0 0 0 0 0 0 0 0 0 
183 7 42 0 0 0 0 0 0 0 0 0 0 
184 7 -1 0 4 0 0 18 13 0 0 9 4 
185 7 46 0 0 0 0 0 0 0 0 0 0 
186 7 -1 10 3 0 0 3 15 0 0 15 -37 
187 7 0 0 0 0 0 0 0 0 0 0 0 
188 7 0 0 0 0 0 0 0 0 0 0 0 
189 7 0 0 0 0 0 0 0 0 0 0 0 
190 7 0 0 0 0 0 0 0 0 0 0 0 
191 7 0 0 0 0 0 0 0 0 0 0 0 
192 7 0 0 0 0 0 0 0 0 0 0 0 
193 7 0 0 0 0 0 0 0 0 0 0 0 
194 7 0 0 0 0 0 0 0 0 0 0 0 
195 7 0 0 0 0 0 0 0 0 0 0 0 
196 7 0 0 0 0 0 0 0 0 0 0 0 
197 7 0 0 0 0 0 0 0 0 0 0 0 
198 7 0 0 0 0 0 0 0 0 0 0 0 
199 7 0 0 0 0 0 0 0 0 0 0 0 
200 7 0 0 0 0 0 0 0 0 0 0 0 
201 7 0 0 0 0 0 0 0 0 0 0 0 
202 7 0 0 0 0 0 0 0 0 0 0 0 
203 7 0 0 0 0 0 0 0 0 0 0 0 
204 7 0 0 0 0 0 0 0 0 0 0 0 
205 7 0 0 0 0 0 0 0 0 0 0 0 
206 7 0 0 0 0 0 0 0 0 0 0 0 
207 7 0 0 0 0 0 0 0 0 0 0 0 
208 7 0 0 0 0 0 0 0 0 0 0 0 
209 7 0 0 0 0 0 0 0 0 0 0 0 
210 7 0 0 0 0 0 0 0 0 0 0 0 
211 7 0 0 0 0 0 0 0 0 0 0 0 
212 7 0 0 0 0 0 0 0 0 0 0 0 
213 7 0 0 0 0 0 0 0 0 0 0 0 
214 7 0 0 0 0 0 0 0 0 0 0 0 
215 7 0 0 0 0 0 0 0 0 0 0 0 
216 7 0 0 0 0 0 0 0 0 0 0 0 
217 7 0 0 0 0 0 0 0 0 0 0 0 
218 7 0 0 0 0 0 0 0 0 0 0 0 
219 7 -1 7 18 0 0 13 17 0 0 4 -25 
220 7 58 0 0 0 0 0 0 0 0 0 0 
221 7 -1 14 8 0 0 2 7 0 0 0 16 
222 7 -1 1 2 0 0 15 10 0 0 0 41 
223 7 0 0 0 0 0 0 0 0 0 0 0 
224 7 0 0 0 0 0 0 0 0 0 0 0 
225 7 0 0 0 0 0 0 0 0 0 0 0 
226 7 0 0 0 0 0 0 0 0 0 0 0 
227 7 0 0 0 0 0 0 0 0 0 0 0 
228 7 0 0 0 0 0 0 0 0 0 0 0 
229 7 0 0 0 0 0 0 0 0 0 0 0 
230 7 0 0 0 0 0 0 0 0 0 0 0 
231 7 0 0 0 0 0 0 0 0 0 0 0 
232 7 0 0 0 0 0 0 0 0 0 0 0 
233 7 0 0 0 0 0 0 0 0 0 0 0 
234 7 0 0 0 0 0 0 0 0 0 0 0 
235 7 0 0 0 0 0 0 0 0 0 0 0 
236 7 0 0 0 0 0 0 0 0 0 0 0 
237 7 0 0 0 0 0 0 0 0 0 0 0 
238 7 0 0 0 0 0 0 0 0 0 0 0 
239 7 0 0 0 0 0 0 0 0 0 0 0 
240 7 0 0 0 0 0 0 0 0 0 0 0 
241 7 0 0 0 0 0 0 0 0 0 0 0 
242 7 0 0 0 0 0 0 0 0 0 0 0 
243 7 0 0 0 0 0 0 0 0 0 0 0 
244 7 0 0 0 0 0 0 0 0 0 0 0 
245 7 0 0 0 0 0 0 0 0 0 0 0 
246 7 0 0 0 0 0 0 0 0 0 0 0 
247 7 0 0 0 0 0 0 0 0 0 0 0 
248 7 0 0 0 0 0 0 0 0 0 0 0 
249 7 0 0 0 0 0 0 0 0 0 0 0 
250 7 0 0 0 0 0 0 0 0 0 0 0 
251 7 0 0 0 0 0 0 0 0 0 0 0 
252 7 0 0 0 0 0 0 0 0 0 0 0 
253 7 0 0 0 0 0 0 0 0 0 0 0 
254 7 0 0 0 0 0 0 0 0 0 0 0 
255 8 0 0 0 0 0 0 0 0 0 0 0 
256 8 0 0 0 0 0 0 0 0 0 0 0 
257 8 0 0 0 0 0 0 0 0 0 0 0 
258 8 0 0 0 0 0 0 0 0 0 0 0 
259 8 0 0 0 0 0 0 0 0 0 0 0 
260 8 0 0 0 0 0 0 0 0 0 0 0 
261 8 0 0 0 0 0 0 0 0 0 0 0 
262 8 0 0 0 0 0 0 0 0 0 0 0 
263 8 0 0 0 0 0 0 0 0 0 0 0 
264 8 0 0 0 0 0 0 0 0 0 0 0 
265 8 0 0 0 0 0 0 0 0 0 0 0 
266 8 0 0 0 0 0 0 0 0 0 0 0 
267 8 0 0 0 0 0 0 0 0 0 0 0 
268 8 0 0 0 0 0 0 0 0 0 0 0 
269 8 0 0 0 0 0 0 0 0 0 0 0 
270 8 0 0 0 0 0 0 0 0 0 0 0 
271 8 0 0 0 0 0 0 0 0 0 0 0 
272 8 0 0 0 0 0 0 0 0 0 0 0 
273 8 0 0 0 0 0 0 0 0 0 0 0 
274 8 0 0 0 0 0 0 0 0 0 0 0 
275 8 0 0 0 0 0 0 0 0 0 0 0 
276 8 0 0 0 0 0 0 0 0 0 0 0 
277 8 0 0 0 0 0 0 0 0 0 0 0 
278 8 0 0 0 0 0 0 0 0 0 0 0 
279 8 0 0 0 0 0 0 0 0 0 0 0 
280 8 0 0 0 0 0 0 0 0 0 0 0 
281 8 0 0 0 0 0 0 0 0 0 0 0 
282 8 0 0 0 0 0 0 0 0 0 0 0 
283 8 0 0 0 0 0 0 0 0 0 0 0 
284 8 0 0 0 0 0 0 0 0 0 0 0 
285 8 0 0 0 0 0 0 0 0 0 0 0 
286 8 0 0 0 0 0 0 0 0 0 0 0 
287 8 0 0 0 0 0 0 0 0 0 0 0 
288 8 0 0 0 0 0 0 0 0 0 0 0 
289 8 0 0 0 0 0 0 0 0 0 0 0 
290 8 0 0 0 0 0 0 0 0 0 0 0 
291 8 0 0 0 0 0 0 0 0 0 0 0 
292 8 0 0 0 0 0 0 0 0 0 0 0 
293 8 0 0 0 0 0 0 0 0 0 0 0 
294 8 0 0 0 0 0 0 0 0 0 0 0 
295 8 0 0 0 0 0 0 0 0 0 0 0 
296 8 0 0 0 0 0 0 0 0 0 0 0 
297 8 0 0 0 0 0 0 0 0 0 0 0 
298 8 0 0 0 0 0 0 0 0 0 0 0 
299 8 -1 2 5 0 0 15 9 0 0 10 93 
300 8 -1 1 8 0 0 19 0 0 0 15 -57 
301 8 0 0 0 0 0 0 0 0 0 0 0 
302 8 0 0 0 0 0 0 0 0 0 0 0 
303 8 0 0 0 0 0 0 0 0 0 0 0 
304 8 0 0 0 0 0 0 0 0 0 0 0 
305 8 0 0 0 0 0 0 0 0 0 0 0 
306 8 0 0 0 0 0 0 0 0 0 0 0 
307 8 0 0 0 0 0 0 0 0 0 0 0 
308 8 0 0 0 0 0 0 0 0 0 0 0 
309 8 0 0 0 0 0 0 0 0 0 0 0 
310 8 0 0 0 0 0 0 0 0 0 0 0 
311 8 0 0 0 0 0 0 0 0 0 0 0 
312 8 0 0 0 0 0 0 0 0 0 0 0 
313 8 0 0 0 0 0 0 0 0 0 0 0 
314 8 0 0 0 0 0 0 0 0 0 0 0 
315 8 0 0 0 0 0 0 0 0 0 0 0 
316 8 0 0 0 0 0 0 0 0 0 0 0 
317 8 0 0 0 0 0 0 0 0 0 0 0 
318 8 0 0 0 0 0 0 0 0 0 0 0 
319 8 0 0 0 0 0 0 0 0 0 0 0 
320 8 0 0 0 0 0 0 0 0 0 0 0 
321 8 0 0 0 0 0 0 0 0 0 0 0 
322 8 0 0 0 0 0 0 0 0 0 0 0 
323 8 0 0 0 0 0 0 0 0 0 0 0 
324 8 0 0 0 0 0 0 0 0 0 0 0 
325 8 0 0 0 0 0 0 0 0 0 0 0 
326 8 0 0 0 0 0 0 0 0 0 0 0 
327 8 14 0 0 0 0 0 0 0 0 0 0 
328 8 15 0 0 0 0 0 0 0 0 0 0 
329 8 -1 8 5 0 0 11 8 0 0 16 5 
330 8 -1 6 15 0 0 3 14 0 0 11 -28 
331 8 22 0 0 0 0 0 0 0 0 0 0 
332 8 -1 16 15 0 0 13 8 0 0 0 10 
333 8 -1 7 4 0 0 18 12 0 0 10 1 
334 8 -1 14 10 0 0 16 17 0 0 6 -3 
335 8 0 0 0 0 0 0 0 0 0 0 0 
336 8 0 0 0 0 0 0 0 0 0 0 0 
337 8 35 0 0 0 0 0 0 0 0 0 0 
338 8 -1 8 0 0 0 1 8 0 0 12 37 
339 8 0 0 0 0 0 0 0 0 0 0 0 
340 8 0 0 0 0 0 0 0 0 0 0 0 
341 8 0 0 0 0 0 0 0 0 0 0 0 
342 8 0 0 0 0 0 0 0 0 0 0 0 
343 8 0 0 0 0 0 0 0 0 0 0 0 
344 8 0 0 0 0 0 0 0 0 0 0 0 
345 8 0 0 0 0 0 0 0 0 0 0 0 
346 8 0 0 0 0 0 0 0 0 0 0 0 
347 8 0 0 0 0 0 0 0 0 0 0 0 
348 8 0 0 0 0 0 0 0 0 0 0 0 
349 8 0 0 0 0 0 0 0 0 0 0 0 
350 8 0 0 0 0 0 0 0 0 0 0 0 
351 8 0 0 0 0 0 0 0 0 0 0 0 
352 8 0 0 0 0 0 0 0 0 0 0 0 
353 8 0 0 0 0 0 0 0 0 0 0 0 
354 8 0 0 0 0 0 0 0 0 0 0 0 
355 8 0 0 0 0 0 0 0 0 0 0 0 
356 8 0 0 0 0 0 0 0 0 0 0 0 
357 8 0 0 0 0 0 0 0 0 0 0 0 
358 8 0 0 0 0 0 0 0 0 0 0 0 
359 8 0 0 0 0 0 0 0 0 0 0 0 
360 8 0 0 0 0 0 0 0 0 0 0 0 
361 8 0 0 0 0 0 0 0 0 0 0 0 
362 8 0 0 0 0 0 0 0 0 0 0 0 
363 8 0 0 0 0 0 0 0 0 0 0 0 
364 8 0 0 0 0 0 0 0 0 0 0 0 
365 8 0 0 0 0 0 0 0 0 0 0 0 
366 8 0 0 0 0 0 0 0 0 0 0 0 
367 8 0 0 0 0 0 0 0 0 0 0 0 
368 8 0 0 0 0 0 0 0 0 0 0 0 
369 8 43 0 0 0 0 0 0 0 0 0 0 
370 8 -1 9 9 0 0 17 7 0 0 19 0 
371 8 0 0 0 0 0 0 0 0 0 0 0 
372 8 0 0 0 0 0 0 0 0 0 0 0 
373 8 -1 16 4 0 0 17 5 0 0 15 -6 
374 8 -1 11 7 0 0 1 5 0 0 7 -16 
375 8 0 0 0 0 0 0 0 0 0 0 0 
376 8 0 0 0 0 0 0 0 0 0 0 0 
377 8 0 0 0 0 0 0 0 0 0 0 0 
378 8 0 0 0 0 0 0 0 0 0 0 0 
379 8 0 0 0 0 0 0 0 0 0 0 0 
380 8 0 0 0 0 0 0 0 0 0 0 0 
381 8 0 0 0 0 0 0 0 0 0 0 0 
382 8 0 0 0 0 0 0 0 0 0 0 0 
383 8 0 0 0 0 0 0 0 0 0 0 0 
384 8 0 0 0 0 0 0 0 0 0 0 0 
385 8 0 0 0 0 0 0 0 0 0 0 0 
386 8 0 0 0 0 0 0 0 0 0 0 0 
387 8 0 0 0 0 0 0 0 0 0 0 0 
388 8 0 0 0 0 0 0 0 0 0 0 0 
389 8 0 0 0 0 0 0 0 0 0 0 0 
390 8 0 0 0 0 0 0 0 0 0 0 0 
391 8 0 0 0 0 0 0 0 0 0 0 0 
392 8 0 0 0 0 0 0 0 0 0 0 0 
393 8 0 0 0 0 0 0 0 0 0 0 0 
394 8 0 0 0 0 0 0 0 0 0 0 0 
395 8 0 0 0 0 0 0 0 0 0 0 0 
396 8 0 0 0 0 0 0 0 0 0 0 0 
397 8 0 0 0 0 0 0 0 0 0 0 0 
398 8 0 0 0 0 0 0 0 0 0 0 0 
399 8 0 0 0 0 0 0 0 0 0 0 0 
400 8 0 0 0 0 0 0 0 0 0 0 0 
401 8 0 0 0 0 0 0 0 0 0 0 0 
402 8 0 0 0 0 0 0 0 0 0 0 0 
403 8 0 0 0 0 0 0 0 0 0 0 0 
404 8 0 0 0 0 0 0 0 0 0 0 0 
405 8 0 0 0 0 0 0 0 0 0 0 0 
406 8 0 0 0 0 0 0 0 0 0 0 0 
407 8 0 0 0 0 0 0 0 0 0 0 0 
408 8 0 0 0 0 0 0 0 0 0 0 0 
409 8 0 0 0 0 0 0 0 0 0 0 0 
410 8 0 0 0 0 0 0 0 0 0 0 0 
411 8 0 0 0 0 0 0 0 0 0 0 0 
412 8 0 0 0 0 0 0 0 0 0 0 0 
413 8 0 0 0 0 0 0 0 0 0 0 0 
414 8 0 0 0 0 0 0 0 0 0 0 0 
415 8 0 0 0 0 0 0 0 0 0 0 0 
416 8 0 0 0 0 0 0 0 0 0 0 0 
417 8 0 0 0 0 0 0 0 0 0 0 0 
418 8 0 0 0 0 0 0 0 0 0 0 0 
419 8 0 0 0 0 0 0 0 0 0 0 0 
420 8 0 0 0 0 0 0 0 0 0 0 0 
421 8 0 0 0 0 0 0 0 0 0 0 0 
422 8 0 0 0 0 0 0 0 0 0 0 0 
423 8 0 0 0 0 0 0 0 0 0 0 0 
424 8 0 0 0 0 0 0 0 0 0 0 0 
425 8 0 0 0 0 0 0 0 0 0 0 0 
426 8 0 0 0 0 0 0 0 0 0 0 0 
427 8 0 0 0 0 0 0 0 0 0 0 0 
428 8 0 0 0 0 0 0 0 0 0 0 0 
429 8 0 0 0 0 0 0 0 0 0 0 0 
430 8 0 0 0 0 0 0 0 0 0 0 0 
431 8 0 0 0 0 0 0 0 0 0 0 0 
432 8 0 0 0 0 0 0 0 0 0 0 0 
433 8 0 0 0 0 0 0 0 0 0 0 0 
434 8 0 0 0 0 0 0 0 0 0 0 0 
435 8 0 0 0 0 0 0 0 0 0 0 0 
436 8 0 0 0 0 0 0 0 0 0 0 0 
437 8 0 0 0 0 0 0 0 0 0 0 0 
438 8 0 0 0 0 0 0 0 0 0 0 0 
439 8 56 0 0 0 0 0 0 0 0 0 0 
440 8 57 0 0 0 0 0 0 0 0 0 0 
441 8 0 0 0 0 0 0 0 0 0 0 0 
442 8 0 0 0 0 0 0 0 0 0 0 0 
443 8 -1 2 17 0 0 11 16 0 0 17 9 
444 8 -1 7 11 0 0 10 9 0 0 1 -1 
445 8 -1 8 14 0 0 4 8 0 0 0 -31 
446 8 69 0 0 0 0 0 0 0 0 0 0 
447 8 0 0 0 0 0 0 0 0 0 0 0 
448 8 0 0 0 0 0 0 0 0 0 0 0 
449 8 0 0 0 0 0 0 0 0 0 0 0 
450 8 0 0 0 0 0 0 0 0 0 0 0 
451 8 0 0 0 0 0 0 0 0 0 0 0 
452 8 0 0 0 0 0 0 0 0 0 0 0 
453 8 0 0 0 0 0 0 0 0 0 0 0 
454 8 0 0 0 0 0 0 0 0 0 0 0 
455 8 0 0 0 0 0 0 0 0 0 0 0 
456 8 0 0 0 0 0 0 0 0 0 0 0 
457 8 0 0 0 0 0 0 0 0 0 0 0 
458 8 0 0 0 0 0 0 0 0 0 0 0 
459 8 0 0 0 0 0 0 0 0 0 0 0 
460 8 0 0 0 0 0 0 0 0 0 0 0 
461 8 0 0 0 0 0 0 0 0 0 0 0 
462 8 0 0 0 0 0 0 0 0 0 0 0 
463 8 0 0 0 0 0 0 0 0 0 0 0 
464 8 0 0 0 0 0 0 0 0 0 0 0 
465 8 0 0 0 0 0 0 0 0 0 0 0 
466 8 0 0 0 0 0 0 0 0 0 0 0 
467 8 0 0 0 0 0 0 0 0 0 0 0 
468 8 0 0 0 0 0 0 0 0 0 0 0 
469 8 0 0 0 0 0 0 0 0 0 0 0 
470 8 0 0 0 0 0 0 0 0 0 0 0 
471 8 0 0 0 0 0 0 0 0 0 0 0 
472 8 0 0 0 0 0 0 0 0 0 0 0 
473 8 0 0 0 0 0 0 0 0 0 0 0 
474 8 0 0 0 0 0 0 0 0 0 0 0 
475 8 0 0 0 0 0 0 0 0 0 0 0 
476 8 0 0 0 0 0 0 0 0 0 0 0 
477 8 0 0 0 0 0 0 0 0 0 0 0 
478 8 0 0 0 0 0 0 0 0 0 0 0 
479 8 0 0 0 0 0 0 0 0 0 0 0 
480 8 0 0 0 0 0 0 0 0 0 0 0 
481 8 0 0 0 0 0 0 0 0 0 0 0 
482 8 0 0 0 0 0 0 0 0 0 0 0 
483 8 0 0 0 0 0 0 0 0 0 0 0 
484 8 0 0 0 0 0 0 0 0 0 0 0 
485 8 0 0 0 0 0 0 0 0 0 0 0 
486 8 0 0 0 0 0 0 0 0 0 0 0 
487 8 0 0 0 0 0 0 0 0 0 0 0 
488 8 0 0 0 0 0 0 0 0 0 0 0 
489 8 0 0 0 0 0 0 0 0 0 0 0 
490 8 0 0 0 0 0 0 0 0 0 0 0 
491 8 0 0 0 0 0 0 0 0 0 0 0 
492 8 0 0 0 0 0 0 0 0 0 0 0 
493 8 0 0 0 0 0 0 0 0 0 0 0 
494 8 0 0 0 0 0 0 0 0 0 0 0 
495 8 0 0 0 0 0 0 0 0 0 0 0 
496 8 0 0 0 0 0 0 0 0 0 0 0 
497 8 0 0 0 0 0 0 0 0 0 0 0 
498 8 0 0 0 0 0 0 0 0 0 0 0 
499 8 0 0 0 0 0 0 0 0 0 0 0 
500 8 0 0 0 0 0 0 0 0 0 0 0 
501 8 0 0 0 0 0 0 0 0 0 0 0 
502 8 0 0 0 0 0 0 0 0 0 0 0 
503 8 0 0 0 0 0 0 0 0 0 0 0 
504 8 0 0 0 0 0 0 0 0 0 0 0 
505 8 0 0 0 0 0 0 0 0 0 0 0 
506 8 0 0 0 0 0 0 0 0 0 0 0 
507 8 0 0 0 0 0 0 0 0 0 0 0 
508 8 0 0 0 0 0 0 0 0 0 0 0 
509 8 0 0 0 0 0 0 0 0 0 0 0 
510 8 0 0 0 0 0 0 0 0 0 0 0 
511 9 0 0 0 0 0 0 0 0 0 0 0 
512 9 0 0 0 0 0 0 0 0 0 0 0 
513 9 0 0 0 0 0 0 0 0 0 0 0 
514 9 0 0 0 0 0 0 0 0 0 0 0 
515 9 0 0 0 0 0 0 0 0 0 0 0 
516 9 0 0 0 0 0 0 0 0 0 0 0 
517 9 0 0 0 0 0 0 0 0 0 0 0 
518 9 0 0 0 0 0 0 0 0 0 0 0 
519 9 0 0 0 0 0 0 0 0 0 0 0 
520 9 0 0 0 0 0 0 0 0 0 0 0 
521 9 0 0 0 0 0 0 0 0 0 0 0 
522 9 0 0 0 0 0 0 0 0 0 0 0 
523 9 0 0 0 0 0 0 0 0 0 0 0 
524 9 0 0 0 0 0 0 0 0 0 0 0 
525 9 0 0 0 0 0 0 0 0 0 0 0 
526 9 0 0 0 0 0 0 0 0 0 0 0 
527 9 0 0 0 0 0 0 0 0 0 0 0 
528 9 0 0 0 0 0 0 0 0 0 0 0 
529 9 0 0 0 0 0 0 0 0 0 0 0 
530 9 0 0 0 0 0 0 0 0 0 0 0 
531 9 0 0 0 0 0 0 0 0 0 0 0 
532 9 0 0 0 0 0 0 0 0 0 0 0 
533 9 0 0 0 0 0 0 0 0 0 0 0 
534 9 0 0 0 0 0 0 0 0 0 0 0 
535 9 0 0 0 0 0 0 0 0 0 0 0 
536 9 0 0 0 0 0 0 0 0 0 0 0 
537 9 0 0 0 0 0 0 0 0 0 0 0 
538 9 0 0 0 0 0 0 0 0 0 0 0 
539 9 0 0 0 0 0 0 0 0 0 0 0 
540 9 0 0 0 0 0 0 0 0 0 0 0 
541 9 0 0 0 0 0 0 0 0 0 0 0 
542 9 0 0 0 0 0 0 0 0 0 0 0 
543 9 0 0 0 0 0 0 0 0 0 0 0 
544 9 0 0 0 0 0 0 0 0 0 0 0 
545 9 0 0 0 0 0 0 0 0 0 0 0 
546 9 0 0 0 0 0 0 0 0 0 0 0 
547 9 0 0 0 0 0 0 0 0 0 0 0 
548 9 0 0 0 0 0 0 0 0 0 0 0 
549 9 0 0 0 0 0 0 0 0 0 0 0 
550 9 0 0 0 0 0 0 0 0 0 0 0 
551 9 0 0 0 0 0 0 0 0 0 0 0 
552 9 0 0 0 0 0 0 0 0 0 0 0 
553 9 0 0 0 0 0 0 0 0 0 0 0 
554 9 0 0 0 0 0 0 0 0 0 0 0 
555 9 0 0 0 0 0 0 0 0 0 0 0 
556 9 0 0 0 0 0 0 0 0 0 0 0 
557 9 0 0 0 0 0 0 0 0 0 0 0 
558 9 0 0 0 0 0 0 0 0 0 0 0 
559 9 0 0 0 0 0 0 0 0 0 0 0 
560 9 0 0 0 0 0 0 0 0 0 0 0 
561 9 0 0 0 0 0 0 0 0 0 0 0 
562 9 0 0 0 0 0 0 0 0 0 0 0 
563 9 0 0 0 0 0 0 0 0 0 0 0 
564 9 0 0 0 0 0 0 0 0 0 0 0 
565 9 0 0 0 0 0 0 0 0 0 0 0 
566 9 0 0 0 0 0 0 0 0 0 0 0 
567 9 0 0 0 0 0 0 0 0 0 0 0 
568 9 0 0 0 0 0 0 0 0 0 0 0 
569 9 0 0 0 0 0 0 0 0 0 0 0 
570 9 0 0 0 0 0 0 0 0 0 0 0 
571 9 0 0 0 0 0 0 0 0 0 0 0 
572 9 0 0 0 0 0 0 0 0 0 0 0 
573 9 0 0 0 0 0 0 0 0 0 0 0 
574 9 0 0 0 0 0 0 0 0 0 0 0 
575 9 0 0 0 0 0 0 0 0 0 0 0 
576 9 0 0 0 0 0 0 0 0 0 0 0 
577 9 0 0 0 0 0 0 0 0 0 0 0 
578 9 0 0 0 0 0 0 0 0 0 0 0 
579 9 0 0 0 0 0 0 0 0 0 0 0 
580 9 0 0 0 0 0 0 0 0 0 0 0 
581 9 0 0 0 0 0 0 0 0 0 0 0 
582 9 0 0 0 0 0 0 0 0 0 0 0 
583 9 0 0 0 0 0 0 0 0 0 0 0 
584 9 0 0 0 0 0 0 0 0 0 0 0 
585 9 0 0 0 0 0 0 0 0 0 0 0 
586 9 0 0 0 0 0 0 0 0 0 0 0 
587 9 0 0 0 0 0 0 0 0 0 0 0 
588 9 0 0 0 0 0 0 0 0 0 0 0 
589 9 0 0 0 0 0 0 0 0 0 0 0 
590 9 0 0 0 0 0 0 0 0 0 0 0 
591 9 0 0 0 0 0 0 0 0 0 0 0 
592 9 0 0 0 0 0 0 0 0 0 0 0 
593 9 0 0 0 0 0 0 0 0 0 0 0 
594 9 0 0 0 0 0 0 0 0 0 0 0 
595 9 0 0 0 0 0 0 0 0 0 0 0 
596 9 0 0 0 0 0 0 0 0 0 0 0 
597 9 0 0 0 0 0 0 0 0 0 0 0 
598 9 0 0 0 0 0 0 0 0 0 0 0 
599 9 -1 6 13 0 0 7 14 0 0 3 22 
600 9 5 0 0 0 0 0 0 0 0 0 0 
601 9 6 0 0 0 0 0 0 0 0 0 0 
602 9 -1 7 16 0 0 14 1 0 0 10 -35 
603 9 0 0 0 0 0 0 0 0 0 0 0 
604 9 0 0 0 0 0 0 0 0 0 0 0 
605 9 0 0 0 0 0 0 0 0 0 0 0 
606 9 0 0 0 0 0 0 0 0 0 0 0 
607 9 0 0 0 0 0 0 0 0 0 0 0 
608 9 0 0 0 0 0 0 0 0 0 0 0 
609 9 0 0 0 0 0 0 0 0 0 0 0 
610 9 0 0 0 0 0 0 0 0 0 0 0 
611 9 0 0 0 0 0 0 0 0 0 0 0 
612 9 0 0 0 0 0 0 0 0 0 0 0 
613 9 0 0 0 0 0 0 0 0 0 0 0 
614 9 0 0 0 0 0 0 0 0 0 0 0 
615 9 0 0 0 0 0 0 0 0 0 0 0 
616 9 0 0 0 0 0 0 0 0 0 0 0 
617 9 0 0 0 0 0 0 0 0 0 0 0 
618 9 0 0 0 0 0 0 0 0 0 0 0 
619 9 0 0 0 0 0 0 0 0 0 0 0 
620 9 0 0 0 0 0 0 0 0 0 0 0 
621 9 0 0 0 0 0 0 0 0 0 0 0 
622 9 0 0 0 0 0 0 0 0 0 0 0 
623 9 0 0 0 0 0 0 0 0 0 0 0 
624 9 0 0 0 0 0 0 0 0 0 0 0 
625 9 0 0 0 0 0 0 0 0 0 0 0 
626 9 0 0 0 0 0 0 0 0 0 0 0 
627 9 0 0 0 0 0 0 0 0 0 0 0 
628 9 0 0 0 0 0 0 0 0 0 0 0 
629 9 0 0 0 0 0 0 0 0 0 0 0 
630 9 0 0 0 0 0 0 0 0 0 0 0 
631 9 0 0 0 0 0 0 0 0 0 0 0 
632 9 0 0 0 0 0 0 0 0 0 0 0 
633 9 0 0 0 0 0 0 0 0 0 0 0 
634 9 0 0 0 0 0 0 0 0 0 0 0 
635 9 0 0 0 0 0 0 0 0 0 0 0 
636 9 0 0 0 0 0 0 0 0 0 0 0 
637 9 0 0 0 0 0 0 0 0 0 0 0 
638 9 0 0 0 0 0 0 0 0 0 0 0 
639 9 0 0 0 0 0 0 0 0 0 0 0 
640 9 0 0 0 0 0 0 0 0 0 0 0 
641 9 0 0 0 0 0 0 0 0 0 0 0 
642 9 0 0 0 0 0 0 0 0 0 0 0 
643 9 0 0 0 0 0 0 0 0 0 0 0 
644 9 0 0 0 0 0 0 0 0 0 0 0 
645 9 0 0 0 0 0 0 0 0 0 0 0 
646 9 0 0 0 0 0 0 0 0 0 0 0 
647 9 0 0 0 0 0 0 0 0 0 0 0 
648 9 0 0 0 0 0 0 0 0 0 0 0 
649 9 0 0 0 0 0 0 0 0 0 0 0 
650 9 0 0 0 0 0 0 0 0 0 0 0 
651 9 0 0 0 0 0 0 0 0 0 0 0 
652 9 0 0 0 0 0 0 0 0 0 0 0 
653 9 0 0 0 0 0 0 0 0 0 0 0 
654 9 0 0 0 0 0 0 0 0 0 0 0 
655 9 0 0 0 0 0 0 0 0 0 0 0 
656 9 0 0 0 0 0 0 0 0 0 0 0 
657 9 0 0 0 0 0 0 0 0 0 0 0 
658 9 0 0 0 0 0 0 0 0 0 0 0 
659 9 -1 1 18 0 0 12 9 0 0 0 12 
660 9 18 0 0 0 0 0 0 0 0 0 0 
661 9 19 0 0 0 0 0 0 0 0 0 0 
662 9 -1 1 6 0 0 15 13 0 0 18 -120 
663 9 0 0 0 0 0 0 0 0 0 0 0 
664 9 0 0 0 0 0 0 0 0 0 0 0 
665 9 -1 15 3 0 0 0 11 0 0 12 -4 
666 9 -1 8 6 0 0 13 18 0 0 14 -11 
667 9 -1 1 4 0 0 9 14 0 0 10 -3 
668 9 29 0 0 0 0 0 0 0 0 0 0 
669 9 -1 5 9 0 0 7 7 0 0 17 1 
670 9 -1 19 4 0 0 0 16 0 0 5 -6 
671 9 0 0 0 0 0 0 0 0 0 0 0 
672 9 0 0 0 0 0 0 0 0 0 0 0 
673 9 0 0 0 0 0 0 0 0 0 0 0 
674 9 0 0 0 0 0 0 0 0 0 0 0 
675 9 0 0 0 0 0 0 0 0 0 0 0 
676 9 0 0 0 0 0 0 0 0 0 0 0 
677 9 -1 11 4 0 0 16 13 0 0 20 -1 
678 9 38 0 0 0 0 0 0 0 0 0 0 
679 9 0 0 0 0 0 0 0 0 0 0 0 
680 9 0 0 0 0 0 0 0 0 0 0 0 
681 9 0 0 0 0 0 0 0 0 0 0 0 
682 9 0 0 0 0 0 0 0 0 0 0 0 
683 9 0 0 0 0 0 0 0 0 0 0 0 
684 9 0 0 0 0 0 0 0 0 0 0 0 
685 9 0 0 0 0 0 0 0 0 0 0 0 
686 9 0 0 0 0 0 0 0 0 0 0 0 
687 9 0 0 0 0 0 0 0 0 0 0 0 
688 9 0 0 0 0 0 0 0 0 0 0 0 
689 9 0 0 0 0 0 0 0 0 0 0 0 
690 9 0 0 0 0 0 0 0 0 0 0 0 
691 9 0 0 0 0 0 0 0 0 0 0 0 
692 9 0 0 0 0 0 0 0 0 0 0 0 
693 9 0 0 0 0 0 0 0 0 0 0 0 
694 9 0 0 0 0 0 0 0 0 0 0 0 
695 9 0 0 0 0 0 0 0 0 0 0 0 
696 9 0 0 0 0 0 0 0 0 0 0 0 
697 9 0 0 0 0 0 0 0 0 0 0 0 
698 9 0 0 0 0 0 0 0 0 0 0 0 
699 9 0 0 0 0 0 0 0 0 0 0 0 
700 9 0 0 0 0 0 0 0 0 0 0 0 
701 9 0 0 0 0 0 0 0 0 0 0 0 
702 9 0 0 0 0 0 0 0 0 0 0 0 
703 9 0 0 0 0 0 0 0 0 0 0 0 
704 9 0 0 0 0 0 0 0 0 0 0 0 
705 9 0 0 0 0 0 0 0 0 0 0 0 
706 9 0 0 0 0 0 0 0 0 0 0 0 
707 9 0 0 0 0 0 0 0 0 0 0 0 
708 9 0 0 0 0 0 0 0 0 0 0 0 
709 9 0 0 0 0 0 0 0 0 0 0 0 
710 9 0 0 0 0 0 0 0 0 0 0 0 
711 9 0 0 0 0 0 0 0 0 0 0 0 
712 9 0 0 0 0 0 0 0 0 0 0 0 
713 9 0 0 0 0 0 0 0 0 0 0 0 
714 9 0 0 0 0 0 0 0 0 0 0 0 
715 9 0 0 0 0 0 0 0 0 0 0 0 
716 9 0 0 0 0 0 0 0 0 0 0 0 
717 9 0 0 0 0 0 0 0 0 0 0 0 
718 9 0 0 0 0 0 0 0 0 0 0 0 
719 9 0 0 0 0 0 0 0 0 0 0 0 
720 9 0 0 0 0 0 0 0 0 0 0 0 
721 9 0 0 0 0 0 0 0 0 0 0 0 
722 9 0 0 0 0 0 0 0 0 0 0 0 
723 9 0 0 0 0 0 0 0 0 0 0 0 
724 9 0 0 0 0 0 0 0 0 0 0 0 
725 9 0 0 0 0 0 0 0 0 0 0 0 
726 9 0 0 0 0 0 0 0 0 0 0 0 
727 9 0 0 0 0 0 0 0 0 0 0 0 
728 9 0 0 0 0 0 0 0 0 0 0 0 
729 9 0 0 0 0 0 0 0 0 0 0 0 
730 9 0 0 0 0 0 0 0 0 0 0 0 
731 9 0 0 0 0 0 0 0 0 0 0 0 
732 9 0 0 0 0 0 0 0 0 0 0 0 
733 9 0 0 0 0 0 0 0 0 0 0 0 
734 9 0 0 0 0 0 0 0 0 0 0 0 
735 9 0 0 0 0 0 0 0 0 0 0 0 
736 9 0 0 0 0 0 0 0 0 0 0 0 
737 9 0 0 0 0 0 0 0 0 0 0 0 
738 9 0 0 0 0 0 0 0 0 0 0 0 
739 9 0 0 0 0 0 0 0 0 0 0 0 
740 9 0 0 0 0 0 0 0 0 0 0 0 
741 9 44 0 0 0 0 0 0 0 0 0 0 
742 9 45 0 0 0 0 0 0 0 0 0 0 
743 9 0 0 0 0 0 0 0 0 0 0 0 
744 9 0 0 0 0 0 0 0 0 0 0 0 
745 9 0 0 0 0 0 0 0 0 0 0 0 
746 9 0 0 0 0 0 0 0 0 0 0 0 
747 9 47 0 0 0 0 0 0 0 0 0 0 
748 9 -1 0 15 0 0 3 9 0 0 12 -33 
749 9 50 0 0 0 0 0 0 0 0 0 0 
750 9 51 0 0 0 0 0 0 0 0 0 0 
751 9 0 0 0 0 0 0 0 0 0 0 0 
752 9 0 0 0 0 0 0 0 0 0 0 0 
753 9 0 0 0 0 0 0 0 0 0 0 0 
754 9 0 0 0 0 0 0 0 0 0 0 0 
755 9 0 0 0 0 0 0 0 0 0 0 0 
756 9 0 0 0 0 0 0 0 0 0 0 0 
757 9 0 0 0 0 0 0 0 0 0 0 0 
758 9 0 0 0 0 0 0 0 0 0 0 0 
759 9 0 0 0 0 0 0 0 0 0 0 0 
760 9 0 0 0 0 0 0 0 0 0 0 0 
761 9 0 0 0 0 0 0 0 0 0 0 0 
762 9 0 0 0 0 0 0 0 0 0 0 0 
763 9 0 0 0 0 0 0 0 0 0 0 0 
764 9 0 0 0 0 0 0 0 0 0 0 0 
765 9 0 0 0 0 0 0 0 0 0 0 0 
766 9 0 0 0 0 0 0 0 0 0 0 0 
767 9 0 0 0 0 0 0 0 0 0 0 0 
768 9 0 0 0 0 0 0 0 0 0 0 0 
769 9 0 0 0 0 0 0 0 0 0 0 0 
770 9 0 0 0 0 0 0 0 0 0 0 0 
771 9 0 0 0 0 0 0 0 0 0 0 0 
772 9 0 0 0 0 0 0 0 0 0 0 0 
773 9 0 0 0 0 0 0 0 0 0 0 0 
774 9 0 0 0 0 0 0 0 0 0 0 0 
775 9 0 0 0 0 0 0 0 0 0 0 0 
776 9 0 0 0 0 0 0 0 0 0 0 0 
777 9 0 0 0 0 0 0 0 0 0 0 0 
778 9 0 0 0 0 0 0 0 0 0 0 0 
779 9 0 0 0 0 0 0 0 0 0 0 0 
780 9 0 0 0 0 0 0 0 0 0 0 0 
781 9 0 0 0 0 0 0 0 0 0 0 0 
782 9 0 0 0 0 0 0 0 0 0 0 0 
783 9 0 0 0 0 0 0 0 0 0 0 0 
784 9 0 0 0 0 0 0 0 0 0 0 0 
785 9 0 0 0 0 0 0 0 0 0 0 0 
786 9 0 0 0 0 0 0 0 0 0 0 0 
787 9 0 0 0 0 0 0 0 0 0 0 0 
788 9 0 0 0 0 0 0 0 0 0 0 0 
789 9 0 0 0 0 0 0 0 0 0 0 0 
790 9 0 0 0 0 0 0 0 0 0 0 0 
791 9 0 0 0 0 0 0 0 0 0 0 0 
792 9 0 0 0 0 0 0 0 0 0 0 0 
793 9 0 0 0 0 0 0 0 0 0 0 0 
794 9 0 0 0 0 0 0 0 0 0 0 0 
795 9 0 0 0 0 0 0 0 0 0 0 0 
796 9 0 0 0 0 0 0 0 0 0 0 0 
797 9 0 0 0 0 0 0 0 0 0 0 0 
798 9 0 0 0 0 0 0 0 0 0 0 0 
799 9 0 0 0 0 0 0 0 0 0 0 0 
800 9 0 0 0 0 0 0 0 0 0 0 0 
801 9 0 0 0 0 0 0 0 0 0 0 0 
802 9 0 0 0 0 0 0 0 0 0 0 0 
803 9 0 0 0 0 0 0 0 0 0 0 0 
804 9 0 0 0 0 0 0 0 0 0 0 0 
805 9 0 0 0 0 0 0 0 0 0 0 0 
806 9 0 0 0 0 0 0 0 0 0 0 0 
807 9 0 0 0 0 0 0 0 0 0 0 0 
808 9 0 0 0 0 0 0 0 0 0 0 0 
809 9 0 0 0 0 0 0 0 0 0 0 0 
810 9 0 0 0 0 0 0 0 0 0 0 0 
811 9 0 0 0 0 0 0 0 0 0 0 0 
812 9 0 0 0 0 0 0 0 0 0 0 0 
813 9 0 0 0 0 0 0 0 0 0 0 0 
814 9 0 0 0 0 0 0 0 0 0 0 0 
815 9 0 0 0 0 0 0 0 0 0 0 0 
816 9 0 0 0 0 0 0 0 0 0 0 0 
817 9 0 0 0 0 0 0 0 0 0 0 0 
818 9 0 0 0 0 0 0 0 0 0 0 0 
819 9 0 0 0 0 0 0 0 0 0 0 0 
820 9 0 0 0 0 0 0 0 0 0 0 0 
821 9 0 0 0 0 0 0 0 0 0 0 0 
822 9 0 0 0 0 0 0 0 0 0 0 0 
823 9 0 0 0 0 0 0 0 0 0 0 0 
824 9 0 0 0 0 0 0 0 0 0 0 0 
825 9 0 0 0 0 0 0 0 0 0 0 0 
826 9 0 0 0 0 0 0 0 0 0 0 0 
827 9 0 0 0 0 0 0 0 0 0 0 0 
828 9 0 0 0 0 0 0 0 0 0 0 0 
829 9 0 0 0 0 0 0 0 0 0 0 0 
830 9 0 0 0 0 0 0 0 0 0 0 0 
831 9 0 0 0 0 0 0 0 0 0 0 0 
832 9 0 0 0 0 0 0 0 0 0 0 0 
833 9 0 0 0 0 0 0 0 0 0 0 0 
834 9 0 0 0 0 0 0 0 0 0 0 0 
835 9 0 0 0 0 0 0 0 0 0 0 0 
836 9 0 0 0 0 0 0 0 0 0 0 0 
837 9 0 0 0 0 0 0 0 0 0 0 0 
838 9 0 0 0 0 0 0 0 0 0 0 0 
839 9 0 0 0 0 0 0 0 0 0 0 0 
840 9 0 0 0 0 0 0 0 0 0 0 0 
841 9 0 0 0 0 0 0 0 0 0 0 0 
842 9 0 0 0 0 0 0 0 0 0 0 0 
843 9 0 0 0 0 0 0 0 0 0 0 0 
844 9 0 0 0 0 0 0 0 0 0 0 0 
845 9 0 0 0 0 0 0 0 0 0 0 0 
846 9 0 0 0 0 0 0 0 0 0 0 0 
847 9 0 0 0 0 0 0 0 0 0 0 0 
848 9 0 0 0 0 0 0 0 0 0 0 0 
849 9 0 0 0 0 0 0 0 0 0 0 0 
850 9 0 0 0 0 0 0 0 0 0 0 0 
851 9 0 0 0 0 0 0 0 0 0 0 0 
852 9 0 0 0 0 0 0 0 0 0 0 0 
853 9 0 0 0 0 0 0 0 0 0 0 0 
854 9 0 0 0 0 0 0 0 0 0 0 0 
855 9 0 0 0 0 0 0 0 0 0 0 0 
856 9 0 0 0 0 0 0 0 0 0 0 0 
857 9 0 0 0 0 0 0 0 0 0 0 0 
858 9 0 0 0 0 0 0 0 0 0 0 0 
859 9 0 0 0 0 0 0 0 0 0 0 0 
860 9 0 0 0 0 0 0 0 0 0 0 0 
861 9 0 0 0 0 0 0 0 0 0 0 0 
862 9 0 0 0 0 0 0 0 0 0 0 0 
863 9 0 0 0 0 0 0 0 0 0 0 0 
864 9 0 0 0 0 0 0 0 0 0 0 0 
865 9 0 0 0 0 0 0 0 0 0 0 0 
866 9 0 0 0 0 0 0 0 0 0 0 0 
867 9 0 0 0 0 0 0 0 0 0 0 0 
868 9 0 0 0 0 0 0 0 0 0 0 0 
869 9 0 0 0 0 0 0 0 0 0 0 0 
870 9 0 0 0 0 0 0 0 0 0 0 0 
871 9 0 0 0 0 0 0 0 0 0 0 0 
872 9 0 0 0 0 0 0 0 0 0 0 0 
873 9 0 0 0 0 0 0 0 0 0 0 0 
874 9 0 0 0 0 0 0 0 0 0 0 0 
875 9 0 0 0 0 0 0 0 0 0 0 0 
876 9 0 0 0 0 0 0 0 0 0 0 0 
877 9 0 0 0 0 0 0 0 0 0 0 0 
878 9 0 0 0 0 0 0 0 0 0 0 0 
879 9 0 0 0 0 0 0 0 0 0 0 0 
880 9 0 0 0 0 0 0 0 0 0 0 0 
881 9 0 0 0 0 0 0 0 0 0 0 0 
882 9 0 0 0 0 0 0 0 0 0 0 0 
883 9 0 0 0 0 0 0 0 0 0 0 0 
884 9 0 0 0 0 0 0 0 0 0 0 0 
885 9 0 0 0 0 0 0 0 0 0 0 0 
886 9 0 0 0 0 0 0 0 0 0 0 0 
887 9 -1 11 5 0 0 2 17 0 0 3 53 
888 9 -1 12 7 0 0 16 5 0 0 18 17 
889 9 -1 17 18 0 0 8 0 0 0 4 -46 
890 9 -1 11 15 0 0 1 6 0 0 7 -4 
891 9 67 0 0 0 0 0 0 0 0 0 0 
892 9 68 0 0 0 0 0 0 0 0 0 0 
893 9 0 0 0 0 0 0 0 0 0 0 0 
894 9 0 0 0 0 0 0 0 0 0 0 0 
895 9 0 0 0 0 0 0 0 0 0 0 0 
896 9 0 0 0 0 0 0 0 0 0 0 0 
897 9 0 0 0 0 0 0 0 0 0 0 0 
898 9 0 0 0 0 0 0 0 0 0 0 0 
899 9 0 0 0 0 0 0 0 0 0 0 0 
900 9 0 0 0 0 0 0 0 0 0 0 0 
901 9 0 0 0 0 0 0 0 0 0 0 0 
902 9 0 0 0 0 0 0 0 0 0 0 0 
903 9 0 0 0 0 0 0 0 0 0 0 0 
904 9 0 0 0 0 0 0 0 0 0 0 0 
905 9 0 0 0 0 0 0 0 0 0 0 0 
906 9 0 0 0 0 0 0 0 0 0 0 0 
907 9 0 0 0 0 0 0 0 0 0 0 0 
908 9 0 0 0 0 0 0 0 0 0 0 0 
909 9 0 0 0 0 0 0 0 0 0 0 0 
910 9 0 0 0 0 0 0 0 0 0 0 0 
911 9 0 0 0 0 0 0 0 0 0 0 0 
912 9 0 0 0 0 0 0 0 0 0 0 0 
913 9 0 0 0 0 0 0 0 0 0 0 0 
914 9 0 0 0 0 0 0 0 0 0 0 0 
915 9 0 0 0 0 0 0 0 0 0 0 0 
916 9 0 0 0 0 0 0 0 0 0 0 0 
917 9 0 0 0 0 0 0 0 0 0 0 0 
918 9 0 0 0 0 0 0 0 0 0 0 0 
919 9 0 0 0 0 0 0 0 0 0 0 0 
920 9 0 0 0 0 0 0 0 0 0 0 0 
921 9 0 0 0 0 0 0 0 0 0 0 0 
922 9 0 0 0 0 0 0 0 0 0 0 0 
923 9 0 0 0 0 0 0 0 0 0 0 0 
924 9 0 0 0 0 0 0 0 0 0 0 0 
925 9 0 0 0 0 0 0 0 0 0 0 0 
926 9 0 0 0 0 0 0 0 0 0 0 0 
927 9 0 0 0 0 0 0 0 0 0 0 0 
928 9 0 0 0 0 0 0 0 0 0 0 0 
929 9 0 0 0 0 0 0 0 0 0 0 0 
930 9 0 0 0 0 0 0 0 0 0 0 0 
931 9 0 0 0 0 0 0 0 0 0 0 0 
932 9 0 0 0 0 0 0 0 0 0 0 0 
933 9 0 0 0 0 0 0 0 0 0 0 0 
934 9 0 0 0 0 0 0 0 0 0 0 0 
935 9 0 0 0 0 0 0 0 0 0 0 0 
936 9 0 0 0 0 0 0 0 0 0 0 0 
937 9 0 0 0 0 0 0 0 0 0 0 0 
938 9 0 0 0 0 0 0 0 0 0 0 0 
939 9 0 0 0 0 0 0 0 0 0 0 0 
940 9 0 0 0 0 0 0 0 0 0 0 0 
941 9 0 0 0 0 0 0 0 0 0 0 0 
942 9 0 0 0 0 0 0 0 0 0 0 0 
943 9 0 0 0 0 0 0 0 0 0 0 0 
944 9 0 0 0 0 0 0 0 0 0 0 0 
945 9 0 0 0 0 0 0 0 0 0 0 0 
946 9 0 0 0 0 0 0 0 0 0 0 0 
947 9 0 0 0 0 0 0 0 0 0 0 0 
948 9 0 0 0 0 0 0 0 0 0 0 0 
949 9 0 0 0 0 0 0 0 0 0 0 0 
950 9 0 0 0 0 0 0 0 0 0 0 0 
951 9 0 0 0 0 0 0 0 0 0 0 0 
952 9 0 0 0 0 0 0 0 0 0 0 0 
953 9 0 0 0 0 0 0 0 0 0 0 0 
954 9 0 0 0 0 0 0 0 0 0 0 0 
955 9 0 0 0 0 0 0 0 0 0 0 0 
956 9 0 0 0 0 0 0 0 0 0 0 0 
957 9 0 0 0 0 0 0 0 0 0 0 0 
958 9 0 0 0 0 0 0 0 0 0 0 0 
959 9 0 0 0 0 0 0 0 0 0 0 0 
960 9 0 0 0 0 0 0 0 0 0 0 0 
961 9 0 0 0 0 0 0 0 0 0 0 0 
962 9 0 0 0 0 0 0 0 0 0 0 0 
963 9 0 0 0 0 0 0 0 0 0 0 0 
964 9 0 0 0 0 0 0 0 0 0 0 0 
965 9 0 0 0 0 0 0 0 0 0 0 0 
966 9 0 0 0 0 0 0 0 0 0 0 0 
967 9 0 0 0 0 0 0 0 0 0 0 0 
968 9 0 0 0 0 0 0 0 0 0 0 0 
969 9 0 0 0 0 0 0 0 0 0 0 0 
970 9 0 0 0 0 0 0 0 0 0 0 0 
971 9 0 0 0 0 0 0 0 0 0 0 0 
972 9 0 0 0 0 0 0 0 0 0 0 0 
973 9 0 0 0 0 0 0 0 0 0 0 0 
974 9 0 0 0 0 0 0 0 0 0 0 0 
975 9 0 0 0 0 0 0 0 0 0 0 0 
976 9 0 0 0 0 0 0 0 0 0 0 0 
977 9 0 0 0 0 0 0 0 0 0 0 0 
978 9 0 0 0 0 0 0 0 0 0 0 0 
979 9 0 0 0 0 0 0 0 0 0 0 0 
980 9 0 0 0 0 0 0 0 0 0 0 0 
981 9 0 0 0 0 0 0 0 0 0 0 0 
982 9 0 0 0 0 0 0 0 0 0 0 0 
983 9 0 0 0 0 0 0 0 0 0 0 0 
984 9 0 0 0 0 0 0 0 0 0 0 0 
985 9 0 0 0 0 0 0 0 0 0 0 0 
986 9 0 0 0 0 0 0 0 0 0 0 0 
987 9 0 0 0 0 0 0 0 0 0 0 0 
988 9 0 0 0 0 0 0 0 0 0 0 0 
989 9 0 0 0 0 0 0 0 0 0 0 0 
990 9 0 0 0 0 0 0 0 0 0 0 0 
991 9 0 0 0 0 0 0 0 0 0 0 0 
992 9 0 0 0 0 0 0 0 0 0 0 0 
993 9 0 0 0 0 0 0 0 0 0 0 0 
994 9 0 0 0 0 0 0 0 0 0 0 0 
995 9 0 0 0 0 0 0 0 0 0 0 0 
996 9 0 0 0 0 0 0 0 0 0 0 0 
997 9 0 0 0 0 0 0 0 0 0 0 0 
998 9 0 0 0 0 0 0 0 0 0 0 0 
999 9 0 0 0 0 0 0 0 0 0 0 0 
1000 9 0 0 0 0 0 0 0 0 0 0 0 
1001 9 0 0 0 0 0 0 0 0 0 0 0 
1002 9 0 0 0 0 0 0 0 0 0 0 0 
1003 9 0 0 0 0 0 0 0 0 0 0 0 
1004 9 0 0 0 0 0 0 0 0 0 0 0 
1005 9 0 0 0 0 0 0 0 0 0 0 0 
1006 9 0 0 0 0 0 0 0 0 0 0 0 
1007 9 0 0 0 0 0 0 0 0 0 0 0 
1008 9 0 0 0 0 0 0 0 0 0 0 0 
1009 9 0 0 0 0 0 0 0 0 0 0 0 
1010 9 0 0 0 0 0 0 0 0 0 0 0 
1011 9 0 0 0 0 0 0 0 0 0 0 0 
1012 9 0 0 0 0 0 0 0 0 0 0 0 
1013 9 0 0 0 0 0 0 0 0 0 0 0 
1014 9 0 0 0 0 0 0 0 0 0 0 0 
1015 9 0 0 0 0 0 0 0 0 0 0 0 
1016 9 0 0 0 0 0 0 0 0 0 0 0 
1017 9 0 0 0 0 0 0 0 0 0 0 0 
1018 9 0 0 0 0 0 0 0 0 0 0 0 
1019 9 0 0 0 0 0 0 0 0 0 0 0 
1020 9 0 0 0 0 0 0 0 0 0 0 0 
1021 9 0 0 0 0 0 0 0 0 0 0 0 
1022 9 0 0 0 0 0 0 0 0 0 0 0 
1023 10 0 0 0 0 0 0 0 0 0 0 0 
1024 10 0 0 0 0 0 0 0 0 0 0 0 
1025 10 0 0 0 0 0 0 0 0 0 0 0 
1026 10 0 0 0 0 0 0 0 0 0 0 0 
1027 10 0 0 0 0 0 0 0 0 0 0 0 
1028 10 0 0 0 0 0 0 0 0 0 0 0 
1029 10 0 0 0 0 0 0 0 0 0 0 0 
1030 10 0 0 0 0 0 0 0 0 0 0 0 
1031 10 0 0 0 0 0 0 0 0 0 0 0 
1032 10 0 0 0 0 0 0 0 0 0 0 0 
1033 10 0 0 0 0 0 0 0 0 0 0 0 
1034 10 0 0 0 0 0 0 0 0 0 0 0 
1035 10 0 0 0 0 0 0 0 0 0 0 0 
1036 10 0 0 0 0 0 0 0 0 0 0 0 
1037 10 0 0 0 0 0 0 0 0 0 0 0 
1038 10 0 0 0 0 0 0 0 0 0 0 0 
1039 10 0 0 0 0 0 0 0 0 0 0 0 
1040 10 0 0 0 0 0 0 0 0 0 0 0 
1041 10 0 0 0 0 0 0 0 0 0 0 0 
1042 10 0 0 0 0 0 0 0 0 0 0 0 
1043 10 0 0 0 0 0 0 0 0 0 0 0 
1044 10 0 0 0 0 0 0 0 0 0 0 0 
1045 10 0 0 0 0 0 0 0 0 0 0 0 
1046 10 0 0 0 0 0 0 0 0 0 0 0 
1047 10 0 0 0 0 0 0 0 0 0 0 0 
1048 10 0 0 0 0 0 0 0 0 0 0 0 
1049 10 0 0 0 0 0 0 0 0 0 0 0 
1050 10 0 0 0 0 0 0 0 0 0 0 0 
1051 10 0 0 0 0 0 0 0 0 0 0 0 
1052 10 0 0 0 0 0 0 0 0 0 0 0 
1053 10 0 0 0 0 0 0 0 0 0 0 0 
1054 10 0 0 0 0 0 0 0 0 0 0 0 
1055 10 0 0 0 0 0 0 0 0 0 0 0 
1056 10 0 0 0 0 0 0 0 0 0 0 0 
1057 10 0 0 0 0 0 0 0 0 0 0 0 
1058 10 0 0 0 0 0 0 0 0 0 0 0 
1059 10 0 0 0 0 0 0 0 0 0 0 0 
1060 10 0 0 0 0 0 0 0 0 0 0 0 
1061 10 0 0 0 0 0 0 0 0 0 0 0 
1062 10 0 0 0 0 0 0 0 0 0 0 0 
1063 10 0 0 0 0 0 0 0 0 0 0 0 
1064 10 0 0 0 0 0 0 0 0 0 0 0 
1065 10 0 0 0 0 0 0 0 0 0 0 0 
1066 10 0 0 0 0 0 0 0 0 0 0 0 
1067 10 0 0 0 0 0 0 0 0 0 0 0 
1068 10 0 0 0 0 0 0 0 0 0 0 0 
1069 10 0 0 0 0 0 0 0 0 0 0 0 
1070 10 0 0 0 0 0 0 0 0 0 0 0 
1071 10 0 0 0 0 0 0 0 0 0 0 0 
1072 10 0 0 0 0 0 0 0 0 0 0 0 
1073 10 0 0 0 0 0 0 0 0 0 0 0 
1074 10 0 0 0 0 0 0 0 0 0 0 0 
1075 10 0 0 0 0 0 0 0 0 0 0 0 
1076 10 0 0 0 0 0 0 0 0 0 0 0 
1077 10 0 0 0 0 0 0 0 0 0 0 0 
1078 10 0 0 0 0 0 0 0 0 0 0 0 
1079 10 0 0 0 0 0 0 0 0 0 0 0 
1080 10 0 0 0 0 0 0 0 0 0 0 0 
1081 10 0 0 0 0 0 0 0 0 0 0 0 
1082 10 0 0 0 0 0 0 0 0 0 0 0 
1083 10 0 0 0 0 0 0 0 0 0 0 0 
1084 10 0 0 0 0 0 0 0 0 0 0 0 
1085 10 0 0 0 0 0 0 0 0 0 0 0 
1086 10 0 0 0 0 0 0 0 0 0 0 0 
1087 10 0 0 0 0 0 0 0 0 0 0 0 
1088 10 0 0 0 0 0 0 0 0 0 0 0 
1089 10 0 0 0 0 0 0 0 0 0 0 0 
1090 10 0 0 0 0 0 0 0 0 0 0 0 
1091 10 0 0 0 0 0 0 0 0 0 0 0 
1092 10 0 0 0 0 0 0 0 0 0 0 0 
1093 10 0 0 0 0 0 0 0 0 0 0 0 
1094 10 0 0 0 0 0 0 0 0 0 0 0 
1095 10 0 0 0 0 0 0 0 0 0 0 0 
1096 10 0 0 0 0 0 0 0 0 0 0 0 
1097 10 0 0 0 0 0 0 0 0 0 0 0 
1098 10 0 0 0 0 0 0 0 0 0 0 0 
1099 10 0 0 0 0 0 0 0 0 0 0 0 
1100 10 0 0 0 0 0 0 0 0 0 0 0 
1101 10 0 0 0 0 0 0 0 0 0 0 0 
1102 10 0 0 0 0 0 0 0 0 0 0 0 
1103 10 0 0 0 0 0 0 0 0 0 0 0 
1104 10 0 0 0 0 0 0 0 0 0 0 0 
1105 10 0 0 0 0 0 0 0 0 0 0 0 
1106 10 0 0 0 0 0 0 0 0 0 0 0 
1107 10 0 0 0 0 0 0 0 0 0 0 0 
1108 10 0 0 0 0 0 0 0 0 0 0 0 
1109 10 0 0 0 0 0 0 0 0 0 0 0 
1110 10 0 0 0 0 0 0 0 0 0 0 0 
1111 10 0 0 0 0 0 0 0 0 0 0 0 
1112 10 0 0 0 0 0 0 0 0 0 0 0 
1113 10 0 0 0 0 0 0 0 0 0 0 0 
1114 10 0 0 0 0 0 0 0 0 0 0 0 
1115 10 0 0 0 0 0 0 0 0 0 0 0 
1116 10 0 0 0 0 0 0 0 0 0 0 0 
1117 10 0 0 0 0 0 0 0 0 0 0 0 
1118 10 0 0 0 0 0 0 0 0 0 0 0 
1119 10 0 0 0 0 0 0 0 0 0 0 0 
1120 10 0 0 0 0 0 0 0 0 0 0 0 
1121 10 0 0 0 0 0 0 0 0 0 0 0 
1122 10 0 0 0 0 0 0 0 0 0 0 0 
1123 10 0 0 0 0 0 0 0 0 0 0 0 
1124 10 0 0 0 0 0 0 0 0 0 0 0 
1125 10 0 0 0 0 0 0 0 0 0 0 0 
1126 10 0 0 0 0 0 0 0 0 0 0 0 
1127 10 0 0 0 0 0 0 0 0 0 0 0 
1128 10 0 0 0 0 0 0 0 0 0 0 0 
1129 10 0 0 0 0 0 0 0 0 0 0 0 
1130 10 0 0 0 0 0 0 0 0 0 0 0 
1131 10 0 0 0 0 0 0 0 0 0 0 0 
1132 10 0 0 0 0 0 0 0 0 0 0 0 
1133 10 0 0 0 0 0 0 0 0 0 0 0 
1134 10 0 0 0 0 0 0 0 0 0 0 0 
1135 10 0 0 0 0 0 0 0 0 0 0 0 
1136 10 0 0 0 0 0 0 0 0 0 0 0 
1137 10 0 0 0 0 0 0 0 0 0 0 0 
1138 10 0 0 0 0 0 0 0 0 0 0 0 
1139 10 0 0 0 0 0 0 0 0 0 0 0 
1140 10 0 0 0 0 0 0 0 0 0 0 0 
1141 10 0 0 0 0 0 0 0 0 0 0 0 
1142 10 0 0 0 0 0 0 0 0 0 0 0 
1143 10 0 0 0 0 0 0 0 0 0 0 0 
1144 10 0 0 0 0 0 0 0 0 0 0 0 
1145 10 0 0 0 0 0 0 0 0 0 0 0 
1146 10 0 0 0 0 0 0 0 0 0 0 0 
1147 10 0 0 0 0 0 0 0 0 0 0 0 
1148 10 0 0 0 0 0 0 0 0 0 0 0 
1149 10 0 0 0 0 0 0 0 0 0 0 0 
1150 10 0 0 0 0 0 0 0 0 0 0 0 
1151 10 0 0 0 0 0 0 0 0 0 0 0 
1152 10 0 0 0 0 0 0 0 0 0 0 0 
1153 10 0 0 0 0 0 0 0 0 0 0 0 
1154 10 0 0 0 0 0 0 0 0 0 0 0 
1155 10 0 0 0 0 0 0 0 0 0 0 0 
1156 10 0 0 0 0 0 0 0 0 0 0 0 
1157 10 0 0 0 0 0 0 0 0 0 0 0 
1158 10 0 0 0 0 0 0 0 0 0 0 0 
1159 10 0 0 0 0 0 0 0 0 0 0 0 
1160 10 0 0 0 0 0 0 0 0 0 0 0 
1161 10 0 0 0 0 0 0 0 0 0 0 0 
1162 10 0 0 0 0 0 0 0 0 0 0 0 
1163 10 0 0 0 0 0 0 0 0 0 0 0 
1164 10 0 0 0 0 0 0 0 0 0 0 0 
1165 10 0 0 0 0 0 0 0 0 0 0 0 
1166 10 0 0 0 0 0 0 0 0 0 0 0 
1167 10 0 0 0 0 0 0 0 0 0 0 0 
1168 10 0 0 0 0 0 0 0 0 0 0 0 
1169 10 0 0 0 0 0 0 0 0 0 0 0 
1170 10 0 0 0 0 0 0 0 0 0 0 0 
1171 10 0 0 0 0 0 0 0 0 0 0 0 
1172 10 0 0 0 0 0 0 0 0 0 0 0 
1173 10 0 0 0 0 0 0 0 0 0 0 0 
1174 10 0 0 0 0 0 0 0 0 0 0 0 
1175 10 0 0 0 0 0 0 0 0 0 0 0 
1176 10 0 0 0 0 0 0 0 0 0 0 0 
1177 10 0 0 0 0 0 0 0 0 0 0 0 
1178 10 0 0 0 0 0 0 0 0 0 0 0 
1179 10 0 0 0 0 0 0 0 0 0 0 0 
1180 10 0 0 0 0 0 0 0 0 0 0 0 
1181 10 0 0 0 0 0 0 0 0 0 0 0 
1182 10 0 0 0 0 0 0 0 0 0 0 0 
1183 10 0 0 0 0 0 0 0 0 0 0 0 
1184 10 0 0 0 0 0 0 0 0 0 0 0 
1185 10 0 0 0 0 0 0 0 0 0 0 0 
1186 10 0 0 0 0 0 0 0 0 0 0 0 
1187 10 0 0 0 0 0 0 0 0 0 0 0 
1188 10 0 0 0 0 0 0 0 0 0 0 0 
1189 10 0 0 0 0 0 0 0 0 0 0 0 
1190 10 0 0 0 0 0 0 0 0 0 0 0 
1191 10 0 0 0 0 0 0 0 0 0 0 0 
1192 10 0 0 0 0 0 0 0 0 0 0 0 
1193 10 0 0 0 0 0 0 0 0 0 0 0 
1194 10 0 0 0 0 0 0 0 0 0 0 0 
1195 10 0 0 0 0 0 0 0 0 0 0 0 
1196 10 0 0 0 0 0 0 0 0 0 0 0 
1197 10 0 0 0 0 0 0 0 0 0 0 0 
1198 10 0 0 0 0 0 0 0 0 0 0 0 
1199 10 3 0 0 0 0 0 0 0 0 0 0 
1200 10 4 0 0 0 0 0 0 0 0 0 0 
1201 10 0 0 0 0 0 0 0 0 0 0 0 
1202 10 0 0 0 0 0 0 0 0 0 0 0 
1203 10 0 0 0 0 0 0 0 0 0 0 0 
1204 10 0 0 0 0 0 0 0 0 0 0 0 
1205 10 7 0 0 0 0 0 0 0 0 0 0 
1206 10 8 0 0 0 0 0 0 0 0 0 0 
1207 10 0 0 0 0 0 0 0 0 0 0 0 
1208 10 0 0 0 0 0 0 0 0 0 0 0 
1209 10 0 0 0 0 0 0 0 0 0 0 0 
1210 10 0 0 0 0 0 0 0 0 0 0 0 
1211 10 0 0 0 0 0 0 0 0 0 0 0 
1212 10 0 0 0 0 0 0 0 0 0 0 0 
1213 10 0 0 0 0 0 0 0 0 0 0 0 
1214 10 0 0 0 0 0 0 0 0 0 0 0 
1215 10 0 0 0 0 0 0 0 0 0 0 0 
1216 10 0 0 0 0 0 0 0 0 0 0 0 
1217 10 0 0 0 0 0 0 0 0 0 0 0 
1218 10 0 0 0 0 0 0 0 0 0 0 0 
1219 10 0 0 0 0 0 0 0 0 0 0 0 
1220 10 0 0 0 0 0 0 0 0 0 0 0 
1221 10 0 0 0 0 0 0 0 0 0 0 0 
1222 10 0 0 0 0 0 0 0 0 0 0 0 
1223 10 0 0 0 0 0 0 0 0 0 0 0 
1224 10 0 0 0 0 0 0 0 0 0 0 0 
1225 10 0 0 0 0 0 0 0 0 0 0 0 
1226 10 0 0 0 0 0 0 0 0 0 0 0 
1227 10 0 0 0 0 0 0 0 0 0 0 0 
1228 10 0 0 0 0 0 0 0 0 0 0 0 
1229 10 0 0 0 0 0 0 0 0 0 0 0 
1230 10 0 0 0 0 0 0 0 0 0 0 0 
1231 10 0 0 0 0 0 0 0 0 0 0 0 
1232 10 0 0 0 0 0 0 0 0 0 0 0 
1233 10 0 0 0 0 0 0 0 0 0 0 0 
1234 10 0 0 0 0 0 0 0 0 0 0 0 
1235 10 0 0 0 0 0 0 0 0 0 0 0 
1236 10 0 0 0 0 0 0 0 0 0 0 0 
1237 10 0 0 0 0 0 0 0 0 0 0 0 
1238 10 0 0 0 0 0 0 0 0 0 0 0 
1239 10 0 0 0 0 0 0 0 0 0 0 0 
1240 10 0 0 0 0 0 0 0 0 0 0 0 
1241 10 0 0 0 0 0 0 0 0 0 0 0 
1242 10 0 0 0 0 0 0 0 0 0 0 0 
1243 10 0 0 0 0 0 0 0 0 0 0 0 
1244 10 0 0 0 0 0 0 0 0 0 0 0 
1245 10 0 0 0 0 0 0 0 0 0 0 0 
1246 10 0 0 0 0 0 0 0 0 0 0 0 
1247 10 0 0 0 0 0 0 0 0 0 0 0 
1248 10 0 0 0 0 0 0 0 0 0 0 0 
1249 10 0 0 0 0 0 0 0 0 0 0 0 
1250 10 0 0 0 0 0 0 0 0 0 0 0 
1251 10 0 0 0 0 0 0 0 0 0 0 0 
1252 10 0 0 0 0 0 0 0 0 0 0 0 
1253 10 0 0 0 0 0 0 0 0 0 0 0 
1254 10 0 0 0 0 0 0 0 0 0 0 0 
1255 10 0 0 0 0 0 0 0 0 0 0 0 
1256 10 0 0 0 0 0 0 0 0 0 0 0 
1257 10 0 0 0 0 0 0 0 0 0 0 0 
1258 10 0 0 0 0 0 0 0 0 0 0 0 
1259 10 0 0 0 0 0 0 0 0 0 0 0 
1260 10 0 0 0 0 0 0 0 0 0 0 0 
1261 10 0 0 0 0 0 0 0 0 0 0 0 
1262 10 0 0 0 0 0 0 0 0 0 0 0 
1263 10 0 0 0 0 0 0 0 0 0 0 0 
1264 10 0 0 0 0 0 0 0 0 0 0 0 
1265 10 0 0 0 0 0 0 0 0 0 0 0 
1266 10 0 0 0 0 0 0 0 0 0 0 0 
1267 10 0 0 0 0 0 0 0 0 0 0 0 
1268 10 0 0 0 0 0 0 0 0 0 0 0 
1269 10 0 0 0 0 0 0 0 0 0 0 0 
1270 10 0 0 0 0 0 0 0 0 0 0 0 
1271 10 0 0 0 0 0 0 0 0 0 0 0 
1272 10 0 0 0 0 0 0 0 0 0 0 0 
1273 10 0 0 0 0 0 0 0 0 0 0 0 
1274 10 0 0 0 0 0 0 0 0 0 0 0 
1275 10 0 0 0 0 0 0 0 0 0 0 0 
1276 10 0 0 0 0 0 0 0 0 0 0 0 
1277 10 0 0 0 0 0 0 0 0 0 0 0 
1278 10 0 0 0 0 0 0 0 0 0 0 0 
1279 10 0 0 0 0 0 0 0 0 0 0 0 
1280 10 0 0 0 0 0 0 0 0 0 0 0 
1281 10 0 0 0 0 0 0 0 0 0 0 0 
1282 10 0 0 0 0 0 0 0 0 0 0 0 
1283 10 0 0 0 0 0 0 0 0 0 0 0 
1284 10 0 0 0 0 0 0 0 0 0 0 0 
1285 10 0 0 0 0 0 0 0 0 0 0 0 
1286 10 0 0 0 0 0 0 0 0 0 0 0 
1287 10 0 0 0 0 0 0 0 0 0 0 0 
1288 10 0 0 0 0 0 0 0 0 0 0 0 
1289 10 0 0 0 0 0 0 0 0 0 0 0 
1290 10 0 0 0 0 0 0 0 0 0 0 0 
1291 10 0 0 0 0 0 0 0 0 0 0 0 
1292 10 0 0 0 0 0 0 0 0 0 0 0 
1293 10 0 0 0 0 0 0 0 0 0 0 0 
1294 10 0 0 0 0 0 0 0 0 0 0 0 
1295 10 0 0 0 0 0 0 0 0 0 0 0 
1296 10 0 0 0 0 0 0 0 0 0 0 0 
1297 10 0 0 0 0 0 0 0 0 0 0 0 
1298 10 0 0 0 0 0 0 0 0 0 0 0 
1299 10 0 0 0 0 0 0 0 0 0 0 0 
1300 10 0 0 0 0 0 0 0 0 0 0 0 
1301 10 0 0 0 0 0 0 0 0 0 0 0 
1302 10 0 0 0 0 0 0 0 0 0 0 0 
1303 10 0 0 0 0 0 0 0 0 0 0 0 
1304 10 0 0 0 0 0 0 0 0 0 0 0 
1305 10 0 0 0 0 0 0 0 0 0 0 0 
1306 10 0 0 0 0 0 0 0 0 0 0 0 
1307 10 0 0 0 0 0 0 0 0 0 0 0 
1308 10 0 0 0 0 0 0 0 0 0 0 0 
1309 10 0 0 0 0 0 0 0 0 0 0 0 
1310 10 0 0 0 0 0 0 0 0 0 0 0 
1311 10 0 0 0 0 0 0 0 0 0 0 0 
1312 10 0 0 0 0 0 0 0 0 0 0 0 
1313 10 0 0 0 0 0 0 0 0 0 0 0 
1314 10 0 0 0 0 0 0 0 0 0 0 0 
1315 10 0 0 0 0 0 0 0 0 0 0 0 
1316 10 0 0 0 0 0 0 0 0 0 0 0 
1317 10 0 0 0 0 0 0 0 0 0 0 0 
1318 10 0 0 0 0 0 0 0 0 0 0 0 
1319 10 16 0 0 0 0 0 0 0 0 0 0 
1320 10 17 0 0 0 0 0 0 0 0 0 0 
1321 10 0 0 0 0 0 0 0 0 0 0 0 
1322 10 0 0 0 0 0 0 0 0 0 0 0 
1323 10 0 0 0 0 0 0 0 0 0 0 0 
1324 10 0 0 0 0 0 0 0 0 0 0 0 
1325 10 20 0 0 0 0 0 0 0 0 0 0 
1326 10 21 0 0 0 0 0 0 0 0 0 0 
1327 10 0 0 0 0 0 0 0 0 0 0 0 
1328 10 0 0 0 0 0 0 0 0 0 0 0 
1329 10 0 0 0 0 0 0 0 0 0 0 0 
1330 10 0 0 0 0 0 0 0 0 0 0 0 
1331 10 23 0 0 0 0 0 0 0 0 0 0 
1332 10 24 0 0 0 0 0 0 0 0 0 0 
1333 10 25 0 0 0 0 0 0 0 0 0 0 
1334 10 26 0 0 0 0 0 0 0 0 0 0 
1335 10 27 0 0 0 0 0 0 0 0 0 0 
1336 10 28 0 0 0 0 0 0 0 0 0 0 
1337 10 0 0 0 0 0 0 0 0 0 0 0 
1338 10 0 0 0 0 0 0 0 0 0 0 0 
1339 10 30 0 0 0 0 0 0 0 0 0 0 
1340 10 31 0 0 0 0 0 0 0 0 0 0 
1341 10 32 0 0 0 0 0 0 0 0 0 0 
1342 10 33 0 0 0 0 0 0 0 0 0 0 
1343 10 0 0 0 0 0 0 0 0 0 0 0 
1344 10 0 0 0 0 0 0 0 0 0 0 0 
1345 10 0 0 0 0 0 0 0 0 0 0 0 
1346 10 0 0 0 0 0 0 0 0 0 0 0 
1347 10 0 0 0 0 0 0 0 0 0 0 0 
1348 10 0 0 0 0 0 0 0 0 0 0 0 
1349 10 0 0 0 0 0 0 0 0 0 0 0 
1350 10 0 0 0 0 0 0 0 0 0 0 0 
1351 10 0 0 0 0 0 0 0 0 0 0 0 
1352 10 0 0 0 0 0 0 0 0 0 0 0 
1353 10 0 0 0 0 0 0 0 0 0 0 0 
1354 10 0 0 0 0 0 0 0 0 0 0 0 
1355 10 36 0 0 0 0 0 0 0 0 0 0 
1356 10 37 0 0 0 0 0 0 0 0 0 0 
1357 10 0 0 0 0 0 0 0 0 0 0 0 
1358 10 0 0 0 0 0 0 0 0 0 0 0 
1359 10 0 0 0 0 0 0 0 0 0 0 0 
1360 10 0 0 0 0 0 0 0 0 0 0 0 
1361 10 0 0 0 0 0 0 0 0 0 0 0 
1362 10 0 0 0 0 0 0 0 0 0 0 0 
1363 10 0 0 0 0 0 0 0 0 0 0 0 
1364 10 0 0 0 0 0 0 0 0 0 0 0 
1365 10 0 0 0 0 0 0 0 0 0 0 0 
1366 10 0 0 0 0 0 0 0 0 0 0 0 
1367 10 0 0 0 0 0 0 0 0 0 0 0 
1368 10 0 0 0 0 0 0 0 0 0 0 0 
1369 10 0 0 0 0 0 0 0 0 0 0 0 
1370 10 0 0 0 0 0 0 0 0 0 0 0 
1371 10 0 0 0 0 0 0 0 0 0 0 0 
1372 10 0 0 0 0 0 0 0 0 0 0 0 
1373 10 0 0 0 0 0 0 0 0 0 0 0 
1374 10 0 0 0 0 0 0 0 0 0 0 0 
1375 10 0 0 0 0 0 0 0 0 0 0 0 
1376 10 0 0 0 0 0 0 0 0 0 0 0 
1377 10 0 0 0 0 0 0 0 0 0 0 0 
1378 10 0 0 0 0 0 0 0 0 0 0 0 
1379 10 0 0 0 0 0 0 0 0 0 0 0 
1380 10 0 0 0 0 0 0 0 0 0 0 0 
1381 10 0 0 0 0 0 0 0 0 0 0 0 
1382 10 0 0 0 0 0 0 0 0 0 0 0 
1383 10 0 0 0 0 0 0 0 0 0 0 0 
1384 10 0 0 0 0 0 0 0 0 0 0 0 
1385 10 0 0 0 0 0 0 0 0 0 0 0 
1386 10 0 0 0 0 0 0 0 0 0 0 0 
1387 10 0 0 0 0 0 0 0 0 0 0 0 
1388 10 0 0 0 0 0 0 0 0 0 0 0 
1389 10 0 0 0 0 0 0 0 0 0 0 0 
1390 10 0 0 0 0 0 0 0 0 0 0 0 
1391 10 0 0 0 0 0 0 0 0 0 0 0 
1392 10 0 0 0 0 0 0 0 0 0 0 0 
1393 10 0 0 0 0 0 0 0 0 0 0 0 
1394 10 0 0 0 0 0 0 0 0 0 0 0 
1395 10 0 0 0 0 0 0 0 0 0 0 0 
1396 10 0 0 0 0 0 0 0 0 0 0 0 
1397 10 0 0 0 0 0 0 0 0 0 0 0 
1398 10 0 0 0 0 0 0 0 0 0 0 0 
1399 10 0 0 0 0 0 0 0 0 0 0 0 
1400 10 0 0 0 0 0 0 0 0 0 0 0 
1401 10 0 0 0 0 0 0 0 0 0 0 0 
1402 10 0 0 0 0 0 0 0 0 0 0 0 
1403 10 0 0 0 0 0 0 0 0 0 0 0 
1404 10 0 0 0 0 0 0 0 0 0 0 0 
1405 10 0 0 0 0 0 0 0 0 0 0 0 
1406 10 0 0 0 0 0 0 0 0 0 0 0 
1407 10 0 0 0 0 0 0 0 0 0 0 0 
1408 10 0 0 0 0 0 0 0 0 0 0 0 
1409 10 0 0 0 0 0 0 0 0 0 0 0 
1410 10 0 0 0 0 0 0 0 0 0 0 0 
1411 10 0 0 0 0 0 0 0 0 0 0 0 
1412 10 0 0 0 0 0 0 0 0 0 0 0 
1413 10 0 0 0 0 0 0 0 0 0 0 0 
1414 10 0 0 0 0 0 0 0 0 0 0 0 
1415 10 0 0 0 0 0 0 0 0 0 0 0 
1416 10 0 0 0 0 0 0 0 0 0 0 0 
1417 10 0 0 0 0 0 0 0 0 0 0 0 
1418 10 0 0 0 0 0 0 0 0 0 0 0 
1419 10 0 0 0 0 0 0 0 0 0 0 0 
1420 10 0 0 0 0 0 0 0 0 0 0 0 
1421 10 0 0 0 0 0 0 0 0 0 0 0 
1422 10 0 0 0 0 0 0 0 0 0 0 0 
1423 10 0 0 0 0 0 0 0 0 0 0 0 
1424 10 0 0 0 0 0 0 0 0 0 0 0 
1425 10 0 0 0 0 0 0 0 0 0 0 0 
1426 10 0 0 0 0 0 0 0 0 0 0 0 
1427 10 0 0 0 0 0 0 0 0 0 0 0 
1428 10 0 0 0 0 0 0 0 0 0 0 0 
1429 10 0 0 0 0 0 0 0 0 0 0 0 
1430 10 0 0 0 0 0 0 0 0 0 0 0 
1431 10 0 0 0 0 0 0 0 0 0 0 0 
1432 10 0 0 0 0 0 0 0 0 0 0 0 
1433 10 0 0 0 0 0 0 0 0 0 0 0 
1434 10 0 0 0 0 0 0 0 0 0 0 0 
1435 10 0 0 0 0 0 0 0 0 0 0 0 
1436 10 0 0 0 0 0 0 0 0 0 0 0 
1437 10 0 0 0 0 0 0 0 0 0 0 0 
1438 10 0 0 0 0 0 0 0 0 0 0 0 
1439 10 0 0 0 0 0 0 0 0 0 0 0 
1440 10 0 0 0 0 0 0 0 0 0 0 0 
1441 10 0 0 0 0 0 0 0 0 0 0 0 
1442 10 0 0 0 0 0 0 0 0 0 0 0 
1443 10 0 0 0 0 0 0 0 0 0 0 0 
1444 10 0 0 0 0 0 0 0 0 0 0 0 
1445 10 0 0 0 0 0 0 0 0 0 0 0 
1446 10 0 0 0 0 0 0 0 0 0 0 0 
1447 10 0 0 0 0 0 0 0 0 0 0 0 
1448 10 0 0 0 0 0 0 0 0 0 0 0 
1449 10 0 0 0 0 0 0 0 0 0 0 0 
1450 10 0 0 0 0 0 0 0 0 0 0 0 
1451 10 0 0 0 0 0 0 0 0 0 0 0 
1452 10 0 0 0 0 0 0 0 0 0 0 0 
1453 10 0 0 0 0 0 0 0 0 0 0 0 
1454 10 0 0 0 0 0 0 0 0 0 0 0 
1455 10 0 0 0 0 0 0 0 0 0 0 0 
1456 10 0 0 0 0 0 0 0 0 0 0 0 
1457 10 0 0 0 0 0 0 0 0 0 0 0 
1458 10 0 0 0 0 0 0 0 0 0 0 0 
1459 10 0 0 0 0 0 0 0 0 0 0 0 
1460 10 0 0 0 0 0 0 0 0 0 0 0 
1461 10 0 0 0 0 0 0 0 0 0 0 0 
1462 10 0 0 0 0 0 0 0 0 0 0 0 
1463 10 0 0 0 0 0 0 0 0 0 0 0 
1464 10 0 0 0 0 0 0 0 0 0 0 0 
1465 10 0 0 0 0 0 0 0 0 0 0 0 
1466 10 0 0 0 0 0 0 0 0 0 0 0 
1467 10 0 0 0 0 0 0 0 0 0 0 0 
1468 10 0 0 0 0 0 0 0 0 0 0 0 
1469 10 0 0 0 0 0 0 0 0 0 0 0 
1470 10 0 0 0 0 0 0 0 0 0 0 0 
1471 10 0 0 0 0 0 0 0 0 0 0 0 
1472 10 0 0 0 0 0 0 0 0 0 0 0 
1473 10 0 0 0 0 0 0 0 0 0 0 0 
1474 10 0 0 0 0 0 0 0 0 0 0 0 
1475 10 0 0 0 0 0 0 0 0 0 0 0 
1476 10 0 0 0 0 0 0 0 0 0 0 0 
1477 10 0 0 0 0 0 0 0 0 0 0 0 
1478 10 0 0 0 0 0 0 0 0 0 0 0 
1479 10 0 0 0 0 0 0 0 0 0 0 0 
1480 10 0 0 0 0 0 0 0 0 0 0 0 
1481 10 0 0 0 0 0 0 0 0 0 0 0 
1482 10 0 0 0 0 0 0 0 0 0 0 0 
1483 10 0 0 0 0 0 0 0 0 0 0 0 
1484 10 0 0 0 0 0 0 0 0 0 0 0 
1485 10 0 0 0 0 0 0 0 0 0 0 0 
1486 10 0 0 0 0 0 0 0 0 0 0 0 
1487 10 0 0 0 0 0 0 0 0 0 0 0 
1488 10 0 0 0 0 0 0 0 0 0 0 0 
1489 10 0 0 0 0 0 0 0 0 0 0 0 
1490 10 0 0 0 0 0 0 0 0 0 0 0 
1491 10 0 0 0 0 0 0 0 0 0 0 0 
1492 10 0 0 0 0 0 0 0 0 0 0 0 
1493 10 0 0 0 0 0 0 0 0 0 0 0 
1494 10 0 0 0 0 0 0 0 0 0 0 0 
1495 10 0 0 0 0 0 0 0 0 0 0 0 
1496 10 0 0 0 0 0 0 0 0 0 0 0 
1497 10 48 0 0 0 0 0 0 0 0 0 0 
1498 10 49 0 0 0 0 0 0 0 0 0 0 
1499 10 0 0 0 0 0 0 0 0 0 0 0 
1500 10 0 0 0 0 0 0 0 0 0 0 0 
1501 10 0 0 0 0 0 0 0 0 0 0 0 
1502 10 0 0 0 0 0 0 0 0 0 0 0 
1503 10 0 0 0 0 0 0 0 0 0 0 0 
1504 10 0 0 0 0 0 0 0 0 0 0 0 
1505 10 0 0 0 0 0 0 0 0 0 0 0 
1506 10 0 0 0 0 0 0 0 0 0 0 0 
1507 10 0 0 0 0 0 0 0 0 0 0 0 
1508 10 0 0 0 0 0 0 0 0 0 0 0 
1509 10 0 0 0 0 0 0 0 0 0 0 0 
1510 10 0 0 0 0 0 0 0 0 0 0 0 
1511 10 0 0 0 0 0 0 0 0 0 0 0 
1512 10 0 0 0 0 0 0 0 0 0 0 0 
1513 10 0 0 0 0 0 0 0 0 0 0 0 
1514 10 0 0 0 0 0 0 0 0 0 0 0 
1515 10 0 0 0 0 0 0 0 0 0 0 0 
1516 10 0 0 0 0 0 0 0 0 0 0 0 
1517 10 0 0 0 0 0 0 0 0 0 0 0 
1518 10 0 0 0 0 0 0 0 0 0 0 0 
1519 10 0 0 0 0 0 0 0 0 0 0 0 
1520 10 0 0 0 0 0 0 0 0 0 0 0 
1521 10 0 0 0 0 0 0 0 0 0 0 0 
1522 10 0 0 0 0 0 0 0 0 0 0 0 
1523 10 0 0 0 0 0 0 0 0 0 0 0 
1524 10 0 0 0 0 0 0 0 0 0 0 0 
1525 10 0 0 0 0 0 0 0 0 0 0 0 
1526 10 0 0 0 0 0 0 0 0 0 0 0 
1527 10 0 0 0 0 0 0 0 0 0 0 0 
1528 10 0 0 0 0 0 0 0 0 0 0 0 
1529 10 0 0 0 0 0 0 0 0 0 0 0 
1530 10 0 0 0 0 0 0 0 0 0 0 0 
1531 10 0 0 0 0 0 0 0 0 0 0 0 
1532 10 0 0 0 0 0 0 0 0 0 0 0 
1533 10 0 0 0 0 0 0 0 0 0 0 0 
1534 10 0 0 0 0 0 0 0 0 0 0 0 
1535 10 0 0 0 0 0 0 0 0 0 0 0 
1536 10 0 0 0 0 0 0 0 0 0 0 0 
1537 10 0 0 0 0 0 0 0 0 0 0 0 
1538 10 0 0 0 0 0 0 0 0 0 0 0 
1539 10 0 0 0 0 0 0 0 0 0 0 0 
1540 10 0 0 0 0 0 0 0 0 0 0 0 
1541 10 0 0 0 0 0 0 0 0 0 0 0 
1542 10 0 0 0 0 0 0 0 0 0 0 0 
1543 10 0 0 0 0 0 0 0 0 0 0 0 
1544 10 0 0 0 0 0 0 0 0 0 0 0 
1545 10 0 0 0 0 0 0 0 0 0 0 0 
1546 10 0 0 0 0 0 0 0 0 0 0 0 
1547 10 0 0 0 0 0 0 0 0 0 0 0 
1548 10 0 0 0 0 0 0 0 0 0 0 0 
1549 10 0 0 0 0 0 0 0 0 0 0 0 
1550 10 0 0 0 0 0 0 0 0 0 0 0 
1551 10 0 0 0 0 0 0 0 0 0 0 0 
1552 10 0 0 0 0 0 0 0 0 0 0 0 
1553 10 0 0 0 0 0 0 0 0 0 0 0 
1554 10 0 0 0 0 0 0 0 0 0 0 0 
1555 10 0 0 0 0 0 0 0 0 0 0 0 
1556 10 0 0 0 0 0 0 0 0 0 0 0 
1557 10 0 0 0 0 0 0 0 0 0 0 0 
1558 10 0 0 0 0 0 0 0 0 0 0 0 
1559 10 0 0 0 0 0 0 0 0 0 0 0 
1560 10 0 0 0 0 0 0 0 0 0 0 0 
1561 10 0 0 0 0 0 0 0 0 0 0 0 
1562 10 0 0 0 0 0 0 0 0 0 0 0 
1563 10 0 0 0 0 0 0 0 0 0 0 0 
1564 10 0 0 0 0 0 0 0 0 0 0 0 
1565 10 0 0 0 0 0 0 0 0 0 0 0 
1566 10 0 0 0 0 0 0 0 0 0 0 0 
1567 10 0 0 0 0 0 0 0 0 0 0 0 
1568 10 0 0 0 0 0 0 0 0 0 0 0 
1569 10 0 0 0 0 0 0 0 0 0 0 0 
1570 10 0 0 0 0 0 0 0 0 0 0 0 
1571 10 0 0 0 0 0 0 0 0 0 0 0 
1572 10 0 0 0 0 0 0 0 0 0 0 0 
1573 10 0 0 0 0 0 0 0 0 0 0 0 
1574 10 0 0 0 0 0 0 0 0 0 0 0 
1575 10 0 0 0 0 0 0 0 0 0 0 0 
1576 10 0 0 0 0 0 0 0 0 0 0 0 
1577 10 0 0 0 0 0 0 0 0 0 0 0 
1578 10 0 0 0 0 0 0 0 0 0 0 0 
1579 10 0 0 0 0 0 0 0 0 0 0 0 
1580 10 0 0 0 0 0 0 0 0 0 0 0 
1581 10 0 0 0 0 0 0 0 0 0 0 0 
1582 10 0 0 0 0 0 0 0 0 0 0 0 
1583 10 0 0 0 0 0 0 0 0 0 0 0 
1584 10 0 0 0 0 0 0 0 0 0 0 0 
1585 10 0 0 0 0 0 0 0 0 0 0 0 
1586 10 0 0 0 0 0 0 0 0 0 0 0 
1587 10 0 0 0 0 0 0 0 0 0 0 0 
1588 10 0 0 0 0 0 0 0 0 0 0 0 
1589 10 0 0 0 0 0 0 0 0 0 0 0 
1590 10 0 0 0 0 0 0 0 0 0 0 0 
1591 10 0 0 0 0 0 0 0 0 0 0 0 
1592 10 0 0 0 0 0 0 0 0 0 0 0 
1593 10 0 0 0 0 0 0 0 0 0 0 0 
1594 10 0 0 0 0 0 0 0 0 0 0 0 
1595 10 0 0 0 0 0 0 0 0 0 0 0 
1596 10 0 0 0 0 0 0 0 0 0 0 0 
1597 10 0 0 0 0 0 0 0 0 0 0 0 
1598 10 0 0 0 0 0 0 0 0 0 0 0 
1599 10 0 0 0 0 0 0 0 0 0 0 0 
1600 10 0 0 0 0 0 0 0 0 0 0 0 
1601 10 0 0 0 0 0 0 0 0 0 0 0 
1602 10 0 0 0 0 0 0 0 0 0 0 0 
1603 10 0 0 0 0 0 0 0 0 0 0 0 
1604 10 0 0 0 0 0 0 0 0 0 0 0 
1605 10 0 0 0 0 0 0 0 0 0 0 0 
1606 10 0 0 0 0 0 0 0 0 0 0 0 
1607 10 0 0 0 0 0 0 0 0 0 0 0 
1608 10 0 0 0 0 0 0 0 0 0 0 0 
1609 10 0 0 0 0 0 0 0 0 0 0 0 
1610 10 0 0 0 0 0 0 0 0 0 0 0 
1611 10 0 0 0 0 0 0 0 0 0 0 0 
1612 10 0 0 0 0 0 0 0 0 0 0 0 
1613 10 0 0 0 0 0 0 0 0 0 0 0 
1614 10 0 0 0 0 0 0 0 0 0 0 0 
1615 10 0 0 0 0 0 0 0 0 0 0 0 
1616 10 0 0 0 0 0 0 0 0 0 0 0 
1617 10 0 0 0 0 0 0 0 0 0 0 0 
1618 10 0 0 0 0 0 0 0 0 0 0 0 
1619 10 0 0 0 0 0 0 0 0 0 0 0 
1620 10 0 0 0 0 0 0 0 0 0 0 0 
1621 10 0 0 0 0 0 0 0 0 0 0 0 
1622 10 0 0 0 0 0 0 0 0 0 0 0 
1623 10 0 0 0 0 0 0 0 0 0 0 0 
1624 10 0 0 0 0 0 0 0 0 0 0 0 
1625 10 0 0 0 0 0 0 0 0 0 0 0 
1626 10 0 0 0 0 0 0 0 0 0 0 0 
1627 10 0 0 0 0 0 0 0 0 0 0 0 
1628 10 0 0 0 0 0 0 0 0 0 0 0 
1629 10 0 0 0 0 0 0 0 0 0 0 0 
1630 10 0 0 0 0 0 0 0 0 0 0 0 
1631 10 0 0 0 0 0 0 0 0 0 0 0 
1632 10 0 0 0 0 0 0 0 0 0 0 0 
1633 10 0 0 0 0 0 0 0 0 0 0 0 
1634 10 0 0 0 0 0 0 0 0 0 0 0 
1635 10 0 0 0 0 0 0 0 0 0 0 0 
1636 10 0 0 0 0 0 0 0 0 0 0 0 
1637 10 0 0 0 0 0 0 0 0 0 0 0 
1638 10 0 0 0 0 0 0 0 0 0 0 0 
1639 10 0 0 0 0 0 0 0 0 0 0 0 
1640 10 0 0 0 0 0 0 0 0 0 0 0 
1641 10 0 0 0 0 0 0 0 0 0 0 0 
1642 10 0 0 0 0 0 0 0 0 0 0 0 
1643 10 0 0 0 0 0 0 0 0 0 0 0 
1644 10 0 0 0 0 0 0 0 0 0 0 0 
1645 10 0 0 0 0 0 0 0 0 0 0 0 
1646 10 0 0 0 0 0 0 0 0 0 0 0 
1647 10 0 0 0 0 0 0 0 0 0 0 0 
1648 10 0 0 0 0 0 0 0 0 0 0 0 
1649 10 0 0 0 0 0 0 0 0 0 0 0 
1650 10 0 0 0 0 0 0 0 0 0 0 0 
1651 10 0 0 0 0 0 0 0 0 0 0 0 
1652 10 0 0 0 0 0 0 0 0 0 0 0 
1653 10 0 0 0 0 0 0 0 0 0 0 0 
1654 10 0 0 0 0 0 0 0 0 0 0 0 
1655 10 0 0 0 0 0 0 0 0 0 0 0 
1656 10 0 0 0 0 0 0 0 0 0 0 0 
1657 10 0 0 0 0 0 0 0 0 0 0 0 
1658 10 0 0 0 0 0 0 0 0 0 0 0 
1659 10 0 0 0 0 0 0 0 0 0 0 0 
1660 10 0 0 0 0 0 0 0 0 0 0 0 
1661 10 0 0 0 0 0 0 0 0 0 0 0 
1662 10 0 0 0 0 0 0 0 0 0 0 0 
1663 10 0 0 0 0 0 0 0 0 0 0 0 
1664 10 0 0 0 0 0 0 0 0 0 0 0 
1665 10 0 0 0 0 0 0 0 0 0 0 0 
1666 10 0 0 0 0 0 0 0 0 0 0 0 
1667 10 0 0 0 0 0 0 0 0 0 0 0 
1668 10 0 0 0 0 0 0 0 0 0 0 0 
1669 10 0 0 0 0 0 0 0 0 0 0 0 
1670 10 0 0 0 0 0 0 0 0 0 0 0 
1671 10 0 0 0 0 0 0 0 0 0 0 0 
1672 10 0 0 0 0 0 0 0 0 0 0 0 
1673 10 0 0 0 0 0 0 0 0 0 0 0 
1674 10 0 0 0 0 0 0 0 0 0 0 0 
1675 10 0 0 0 0 0 0 0 0 0 0 0 
1676 10 0 0 0 0 0 0 0 0 0 0 0 
1677 10 0 0 0 0 0 0 0 0 0 0 0 
1678 10 0 0 0 0 0 0 0 0 0 0 0 
1679 10 0 0 0 0 0 0 0 0 0 0 0 
1680 10 0 0 0 0 0 0 0 0 0 0 0 
1681 10 0 0 0 0 0 0 0 0 0 0 0 
1682 10 0 0 0 0 0 0 0 0 0 0 0 
1683 10 0 0 0 0 0 0 0 0 0 0 0 
1684 10 0 0 0 0 0 0 0 0 0 0 0 
1685 10 0 0 0 0 0 0 0 0 0 0 0 
1686 10 0 0 0 0 0 0 0 0 0 0 0 
1687 10 0 0 0 0 0 0 0 0 0 0 0 
1688 10 0 0 0 0 0 0 0 0 0 0 0 
1689 10 0 0 0 0 0 0 0 0 0 0 0 
1690 10 0 0 0 0 0 0 0 0 0 0 0 
1691 10 0 0 0 0 0 0 0 0 0 0 0 
1692 10 0 0 0 0 0 0 0 0 0 0 0 
1693 10 0 0 0 0 0 0 0 0 0 0 0 
1694 10 0 0 0 0 0 0 0 0 0 0 0 
1695 10 0 0 0 0 0 0 0 0 0 0 0 
1696 10 0 0 0 0 0 0 0 0 0 0 0 
1697 10 0 0 0 0 0 0 0 0 0 0 0 
1698 10 0 0 0 0 0 0 0 0 0 0 0 
1699 10 0 0 0 0 0 0 0 0 0 0 0 
1700 10 0 0 0 0 0 0 0 0 0 0 0 
1701 10 0 0 0 0 0 0 0 0 0 0 0 
1702 10 0 0 0 0 0 0 0 0 0 0 0 
1703 10 0 0 0 0 0 0 0 0 0 0 0 
1704 10 0 0 0 0 0 0 0 0 0 0 0 
1705 10 0 0 0 0 0 0 0 0 0 0 0 
1706 10 0 0 0 0 0 0 0 0 0 0 0 
1707 10 0 0 0 0 0 0 0 0 0 0 0 
1708 10 0 0 0 0 0 0 0 0 0 0 0 
1709 10 0 0 0 0 0 0 0 0 0 0 0 
1710 10 0 0 0 0 0 0 0 0 0 0 0 
1711 10 0 0 0 0 0 0 0 0 0 0 0 
1712 10 0 0 0 0 0 0 0 0 0 0 0 
1713 10 0 0 0 0 0 0 0 0 0 0 0 
1714 10 0 0 0 0 0 0 0 0 0 0 0 
1715 10 0 0 0 0 0 0 0 0 0 0 0 
1716 10 0 0 0 0 0 0 0 0 0 0 0 
1717 10 0 0 0 0 0 0 0 0 0 0 0 
1718 10 0 0 0 0 0 0 0 0 0 0 0 
1719 10 0 0 0 0 0 0 0 0 0 0 0 
1720 10 0 0 0 0 0 0 0 0 0 0 0 
1721 10 0 0 0 0 0 0 0 0 0 0 0 
1722 10 0 0 0 0 0 0 0 0 0 0 0 
1723 10 0 0 0 0 0 0 0 0 0 0 0 
1724 10 0 0 0 0 0 0 0 0 0 0 0 
1725 10 0 0 0 0 0 0 0 0 0 0 0 
1726 10 0 0 0 0 0 0 0 0 0 0 0 
1727 10 0 0 0 0 0 0 0 0 0 0 0 
1728 10 0 0 0 0 0 0 0 0 0 0 0 
1729 10 0 0 0 0 0 0 0 0 0 0 0 
1730 10 0 0 0 0 0 0 0 0 0 0 0 
1731 10 0 0 0 0 0 0 0 0 0 0 0 
1732 10 0 0 0 0 0 0 0 0 0 0 0 
1733 10 0 0 0 0 0 0 0 0 0 0 0 
1734 10 0 0 0 0 0 0 0 0 0 0 0 
1735 10 0 0 0 0 0 0 0 0 0 0 0 
1736 10 0 0 0 0 0 0 0 0 0 0 0 
1737 10 0 0 0 0 0 0 0 0 0 0 0 
1738 10 0 0 0 0 0 0 0 0 0 0 0 
1739 10 0 0 0 0 0 0 0 0 0 0 0 
1740 10 0 0 0 0 0 0 0 0 0 0 0 
1741 10 0 0 0 0 0 0 0 0 0 0 0 
1742 10 0 0 0 0 0 0 0 0 0 0 0 
1743 10 0 0 0 0 0 0 0 0 0 0 0 
1744 10 0 0 0 0 0 0 0 0 0 0 0 
1745 10 0 0 0 0 0 0 0 0 0 0 0 
1746 10 0 0 0 0 0 0 0 0 0 0 0 
1747 10 0 0 0 0 0 0 0 0 0 0 0 
1748 10 0 0 0 0 0 0 0 0 0 0 0 
1749 10 0 0 0 0 0 0 0 0 0 0 0 
1750 10 0 0 0 0 0 0 0 0 0 0 0 
1751 10 0 0 0 0 0 0 0 0 0 0 0 
1752 10 0 0 0 0 0 0 0 0 0 0 0 
1753 10 0 0 0 0 0 0 0 0 0 0 0 
1754 10 0 0 0 0 0 0 0 0 0 0 0 
1755 10 0 0 0 0 0 0 0 0 0 0 0 
1756 10 0 0 0 0 0 0 0 0 0 0 0 
1757 10 0 0 0 0 0 0 0 0 0 0 0 
1758 10 0 0 0 0 0 0 0 0 0 0 0 
1759 10 0 0 0 0 0 0 0 0 0 0 0 
1760 10 0 0 0 0 0 0 0 0 0 0 0 
1761 10 0 0 0 0 0 0 0 0 0 0 0 
1762 10 0 0 0 0 0 0 0 0 0 0 0 
1763 10 0 0 0 0 0 0 0 0 0 0 0 
1764 10 0 0 0 0 0 0 0 0 0 0 0 
1765 10 0 0 0 0 0 0 0 0 0 0 0 
1766 10 0 0 0 0 0 0 0 0 0 0 0 
1767 10 0 0 0 0 0 0 0 0 0 0 0 
1768 10 0 0 0 0 0 0 0 0 0 0 0 
1769 10 0 0 0 0 0 0 0 0 0 0 0 
1770 10 0 0 0 0 0 0 0 0 0 0 0 
1771 10 0 0 0 0 0 0 0 0 0 0 0 
1772 10 0 0 0 0 0 0 0 0 0 0 0 
1773 10 0 0 0 0 0 0 0 0 0 0 0 
1774 10 0 0 0 0 0 0 0 0 0 0 0 
1775 10 59 0 0 0 0 0 0 0 0 0 0 
1776 10 60 0 0 0 0 0 0 0 0 0 0 
1777 10 61 0 0 0 0 0 0 0 0 0 0 
1778 10 62 0 0 0 0 0 0 0 0 0 0 
1779 10 63 0 0 0 0 0 0 0 0 0 0 
1780 10 64 0 0 0 0 0 0 0 0 0 0 
1781 10 65 0 0 0 0 0 0 0 0 0 0 
1782 10 66 0 0 0 0 0 0 0 0 0 0 
1783 10 0 0 0 0 0 0 0 0 0 0 0 
1784 10 0 0 0 0 0 0 0 0 0 0 0 
1785 10 0 0 0 0 0 0 0 0 0 0 0 
1786 10 0 0 0 0 0 0 0 0 0 0 0 
1787 10 0 0 0 0 0 0 0 0 0 0 0 
1788 10 0 0 0 0 0 0 0 0 0 0 0 
1789 10 0 0 0 0 0 0 0 0 0 0 0 
1790 10 0 0 0 0 0 0 0 0 0 0 0 
1791 10 0 0 0 0 0 0 0 0 0 0 0 
1792 10 0 0 0 0 0 0 0 0 0 0 0 
1793 10 0 0 0 0 0 0 0 0 0 0 0 
1794 10 0 0 0 0 0 0 0 0 0 0 0 
1795 10 0 0 0 0 0 0 0 0 0 0 0 
1796 10 0 0 0 0 0 0 0 0 0 0 0 
1797 10 0 0 0 0 0 0 0 0 0 0 0 
1798 10 0 0 0 0 0 0 0 0 0 0 0 
1799 10 0 0 0 0 0 0 0 0 0 0 0 
1800 10 0 0 0 0 0 0 0 0 0 0 0 
1801 10 0 0 0 0 0 0 0 0 0 0 0 
1802 10 0 0 0 0 0 0 0 0 0 0 0 
1803 10 0 0 0 0 0 0 0 0 0 0 0 
1804 10 0 0 0 0 0 0 0 0 0 0 0 
1805 10 0 0 0 0 0 0 0 0 0 0 0 
1806 10 0 0 0 0 0 0 0 0 0 0 0 
1807 10 0 0 0 0 0 0 0 0 0 0 0 
1808 10 0 0 0 0 0 0 0 0 0 0 0 
1809 10 0 0 0 0 0 0 0 0 0 0 0 
1810 10 0 0 0 0 0 0 0 0 0 0 0 
1811 10 0 0 0 0 0 0 0 0 0 0 0 
1812 10 0 0 0 0 0 0 0 0 0 0 0 
1813 10 0 0 0 0 0 0 0 0 0 0 0 
1814 10 0 0 0 0 0 0 0 0 0 0 0 
1815 10 0 0 0 0 0 0 0 0 0 0 0 
1816 10 0 0 0 0 0 0 0 0 0 0 0 
1817 10 0 0 0 0 0 0 0 0 0 0 0 
1818 10 0 0 0 0 0 0 0 0 0 0 0 
1819 10 0 0 0 0 0 0 0 0 0 0 0 
1820 10 0 0 0 0 0 0 0 0 0 0 0 
1821 10 0 0 0 0 0 0 0 0 0 0 0 
1822 10 0 0 0 0 0 0 0 0 0 0 0 
1823 10 0 0 0 0 0 0 0 0 0 0 0 
1824 10 0 0 0 0 0 0 0 0 0 0 0 
1825 10 0 0 0 0 0 0 0 0 0 0 0 
1826 10 0 0 0 0 0 0 0 0 0 0 0 
1827 10 0 0 0 0 0 0 0 0 0 0 0 
1828 10 0 0 0 0 0 0 0 0 0 0 0 
1829 10 0 0 0 0 0 0 0 0 0 0 0 
1830 10 0 0 0 0 0 0 0 0 0 0 0 
1831 10 0 0 0 0 0 0 0 0 0 0 0 
1832 10 0 0 0 0 0 0 0 0 0 0 0 
1833 10 0 0 0 0 0 0 0 0 0 0 0 
1834 10 0 0 0 0 0 0 0 0 0 0 0 
1835 10 0 0 0 0 0 0 0 0 0 0 0 
1836 10 0 0 0 0 0 0 0 0 0 0 0 
1837 10 0 0 0 0 0 0 0 0 0 0 0 
1838 10 0 0 0 0 0 0 0 0 0 0 0 
1839 10 0 0 0 0 0 0 0 0 0 0 0 
1840 10 0 0 0 0 0 0 0 0 0 0 0 
1841 10 0 0 0 0 0 0 0 0 0 0 0 
1842 10 0 0 0 0 0 0 0 0 0 0 0 
1843 10 0 0 0 0 0 0 0 0 0 0 0 
1844 10 0 0 0 0 0 0 0 0 0 0 0 
1845 10 0 0 0 0 0 0 0 0 0 0 0 
1846 10 0 0 0 0 0 0 0 0 0 0 0 
1847 10 0 0 0 0 0 0 0 0 0 0 0 
1848 10 0 0 0 0 0 0 0 0 0 0 0 
1849 10 0 0 0 0 0 0 0 0 0 0 0 
1850 10 0 0 0 0 0 0 0 0 0 0 0 
1851 10 0 0 0 0 0 0 0 0 0 0 0 
1852 10 0 0 0 0 0 0 0 0 0 0 0 
1853 10 0 0 0 0 0 0 0 0 0 0 0 
1854 10 0 0 0 0 0 0 0 0 0 0 0 
1855 10 0 0 0 0 0 0 0 0 0 0 0 
1856 10 0 0 0 0 0 0 0 0 0 0 0 
1857 10 0 0 0 0 0 0 0 0 0 0 0 
1858 10 0 0 0 0 0 0 0 0 0 0 0 
1859 10 0 0 0 0 0 0 0 0 0 0 0 
1860 10 0 0 0 0 0 0 0 0 0 0 0 
1861 10 0 0 0 0 0 0 0 0 0 0 0 
1862 10 0 0 0 0 0 0 0 0 0 0 0 
1863 10 0 0 0 0 0 0 0 0 0 0 0 
1864 10 0 0 0 0 0 0 0 0 0 0 0 
1865 10 0 0 0 0 0 0 0 0 0 0 0 
1866 10 0 0 0 0 0 0 0 0 0 0 0 
1867 10 0 0 0 0 0 0 0 0 0 0 0 
1868 10 0 0 0 0 0 0 0 0 0 0 0 
1869 10 0 0 0 0 0 0 0 0 0 0 0 
1870 10 0 0 0 0 0 0 0 0 0 0 0 
1871 10 0 0 0 0 0 0 0 0 0 0 0 
1872 10 0 0 0 0 0 0 0 0 0 0 0 
1873 10 0 0 0 0 0 0 0 0 0 0 0 
1874 10 0 0 0 0 0 0 0 0 0 0 0 
1875 10 0 0 0 0 0 0 0 0 0 0 0 
1876 10 0 0 0 0 0 0 0 0 0 0 0 
1877 10 0 0 0 0 0 0 0 0 0 0 0 
1878 10 0 0 0 0 0 0 0 0 0 0 0 
1879 10 0 0 0 0 0 0 0 0 0 0 0 
1880 10 0 0 0 0 0 0 0 0 0 0 0 
1881 10 0 0 0 0 0 0 0 0 0 0 0 
1882 10 0 0 0 0 0 0 0 0 0 0 0 
1883 10 0 0 0 0 0 0 0 0 0 0 0 
1884 10 0 0 0 0 0 0 0 0 0 0 0 
1885 10 0 0 0 0 0 0 0 0 0 0 0 
1886 10 0 0 0 0 0 0 0 0 0 0 0 
1887 10 0 0 0 0 0 0 0 0 0 0 0 
1888 10 0 0 0 0 0 0 0 0 0 0 0 
1889 10 0 0 0 0 0 0 0 0 0 0 0 
1890 10 0 0 0 0 0 0 0 0 0 0 0 
1891 10 0 0 0 0 0 0 0 0 0 0 0 
1892 10 0 0 0 0 0 0 0 0 0 0 0 
1893 10 0 0 0 0 0 0 0 0 0 0 0 
1894 10 0 0 0 0 0 0 0 0 0 0 0 
1895 10 0 0 0 0 0 0 0 0 0 0 0 
1896 10 0 0 0 0 0 0 0 0 0 0 0 
1897 10 0 0 0 0 0 0 0 0 0 0 0 
1898 10 0 0 0 0 0 0 0 0 0 0 0 
1899 10 0 0 0 0 0 0 0 0 0 0 0 
1900 10 0 0 0 0 0 0 0 0 0 0 0 
1901 10 0 0 0 0 0 0 0 0 0 0 0 
1902 10 0 0 0 0 0 0 0 0 0 0 0 
1903 10 0 0 0 0 0 0 0 0 0 0 0 
1904 10 0 0 0 0 0 0 0 0 0 0 0 
1905 10 0 0 0 0 0 0 0 0 0 0 0 
1906 10 0 0 0 0 0 0 0 0 0 0 0 
1907 10 0 0 0 0 0 0 0 0 0 0 0 
1908 10 0 0 0 0 0 0 0 0 0 0 0 
1909 10 0 0 0 0 0 0 0 0 0 0 0 
1910 10 0 0 0 0 0 0 0 0 0 0 0 
1911 10 0 0 0 0 0 0 0 0 0 0 0 
1912 10 0 0 0 0 0 0 0 0 0 0 0 
1913 10 0 0 0 0 0 0 0 0 0 0 0 
1914 10 0 0 0 0 0 0 0 0 0 0 0 
1915 10 0 0 0 0 0 0 0 0 0 0 0 
1916 10 0 0 0 0 0 0 0 0 0 0 0 
1917 10 0 0 0 0 0 0 0 0 0 0 0 
1918 10 0 0 0 0 0 0 0 0 0 0 0 
1919 10 0 0 0 0 0 0 0 0 0 0 0 
1920 10 0 0 0 0 0 0 0 0 0 0 0 
1921 10 0 0 0 0 0 0 0 0 0 0 0 
1922 10 0 0 0 0 0 0 0 0 0 0 0 
1923 10 0 0 0 0 0 0 0 0 0 0 0 
1924 10 0 0 0 0 0 0 0 0 0 0 0 
1925 10 0 0 0 0 0 0 0 0 0 0 0 
1926 10 0 0 0 0 0 0 0 0 0 0 0 
1927 10 0 0 0 0 0 0 0 0 0 0 0 
1928 10 0 0 0 0 0 0 0 0 0 0 0 
1929 10 0 0 0 0 0 0 0 0 0 0 0 
1930 10 0 0 0 0 0 0 0 0 0 0 0 
1931 10 0 0 0 0 0 0 0 0 0 0 0 
1932 10 0 0 0 0 0 0 0 0 0 0 0 
1933 10 0 0 0 0 0 0 0 0 0 0 0 
1934 10 0 0 0 0 0 0 0 0 0 0 0 
1935 10 0 0 0 0 0 0 0 0 0 0 0 
1936 10 0 0 0 0 0 0 0 0 0 0 0 
1937 10 0 0 0 0 0 0 0 0 0 0 0 
1938 10 0 0 0 0 0 0 0 0 0 0 0 
1939 10 0 0 0 0 0 0 0 0 0 0 0 
1940 10 0 0 0 0 0 0 0 0 0 0 0 
1941 10 0 0 0 0 0 0 0 0 0 0 0 
1942 10 0 0 0 0 0 0 0 0 0 0 0 
1943 10 0 0 0 0 0 0 0 0 0 0 0 
1944 10 0 0 0 0 0 0 0 0 0 0 0 
1945 10 0 0 0 0 0 0 0 0 0 0 0 
1946 10 0 0 0 0 0 0 0 0 0 0 0 
1947 10 0 0 0 0 0 0 0 0 0 0 0 
1948 10 0 0 0 0 0 0 0 0 0 0 0 
1949 10 0 0 0 0 0 0 0 0 0 0 0 
1950 10 0 0 0 0 0 0 0 0 0 0 0 
1951 10 0 0 0 0 0 0 0 0 0 0 0 
1952 10 0 0 0 0 0 0 0 0 0 0 0 
1953 10 0 0 0 0 0 0 0 0 0 0 0 
1954 10 0 0 0 0 0 0 0 0 0 0 0 
1955 10 0 0 0 0 0 0 0 0 0 0 0 
1956 10 0 0 0 0 0 0 0 0 0 0 0 
1957 10 0 0 0 0 0 0 0 0 0 0 0 
1958 10 0 0 0 0 0 0 0 0 0 0 0 
1959 10 0 0 0 0 0 0 0 0 0 0 0 
1960 10 0 0 0 0 0 0 0 0 0 0 0 
1961 10 0 0 0 0 0 0 0 0 0 0 0 
1962 10 0 0 0 0 0 0 0 0 0 0 0 
1963 10 0 0 0 0 0 0 0 0 0 0 0 
1964 10 0 0 0 0 0 0 0 0 0 0 0 
1965 10 0 0 0 0 0 0 0 0 0 0 0 
1966 10 0 0 0 0 0 0 0 0 0 0 0 
1967 10 0 0 0 0 0 0 0 0 0 0 0 
1968 10 0 0 0 0 0 0 0 0 0 0 0 
1969 10 0 0 0 0 0 0 0 0 0 0 0 
1970 10 0 0 0 0 0 0 0 0 0 0 0 
1971 10 0 0 0 0 0 0 0 0 0 0 0 
1972 10 0 0 0 0 0 0 0 0 0 0 0 
1973 10 0 0 0 0 0 0 0 0 0 0 0 
1974 10 0 0 0 0 0 0 0 0 0 0 0 
1975 10 0 0 0 0 0 0 0 0 0 0 0 
1976 10 0 0 0 0 0 0 0 0 0 0 0 
1977 10 0 0 0 0 0 0 0 0 0 0 0 
1978 10 0 0 0 0 0 0 0 0 0 0 0 
1979 10 0 0 0 0 0 0 0 0 0 0 0 
1980 10 0 0 0 0 0 0 0 0 0 0 0 
1981 10 0 0 0 0 0 0 0 0 0 0 0 
1982 10 0 0 0 0 0 0 0 0 0 0 0 
1983 10 0 0 0 0 0 0 0 0 0 0 0 
1984 10 0 0 0 0 0 0 0 0 0 0 0 
1985 10 0 0 0 0 0 0 0 0 0 0 0 
1986 10 0 0 0 0 0 0 0 0 0 0 0 
1987 10 0 0 0 0 0 0 0 0 0 0 0 
1988 10 0 0 0 0 0 0 0 0 0 0 0 
1989 10 0 0 0 0 0 0 0 0 0 0 0 
1990 10 0 0 0 0 0 0 0 0 0 0 0 
1991 10 0 0 0 0 0 0 0 0 0 0 0 
1992 10 0 0 0 0 0 0 0 0 0 0 0 
1993 10 0 0 0 0 0 0 0 0 0 0 0 
1994 10 0 0 0 0 0 0 0 0 0 0 0 
1995 10 0 0 0 0 0 0 0 0 0 0 0 
1996 10 0 0 0 0 0 0 0 0 0 0 0 
1997 10 0 0 0 0 0 0 0 0 0 0 0 
1998 10 0 0 0 0 0 0 0 0 0 0 0 
1999 10 0 0 0 0 0 0 0 0 0 0 0 
2000 10 0 0 0 0 0 0 0 0 0 0 0 
2001 10 0 0 0 0 0 0 0 0 0 0 0 
2002 10 0 0 0 0 0 0 0 0 0 0 0 
2003 10 0 0 0 0 0 0 0 0 0 0 0 
2004 10 0 0 0 0 0 0 0 0 0 0 0 
2005 10 0 0 0 0 0 0 0 0 0 0 0 
2006 10 0 0 0 0 0 0 0 0 0 0 0 
2007 10 0 0 0 0 0 0 0 0 0 0 0 
2008 10 0 0 0 0 0 0 0 0 0 0 0 
2009 10 0 0 0 0 0 0 0 0 0 0 0 
2010 10 0 0 0 0 0 0 0 0 0 0 0 
2011 10 0 0 0 0 0 0 0 0 0 0 0 
2012 10 0 0 0 0 0 0 0 0 0 0 0 
2013 10 0 0 0 0 0 0 0 0 0 0 0 
2014 10 0 0 0 0 0 0 0 0 0 0 0 
2015 10 0 0 0 0 0 0 0 0 0 0 0 
2016 10 0 0 0 0 0 0 0 0 0 0 0 
2017 10 0 0 0 0 0 0 0 0 0 0 0 
2018 10 0 0 0 0 0 0 0 0 0 0 0 
2019 10 0 0 0 0 0 0 0 0 0 0 0 
2020 10 0 0 0 0 0 0 0 0 0 0 0 
2021 10 0 0 0 0 0 0 0 0 0 0 0 
2022 10 0 0 0 0 0 0 0 0 0 0 0 
2023 10 0 0 0 0 0 0 0 0 0 0 0 
2024 10 0 0 0 0 0 0 0 0 0 0 0 
2025 10 0 0 0 0 0 0 0 0 0 0 0 
2026 10 0 0 0 0 0 0 0 0 0 0 0 
2027 10 0 0 0 0 0 0 0 0 0 0 0 
2028 10 0 0 0 0 0 0 0 0 0 0 0 
2029 10 0 0 0 0 0 0 0 0 0 0 0 
2030 10 0 0 0 0 0 0 0 0 0 0 0 
2031 10 0 0 0 0 0 0 0 0 0 0 0 
2032 10 0 0 0 0 0 0 0 0 0 0 0 
2033 10 0 0 0 0 0 0 0 0 0 0 0 
2034 10 0 0 0 0 0 0 0 0 0 0 0 
2035 10 0 0 0 0 0 0 0 0 0 0 0 
2036 10 0 0 0 0 0 0 0 0 0 0 0 
2037 10 0 0 0 0 0 0 0 0 0 0 0 
2038 10 0 0 0 0 0 0 0 0 0 0 0 
2039 10 0 0 0 0 0 0 0 0 0 0 0 
2040 10 0 0 0 0 0 0 0 0 0 0 0 
2041 10 0 0 0 0 0 0 0 0 0 0 0 
2042 10 0 0 0 0 0 0 0 0 0 0 0 
2043 10 0 0 0 0 0 0 0 0 0 0 0 
2044 10 0 0 0 0 0 0 0 0 0 0 0 
2045 10 0 0 0 0 0 0 0 0 0 0 0 
2046 10 0 0 0 0 0 0 0 0 0 0 0 

0 2 2 0 bottle 0.686469 20 9 -48 276 -16 57 276 2 76 180 -11 57 312 -21 -58 312 4 22 288 -16 -3 24 9 -38 312 -1 57 96 -18 -19 0 -1 -63 96 -11 -73 36 4 -58 24 12 36 204 12 41 192 -8 71 192 12 41 48 9 22 60 -26 -58 312 -23 26 48 1 pack 0.851695 18 -3 89 72 2 -36 144 -13 79 300 7 -61 204 -3 -36 156 -8 19 48 9 43 48 -26 -17 336 22 54 204 -1 8 96 4 -7 132 -11 33 240 12 44 156 34 -27 336 24 -57 156 -38 44 168 12 64 204 17 69 300 
1 2 2 0 bottle 0.129353 1 14 22 312 1 pack 0.708995 4 27 -61 60 27 -86 336 49 -27 240 9 3 156 
2 2 1 0 bottle 0.206349 1 2 51 0 
3 2 1 0 bottle 0.983119 28 -1 -88 24 39 7 120 39 -8 96 -8 -34 228 -18 31 180 -18 31 192 14 57 312 7 -79 0 9 37 276 7 -39 204 -3 26 48 39 -8 120 24 77 156 -13 -34 240 -18 -29 36 12 -29 204 -8 -34 240 17 91 0 2 21 0 -8 -9 36 12 -59 0 -3 31 120 -13 -9 36 -8 -39 240 -18 -24 228 -13 36 180 -13 -59 36 7 76 252 
4 2 1 0 bottle 1 1 22 -64 36 
5 2 1 0 bottle 1 1 -1 42 288 
6 2 2 0 bottle 0.621514 15 12 36 228 -1 -38 288 12 -79 0 24 -78 120 7 76 192 39 7 60 12 -79 168 7 -79 240 -1 12 120 19 -78 312 22 -79 180 22 -79 168 -11 -38 312 39 -83 120 24 12 36 1 pack 0.536 5 22 49 72 -16 -12 240 27 -46 300 24 -27 96 24 -42 240 
7 2 2 0 bottle 0.757282 12 -18 11 240 2 -54 168 -16 -58 120 4 -78 156 -3 6 204 -23 -19 252 -21 -43 288 -16 32 276 -6 2 120 2 11 48 2 -34 204 -3 71 48 1 pack 0.782972 7 34 -27 132 -28 -71 60 27 -106 156 19 48 72 -11 -17 48 -43 -21 144 9 -37 240 
8 2 1 0 bottle 0.980361 24 22 11 48 29 -98 24 -18 -54 240 39 87 24 -6 57 276 29 -93 156 29 2 156 -11 -8 36 4 -103 156 29 -98 156 -11 -98 36 14 -103 24 4 -103 60 39 82 24 7 -4 192 -8 -39 0 24 -78 156 -1 -18 156 7 26 240 34 -28 120 -23 -29 252 -11 62 312 29 -43 120 -16 -63 60 
9 2 2 0 bottle 0.342105 2 17 16 192 14 -8 312 1 pack 0.93988 7 14 38 132 -1 28 72 49 3 336 -16 -32 72 7 -81 72 2 -111 204 4 28 72 
10 2 2 0 bottle 0.957192 43 -1 -28 288 -11 7 36 7 16 0 4 -18 276 -8 71 240 -3 16 36 12 71 168 -16 32 288 9 62 36 34 -93 120 17 -64 180 14 -93 276 22 -39 48 22 -84 240 -8 16 48 14 -93 312 12 71 120 12 71 48 27 -84 252 27 -79 0 27 -79 180 -11 17 96 27 -79 228 27 -64 48 27 -39 36 22 46 180 27 6 192 39 -3 156 27 36 0 7 61 204 32 11 120 -6 -98 276 32 46 168 32 21 228 12 66 36 27 36 240 -6 -93 156 4 -93 276 7 61 240 12 66 204 17 66 240 17 66 192 -6 -93 312 1 pack 0.313573 3 12 -26 72 -23 49 48 2 -31 168 
11 2 1 1 pack 0.971014 5 7 14 48 -18 84 192 -8 -111 144 -18 74 204 7 -91 300 
12 2 2 0 bottle 0.902071 31 19 -3 156 24 -98 36 22 81 168 -8 -69 180 -1 -13 288 17 41 252 34 12 312 24 -48 120 39 -78 156 2 1 0 -6 12 288 22 71 36 -16 -53 312 14 82 276 34 12 276 24 62 60 14 -33 60 7 -24 48 17 -4 204 22 86 168 2 -34 0 34 -88 288 -1 -53 276 7 -34 204 -8 -34 192 -21 -68 276 -8 -34 252 -8 -34 168 4 2 276 -1 -68 288 -3 -34 168 1 pack 0.556787 6 29 23 132 12 -21 168 9 48 144 17 74 300 -8 14 336 22 -71 204 
13 2 1 1 pack 0.87013 4 37 54 204 -1 43 132 49 -52 72 27 89 48 
14 2 2 0 bottle 0.509804 3 -3 -64 228 7 -64 204 12 -64 180 1 pack 0.770115 3 -31 -32 84 -18 -81 156 -36 -42 84 
15 2 1 0 bottle 0.968944 15 -8 -64 240 7 -14 180 -13 61 180 17 -24 204 -8 -4 48 -21 -63 120 -13 61 204 -13 61 252 -3 61 120 -3 6 36 -1 -93 24 -13 -24 0 -3 61 204 -18 61 204 -8 61 180 
16 2 2 0 bottle 0.358974 7 14 52 312 14 92 312 -3 -49 36 19 77 276 34 -18 276 22 86 228 2 -14 252 1 pack 0.480287 4 -28 -41 336 2 -81 336 7 -31 204 44 38 156 
17 2 2 0 bottle 0.87395 10 -18 -19 168 19 -8 36 12 -9 252 12 1 0 2 71 252 12 26 0 7 -89 36 9 -88 288 -13 -59 204 -3 66 180 1 pack 0.358289 1 -6 58 336 
18 2 1 1 pack 0.975728 6 42 -101 204 32 -61 144 32 -76 204 -3 -11 192 -33 99 168 44 -42 84 
19 2 2 0 bottle 0.695864 11 9 52 96 -13 26 0 22 -69 120 -26 -48 36 22 16 36 2 -19 0 -8 -19 36 17 26 204 4 7 276 -6 52 288 2 -29 228 1 pack 0.41358 2 -31 -42 84 9 -47 132 
20 2 2 0 bottle 0.590164 9 32 -59 168 32 91 204 32 -14 252 39 42 96 39 67 156 39 -18 288 39 102 60 39 107 288 39 -23 276 1 pack 0.663366 5 57 104 336 59 18 336 59 -32 132 59 -27 240 59 -32 96 
21 2 2 0 bottle 0.145899 34 32 66 0 -16 -63 312 22 -4 120 17 -4 240 17 -89 36 12 -69 252 12 -9 36 2 -4 120 17 -9 36 -8 6 120 27 86 48 27 76 36 34 -33 288 29 52 120 34 77 120 2 -64 48 24 37 276 24 72 24 2 21 120 -11 -63 36 27 81 36 -3 -44 120 34 47 96 -18 1 192 17 86 204 24 -8 24 -8 -34 48 27 61 120 2 -9 228 2 -24 120 27 61 204 -6 87 24 7 31 192 -8 -49 180 1 pack 0.198813 16 57 -51 204 -33 -91 168 -18 -96 144 12 -76 300 -13 9 144 39 43 240 37 19 192 47 -76 48 44 38 84 42 -106 144 44 43 48 17 -101 204 37 -106 168 7 94 144 29 58 240 -16 -7 132 
22 2 1 0 bottle 0.961479 12 -23 61 120 29 -98 96 4 -98 156 -23 -4 120 -23 -14 120 -23 -34 48 -8 -14 204 -16 92 312 -28 -19 180 -26 -13 276 -6 92 156 -26 -48 24 
23 2 2 0 bottle 0.181428 13 -26 -3 156 -1 -13 120 2 -9 168 14 2 276 -26 72 24 -23 81 0 7 51 192 2 -19 120 24 97 36 -8 11 168 22 -84 120 -23 1 168 17 -54 228 1 pack 0.204893 5 12 19 192 -33 79 60 29 -2 288 -51 -57 336 -43 74 60 
24 2 2 0 bottle 0.307501 76 -26 67 36 -28 76 168 39 77 120 -26 47 96 -21 82 156 39 -8 276 9 107 120 -23 -29 180 -8 -84 204 -31 87 60 -36 37 24 39 62 312 -36 67 24 39 -23 288 39 67 36 29 52 312 -36 77 36 29 37 276 24 42 288 34 57 24 -31 102 276 -16 92 156 -26 67 60 -31 42 156 -31 37 156 24 52 312 -23 -64 0 29 32 312 -11 87 96 39 37 312 -36 87 120 -31 52 96 -28 66 120 -28 71 36 -36 107 288 -36 67 156 34 47 24 -21 77 120 19 87 276 32 86 192 -28 91 180 9 107 156 39 77 288 27 86 192 -31 87 120 39 -13 312 29 102 36 19 47 312 39 -38 288 29 27 312 -6 92 36 34 102 36 24 37 24 27 91 240 -1 107 312 27 66 0 27 71 228 32 91 120 39 72 36 29 102 156 27 76 204 -11 92 36 39 57 120 -11 87 60 19 107 288 32 86 36 -3 -39 252 -18 -44 36 -8 26 180 12 -39 0 29 -38 36 14 47 276 -8 21 180 -1 62 60 2 -44 180 -23 -84 36 1 pack 0.631534 88 49 18 84 47 -31 204 -48 114 60 47 -11 156 -48 94 48 -53 99 204 -56 58 288 -33 94 72 -41 43 96 52 44 60 54 53 48 12 114 48 -53 114 168 42 39 204 -43 84 336 -56 -47 288 42 114 48 -56 -47 48 54 -12 144 54 43 48 -38 114 168 49 43 156 -51 -47 84 -11 58 48 -56 -52 132 -51 -52 288 -26 58 84 -51 18 96 -31 43 288 47 84 60 59 28 156 47 104 168 44 53 48 12 109 300 47 -11 144 -56 3 84 54 43 336 47 -46 60 -51 38 288 42 -36 204 -36 53 48 -18 99 60 -28 104 60 27 -36 192 22 9 156 59 -52 84 52 -91 48 59 -52 132 47 -86 168 59 -42 144 -48 69 60 47 44 72 52 -86 192 -36 -32 336 52 44 204 57 59 204 42 4 300 -51 23 84 49 58 72 57 -51 300 42 -36 192 42 84 168 7 114 144 -53 -1 72 52 94 300 37 -11 168 47 74 156 -21 53 72 52 -66 300 42 94 336 42 -76 72 -56 43 240 37 -41 204 32 64 168 37 -11 156 27 9 156 37 29 144 -3 -81 72 2 -41 300 -38 29 156 37 -46 48 -1 -52 240 37 14 144 7 -6 192 17 54 144 -33 89 144 37 49 144 -8 54 48 
25 2 2 0 bottle 0.342105 2 7 -59 252 -18 16 180 1 pack 0.741697 3 19 53 132 -13 99 204 -1 -32 84 
26 2 1 0 bottle 0.932735 20 -13 -14 168 -18 -79 36 -18 -49 0 -1 -58 288 -3 -39 240 -13 -34 228 -18 6 180 12 -84 36 2 -19 48 2 -84 228 7 -4 0 -8 16 168 -23 16 204 -18 -14 168 -8 71 0 -6 37 276 -18 6 168 -3 31 168 2 -49 192 -3 -34 204 
27 2 2 0 bottle 0.342105 3 -1 87 96 -23 26 0 34 -28 60 1 pack 0.323672 1 52 -31 72 
28 2 2 0 bottle 0.755971 70 -23 91 168 12 -84 252 -23 -89 120 -31 27 96 -28 61 204 -36 92 288 12 16 252 -36 92 156 -26 102 120 39 -38 312 34 -48 276 -28 91 204 9 102 96 9 102 36 9 102 288 29 -43 276 -6 97 312 -26 102 276 -16 107 276 -31 102 36 14 107 312 -28 81 168 -26 107 36 -26 107 156 29 107 60 -3 -84 192 -28 71 192 -11 97 276 -26 92 24 -28 76 36 -21 82 24 -16 87 156 -13 -89 0 -23 -89 36 -36 -43 36 -36 -43 96 -36 -38 36 -36 12 156 14 67 276 39 62 96 39 82 156 -23 91 48 -36 2 156 -16 102 96 7 21 252 34 -38 276 7 26 252 4 102 60 -1 97 60 -21 97 60 4 102 96 2 -9 240 34 -38 36 39 -23 36 -31 97 288 9 -68 156 7 -84 120 -36 -58 60 7 11 48 -31 -48 96 12 -44 36 7 -34 36 -36 -23 36 12 1 240 17 16 0 12 -9 168 17 -34 48 -23 81 192 17 -24 120 -23 81 204 1 pack 0.697917 30 -56 18 156 42 -81 144 -41 38 288 47 -66 204 54 -22 288 57 -41 156 -51 18 240 54 58 336 42 -26 192 -11 53 96 -56 38 144 44 -42 96 54 -52 72 32 -81 156 37 19 204 -56 -7 288 -46 33 48 54 -32 132 42 84 300 47 -36 60 -53 54 72 -16 48 84 47 -6 192 -51 -7 240 17 -1 156 -53 -36 300 -23 34 72 -33 99 300 -18 -26 168 -48 -66 72 
29 2 2 0 bottle 0.257426 4 -26 -73 312 14 -63 36 17 -39 36 -28 -4 192 1 pack 0.728261 8 4 3 48 -56 8 84 -33 -36 300 -21 -57 240 -3 59 72 2 24 300 -28 -31 168 -31 -47 96 
30 2 1 0 bottle 0.975321 19 -11 -78 36 -11 -43 36 14 97 288 -8 81 0 12 21 180 -36 -93 156 2 -24 168 -13 -9 0 7 -14 36 39 -83 24 9 -43 312 39 -68 60 12 -89 240 -18 -89 240 -13 46 36 19 92 156 12 -89 168 2 -44 0 9 97 312 
31 2 2 0 bottle 0.675325 6 39 -73 60 -8 -89 192 39 -68 156 4 -33 288 7 -89 204 29 -58 60 1 pack 0.770115 4 32 89 60 -13 -101 204 27 -96 204 -18 64 60 
32 2 2 0 bottle 0.717691 11 -36 32 276 -23 91 120 -31 -48 36 -26 72 276 -36 -98 120 17 21 36 -6 72 60 2 81 228 -31 -33 156 -28 -14 180 2 81 252 1 pack 0.690722 5 -43 19 72 -43 54 72 34 -52 132 -33 64 192 -43 -21 336 
33 2 2 0 bottle 0.257426 17 -28 26 180 -28 -69 240 14 102 288 -11 -98 24 19 97 276 19 97 24 -3 -69 240 4 -33 96 29 -103 24 -6 -103 276 7 -69 0 -3 46 0 14 -103 288 9 -103 60 34 -103 24 -16 -98 36 14 -38 60 1 pack 0.227119 5 -21 -47 84 -46 38 72 -3 -76 336 29 -37 240 29 -7 132 
34 2 1 0 bottle 1 1 9 -88 120 
35 2 1 0 bottle 1 9 22 -34 180 22 -19 120 4 -3 276 22 -59 240 22 -34 192 19 -88 96 22 21 192 22 -4 192 22 -19 192 
36 2 1 0 bottle 1 2 27 -89 120 27 -39 192 
37 2 1 0 bottle 0.986057 34 39 -63 120 27 -4 204 32 -9 0 27 -59 192 27 6 0 27 -64 252 27 -49 204 32 -9 168 32 -84 36 27 -19 204 22 -39 252 22 -44 180 27 -19 48 22 -59 0 27 -4 36 27 -19 120 22 -54 252 32 -29 168 29 -78 312 27 1 228 34 -78 36 27 -9 240 32 11 0 27 -54 252 32 -29 48 32 -39 0 34 -58 24 32 -49 36 32 16 204 27 -34 240 32 -24 192 27 -44 120 32 -44 192 32 -74 204 
38 2 1 0 bottle 1 7 22 6 228 27 -64 120 27 -54 168 22 -14 0 22 -49 252 27 -4 120 22 -64 180 
39 2 2 0 bottle 0.409449 1 29 -13 276 1 pack 0.690722 1 54 -42 48 
40 2 2 0 bottle 0.206349 1 7 -49 204 1 pack 0.455782 1 -38 9 60 
41 2 2 0 bottle 0.133504 2 -26 32 288 14 -78 156 1 pack 0.331683 2 4 48 84 -43 69 168 
42 2 2 0 bottle 0.647303 15 -11 47 120 -11 -18 60 4 -68 120 -18 -39 0 -11 82 120 -16 47 36 -13 21 204 7 16 168 -13 86 0 -28 -39 0 -6 -13 312 -8 41 36 -21 37 60 -18 91 252 -18 21 240 1 pack 0.87013 16 -48 54 60 -48 69 300 -46 18 132 -6 53 96 -11 38 72 -41 -22 156 -26 38 240 -3 19 336 -48 -1 60 -38 29 48 -36 13 96 -28 89 300 -18 39 60 -31 -17 84 -48 -46 72 2 -36 48 
43 2 2 0 bottle 0.142661 2 -1 62 96 -21 -83 60 1 pack 0.656863 6 -21 28 336 14 -7 48 -26 -7 288 34 -12 48 -38 -16 192 -18 4 168 
44 2 1 1 pack 0.943662 5 12 14 300 2 -56 336 7 -76 204 -38 44 192 14 -52 144 
45 2 2 0 bottle 0.776119 15 29 87 60 -21 32 156 -8 6 192 -31 -23 120 -31 -38 96 -21 72 276 2 41 180 9 -43 120 9 -28 96 -36 -73 36 -16 62 24 -28 41 180 19 -63 96 14 -8 288 -26 -8 36 1 pack 0.378531 2 -46 13 240 -36 -22 336 
46 2 1 1 pack 0.728261 2 -26 -12 288 -28 -111 48 
47 2 1 0 bottle 0.409449 1 -11 -68 156 
48 2 1 0 bottle 1 9 -18 81 120 -23 51 240 -28 -59 36 -31 -63 312 -31 17 60 24 -28 156 -28 51 240 -31 -98 36 -36 -3 276 
49 2 1 0 bottle 0.976526 20 -13 86 204 -23 -64 168 -28 -9 252 -13 81 0 -18 91 192 -21 -68 96 -36 22 276 -3 51 240 -3 -19 168 -13 -19 192 24 -48 60 -31 -63 24 -18 51 252 -28 46 120 -28 56 252 14 -63 156 -28 51 36 -3 86 0 -28 46 36 -3 1 192 
50 2 2 0 bottle 0.703892 16 -36 -13 276 -28 -69 36 -16 62 60 -26 2 36 -18 71 168 -13 76 48 -13 71 120 -26 -23 96 4 -23 312 -3 16 180 -6 47 24 -3 51 120 2 41 228 14 -53 156 -21 -33 24 -23 16 0 1 pack 0.836695 13 -41 3 336 -21 -12 288 -38 -36 336 -21 -32 288 -48 -21 72 -23 -16 168 -43 59 300 2 74 168 -8 -46 300 -53 -26 48 -21 -12 144 17 39 300 -8 24 48 
51 2 1 0 bottle 0.93113 13 2 51 168 -18 16 204 19 7 36 9 -18 276 -36 17 36 -31 -53 312 -36 -38 276 -23 16 36 -31 2 276 -1 67 36 -21 17 156 -23 -54 180 -31 -33 288 
52 2 2 0 bottle 0.868938 51 -23 16 252 -28 -34 0 -21 -63 60 -3 -24 168 -16 -43 156 -11 -13 36 -11 2 276 -21 -33 156 -1 -53 120 -11 42 96 -28 41 204 -8 71 48 4 -43 120 -11 -68 288 -26 -3 24 -18 71 240 -21 -3 24 -23 66 0 -13 91 0 -28 -79 0 -21 -28 96 -21 -38 24 -13 -14 192 -13 -24 192 -6 22 24 -13 -24 204 -28 -79 192 -26 -93 36 -21 -63 156 -23 -24 0 -26 -88 156 12 -59 168 2 36 0 -26 -63 24 -28 -74 0 -28 -74 48 -36 -93 276 -28 -44 228 -26 -8 288 -36 -88 276 -6 57 120 -6 -3 156 -8 91 0 -3 91 48 -18 66 168 -3 91 252 -16 -3 156 -8 91 180 4 27 156 -26 27 276 -31 27 276 1 pack 0.659016 15 -3 -106 300 -11 -7 132 -36 8 336 -53 4 60 -23 -51 336 9 3 48 7 24 204 -43 -46 60 -6 -42 336 2 -56 300 -36 -47 144 -53 9 204 -28 -66 60 17 74 60 -38 39 300 
53 2 1 1 pack 0.741697 6 -11 -37 336 -28 -101 72 14 28 48 17 -21 336 -43 14 192 -8 -91 48 
54 2 2 0 bottle 0.497608 10 -1 17 36 22 51 180 7 56 228 12 56 228 32 36 36 22 51 120 27 31 252 14 -58 312 27 26 240 -1 2 36 1 pack 0.924138 20 -38 -36 144 -38 -21 144 -48 -26 204 39 28 48 2 -16 72 27 -56 48 -3 -21 168 17 69 168 -23 -26 72 7 -51 60 34 38 48 -8 4 168 12 -1 144 -43 -51 48 2 49 144 39 -2 132 34 -22 84 37 -111 168 44 -22 48 -18 19 192 
55 2 2 0 bottle 0.361949 3 -21 -48 96 9 -18 312 14 -63 288 1 pack 0.943662 10 -28 69 48 14 33 48 14 8 144 -33 -31 192 39 -2 48 39 -47 72 4 8 288 -21 3 156 -18 -41 156 -28 -96 60 
56 2 1 1 pack 0.985294 10 4 -22 48 -13 24 300 12 59 72 -3 59 300 17 -36 168 -21 -27 156 29 -37 144 -8 -51 336 42 44 300 -28 -86 144 
57 2 2 0 bottle 0.740933 11 32 51 120 -13 1 48 32 41 204 -13 26 36 9 87 312 4 -68 156 7 26 0 34 12 24 -16 -28 276 -13 16 228 2 16 192 1 pack 0.796265 7 32 -101 144 -13 24 168 -33 89 156 37 64 336 -31 -22 240 -1 -17 288 32 79 60 
58 2 1 0 bottle 0.935733 7 9 -23 24 -1 -23 156 -16 -18 36 9 -18 24 9 -68 312 -6 7 276 34 -83 120 
59 2 2 0 bottle 0.810823 68 17 -84 192 22 -84 168 24 -83 156 22 46 36 14 -48 120 14 -63 120 -6 -38 156 17 61 36 7 21 192 22 46 0 -11 -53 276 -18 -14 240 19 -83 312 19 7 156 19 -83 276 17 -49 204 -8 -79 168 14 -53 120 17 -19 168 17 -44 204 29 -18 120 12 -84 192 -11 82 24 29 27 36 39 97 312 34 22 24 -1 87 156 29 47 96 -16 87 288 17 41 36 -36 -103 276 2 -74 240 19 -93 24 -13 71 204 7 -74 240 -6 27 36 19 -88 288 29 22 312 7 -74 204 19 -38 36 12 -59 120 4 -28 276 34 -23 96 29 -13 120 -1 -58 96 2 -19 240 4 -73 60 17 41 48 -23 -74 252 -13 -74 48 24 -78 288 -3 56 180 -1 -73 276 -3 -24 180 -13 -74 180 24 -93 60 -16 -33 120 4 2 60 -1 47 156 4 -8 60 -1 -38 156 12 41 36 4 52 120 29 -63 156 34 -38 60 9 42 60 34 -88 60 32 26 0 1 pack 0.395929 9 -16 3 336 -3 94 168 -11 23 144 -3 -96 72 32 44 156 -18 -86 72 -23 -66 300 12 -46 168 34 -32 288 
60 2 1 1 pack 0.889381 6 44 -52 132 22 -86 72 2 -96 192 27 59 168 49 13 48 29 3 156 
61 2 1 0 bottle 0.988943 43 -16 -8 96 -1 -18 276 29 -48 156 -21 -3 120 19 -33 276 -16 -18 288 -21 -3 312 27 -84 168 34 22 60 27 -69 192 27 -69 228 27 31 36 -6 -13 60 32 31 0 34 7 120 27 41 0 27 -69 120 24 -48 312 17 -49 180 27 26 168 14 37 156 29 7 96 22 -69 252 29 -53 156 14 12 24 24 -68 24 19 -48 288 22 -4 168 24 -33 276 29 22 24 24 22 276 27 -59 180 34 -98 312 24 -53 312 27 -74 48 -13 36 48 34 -68 96 -3 56 240 22 -54 168 24 22 312 22 -14 180 27 51 180 -11 -3 96 
62 2 1 1 pack 1 2 39 13 48 32 74 48 
63 2 1 0 bottle 1 10 -21 22 312 12 46 180 12 46 36 19 17 288 -18 41 228 -3 76 0 34 7 156 19 -33 312 14 77 120 4 67 60 
64 2 1 0 bottle 0.989192 44 12 -4 180 -18 -54 180 19 72 120 -28 31 192 -26 -48 288 -18 -4 252 24 -33 288 7 1 204 4 47 288 -8 16 0 12 -29 192 -13 -24 240 34 -18 120 19 47 60 -8 -39 228 -18 -39 192 2 -24 36 -18 -84 252 34 17 60 -3 6 228 14 7 120 -13 -24 252 9 67 276 12 91 180 7 86 120 -18 -69 204 29 42 96 -8 -29 168 -16 -13 120 -3 -14 36 17 61 180 -1 42 120 2 -59 192 12 -34 120 -16 -18 312 22 56 240 19 -73 288 7 56 0 14 -73 312 19 -63 120 -6 37 60 -16 -73 312 12 56 0 7 66 168 
65 2 1 1 pack 0.87013 2 12 -86 60 -28 94 168 
66 2 2 0 bottle 0.94929 36 4 67 312 19 57 156 14 67 60 -1 17 96 9 27 312 14 72 120 17 -69 180 -21 22 288 -18 -84 228 19 72 156 22 -69 0 19 77 120 9 -73 60 -16 -48 120 14 87 120 4 72 276 -8 26 0 -1 87 312 24 27 156 12 26 180 24 27 24 -21 -33 312 17 76 36 29 27 120 -1 52 276 9 -43 24 7 86 192 -11 -88 288 29 27 96 -6 -43 60 -11 -23 288 -1 52 288 14 32 156 7 91 0 -1 -88 120 19 -13 312 1 pack 0.2607 2 -33 -1 48 -13 -76 192 
67 2 1 0 bottle 0.925816 6 2 46 240 -16 47 312 12 -69 48 -23 56 180 -28 -89 204 14 -23 120 
68 2 2 0 bottle 0.447174 7 -23 -49 192 19 12 24 4 -73 36 -26 7 276 -11 -73 24 -21 -23 276 -8 16 240 1 pack 0.934372 17 -21 -57 288 -3 -1 156 29 -7 336 -21 -52 156 -21 3 132 -3 49 156 19 -7 240 -1 -57 48 -38 74 204 9 28 156 -21 -42 144 -11 -12 240 -18 -56 60 -38 -56 60 9 28 144 -3 94 336 24 28 288 
69 2 1 0 bottle 0.925816 12 17 -74 228 -6 -48 60 -13 71 180 9 27 156 -16 67 288 -16 -83 288 -13 -74 120 -8 76 48 7 -74 0 -18 -74 0 -21 27 312 -13 76 0 
70 2 2 0 bottle 0.814509 19 9 -103 36 -26 -103 36 -11 42 60 -31 -103 60 14 -103 312 -23 46 240 -23 46 252 -11 -83 36 -6 -83 96 -6 -83 276 14 -83 24 4 -83 60 -1 -83 120 -11 -83 312 -1 -83 312 -31 -103 120 -21 -83 156 -3 -74 0 -8 41 0 1 pack 0.198813 1 -13 69 192 
71 2 1 0 bottle 0.229075 4 -11 -103 36 -1 -103 24 -8 41 252 -23 -74 0 
