10 13 0
0 0 -1 6 4 12 7 27 25 2 2 32 -365 
1 1 0 0 0 0 0 0 0 0 0 0 0 
2 1 -1 13 0 3 2 16 28 3 1 32 339 
3 2 0 0 0 0 0 0 0 0 0 0 0 
4 2 0 0 0 0 0 0 0 0 0 0 0 
5 2 -1 28 15 0 0 3 23 0 0 0 141 
6 2 12 0 0 0 0 0 0 0 0 0 0 
7 3 0 0 0 0 0 0 0 0 0 0 0 
8 3 0 0 0 0 0 0 0 0 0 0 0 
9 3 0 0 0 0 0 0 0 0 0 0 0 
10 3 0 0 0 0 0 0 0 0 0 0 0 
11 3 -1 1 26 0 0 0 16 0 0 1 45 
12 3 11 0 0 0 0 0 0 0 0 0 0 
13 3 0 0 0 0 0 0 0 0 0 0 0 
14 3 0 0 0 0 0 0 0 0 0 0 0 
15 4 0 0 0 0 0 0 0 0 0 0 0 
16 4 0 0 0 0 0 0 0 0 0 0 0 
17 4 0 0 0 0 0 0 0 0 0 0 0 
18 4 0 0 0 0 0 0 0 0 0 0 0 
19 4 0 0 0 0 0 0 0 0 0 0 0 
20 4 0 0 0 0 0 0 0 0 0 0 0 
21 4 0 0 0 0 0 0 0 0 0 0 0 
22 4 0 0 0 0 0 0 0 0 0 0 0 
23 4 -1 24 3 0 0 14 21 0 0 17 35 
24 4 10 0 0 0 0 0 0 0 0 0 0 
25 4 0 0 0 0 0 0 0 0 0 0 0 
26 4 0 0 0 0 0 0 0 0 0 0 0 
27 4 0 0 0 0 0 0 0 0 0 0 0 
28 4 0 0 0 0 0 0 0 0 0 0 0 
29 4 0 0 0 0 0 0 0 0 0 0 0 
30 4 0 0 0 0 0 0 0 0 0 0 0 
31 5 0 0 0 0 0 0 0 0 0 0 0 
32 5 0 0 0 0 0 0 0 0 0 0 0 
33 5 0 0 0 0 0 0 0 0 0 0 0 
34 5 0 0 0 0 0 0 0 0 0 0 0 
35 5 0 0 0 0 0 0 0 0 0 0 0 
36 5 0 0 0 0 0 0 0 0 0 0 0 
37 5 0 0 0 0 0 0 0 0 0 0 0 
38 5 0 0 0 0 0 0 0 0 0 0 0 
39 5 0 0 0 0 0 0 0 0 0 0 0 
40 5 0 0 0 0 0 0 0 0 0 0 0 
41 5 0 0 0 0 0 0 0 0 0 0 0 
42 5 0 0 0 0 0 0 0 0 0 0 0 
43 5 0 0 0 0 0 0 0 0 0 0 0 
44 5 0 0 0 0 0 0 0 0 0 0 0 
45 5 0 0 0 0 0 0 0 0 0 0 0 
46 5 0 0 0 0 0 0 0 0 0 0 0 
47 5 -1 29 2 0 0 0 1 0 0 2 -43 
48 5 -1 5 17 0 0 15 6 0 0 16 47 
49 5 0 0 0 0 0 0 0 0 0 0 0 
50 5 0 0 0 0 0 0 0 0 0 0 0 
51 5 0 0 0 0 0 0 0 0 0 0 0 
52 5 0 0 0 0 0 0 0 0 0 0 0 
53 5 0 0 0 0 0 0 0 0 0 0 0 
54 5 0 0 0 0 0 0 0 0 0 0 0 
55 5 0 0 0 0 0 0 0 0 0 0 0 
56 5 0 0 0 0 0 0 0 0 0 0 0 
57 5 0 0 0 0 0 0 0 0 0 0 0 
58 5 0 0 0 0 0 0 0 0 0 0 0 
59 5 0 0 0 0 0 0 0 0 0 0 0 
60 5 0 0 0 0 0 0 0 0 0 0 0 
61 5 0 0 0 0 0 0 0 0 0 0 0 
62 5 0 0 0 0 0 0 0 0 0 0 0 
63 6 0 0 0 0 0 0 0 0 0 0 0 
64 6 0 0 0 0 0 0 0 0 0 0 0 
65 6 0 0 0 0 0 0 0 0 0 0 0 
66 6 0 0 0 0 0 0 0 0 0 0 0 
67 6 0 0 0 0 0 0 0 0 0 0 0 
68 6 0 0 0 0 0 0 0 0 0 0 0 
69 6 0 0 0 0 0 0 0 0 0 0 0 
70 6 0 0 0 0 0 0 0 0 0 0 0 
71 6 0 0 0 0 0 0 0 0 0 0 0 
72 6 0 0 0 0 0 0 0 0 0 0 0 
73 6 0 0 0 0 0 0 0 0 0 0 0 
74 6 0 0 0 0 0 0 0 0 0 0 0 
75 6 0 0 0 0 0 0 0 0 0 0 0 
76 6 0 0 0 0 0 0 0 0 0 0 0 
77 6 0 0 0 0 0 0 0 0 0 0 0 
78 6 0 0 0 0 0 0 0 0 0 0 0 
79 6 0 0 0 0 0 0 0 0 0 0 0 
80 6 0 0 0 0 0 0 0 0 0 0 0 
81 6 0 0 0 0 0 0 0 0 0 0 0 
82 6 0 0 0 0 0 0 0 0 0 0 0 
83 6 0 0 0 0 0 0 0 0 0 0 0 
84 6 0 0 0 0 0 0 0 0 0 0 0 
85 6 0 0 0 0 0 0 0 0 0 0 0 
86 6 0 0 0 0 0 0 0 0 0 0 0 
87 6 0 0 0 0 0 0 0 0 0 0 0 
88 6 0 0 0 0 0 0 0 0 0 0 0 
89 6 0 0 0 0 0 0 0 0 0 0 0 
90 6 0 0 0 0 0 0 0 0 0 0 0 
91 6 0 0 0 0 0 0 0 0 0 0 0 
92 6 0 0 0 0 0 0 0 0 0 0 0 
93 6 0 0 0 0 0 0 0 0 0 0 0 
94 6 0 0 0 0 0 0 0 0 0 0 0 
95 6 1 0 0 0 0 0 0 0 0 0 0 
96 6 -1 1 8 4 9 26 21 2 1 32 -192 
97 6 8 0 0 0 0 0 0 0 0 0 0 
98 6 9 0 0 0 0 0 0 0 0 0 0 
99 6 0 0 0 0 0 0 0 0 0 0 0 
100 6 0 0 0 0 0 0 0 0 0 0 0 
101 6 0 0 0 0 0 0 0 0 0 0 0 
102 6 0 0 0 0 0 0 0 0 0 0 0 
103 6 0 0 0 0 0 0 0 0 0 0 0 
104 6 0 0 0 0 0 0 0 0 0 0 0 
105 6 0 0 0 0 0 0 0 0 0 0 0 
106 6 0 0 0 0 0 0 0 0 0 0 0 
107 6 0 0 0 0 0 0 0 0 0 0 0 
108 6 0 0 0 0 0 0 0 0 0 0 0 
109 6 0 0 0 0 0 0 0 0 0 0 0 
110 6 0 0 0 0 0 0 0 0 0 0 0 
111 6 0 0 0 0 0 0 0 0 0 0 0 
112 6 0 0 0 0 0 0 0 0 0 0 0 
113 6 0 0 0 0 0 0 0 0 0 0 0 
114 6 0 0 0 0 0 0 0 0 0 0 0 
115 6 0 0 0 0 0 0 0 0 0 0 0 
116 6 0 0 0 0 0 0 0 0 0 0 0 
117 6 0 0 0 0 0 0 0 0 0 0 0 
118 6 0 0 0 0 0 0 0 0 0 0 0 
119 6 0 0 0 0 0 0 0 0 0 0 0 
120 6 0 0 0 0 0 0 0 0 0 0 0 
121 6 0 0 0 0 0 0 0 0 0 0 0 
122 6 0 0 0 0 0 0 0 0 0 0 0 
123 6 0 0 0 0 0 0 0 0 0 0 0 
124 6 0 0 0 0 0 0 0 0 0 0 0 
125 6 0 0 0 0 0 0 0 0 0 0 0 
126 6 0 0 0 0 0 0 0 0 0 0 0 
127 7 0 0 0 0 0 0 0 0 0 0 0 
128 7 0 0 0 0 0 0 0 0 0 0 0 
129 7 0 0 0 0 0 0 0 0 0 0 0 
130 7 0 0 0 0 0 0 0 0 0 0 0 
131 7 0 0 0 0 0 0 0 0 0 0 0 
132 7 0 0 0 0 0 0 0 0 0 0 0 
133 7 0 0 0 0 0 0 0 0 0 0 0 
134 7 0 0 0 0 0 0 0 0 0 0 0 
135 7 0 0 0 0 0 0 0 0 0 0 0 
136 7 0 0 0 0 0 0 0 0 0 0 0 
137 7 0 0 0 0 0 0 0 0 0 0 0 
138 7 0 0 0 0 0 0 0 0 0 0 0 
139 7 0 0 0 0 0 0 0 0 0 0 0 
140 7 0 0 0 0 0 0 0 0 0 0 0 
141 7 0 0 0 0 0 0 0 0 0 0 0 
142 7 0 0 0 0 0 0 0 0 0 0 0 
143 7 0 0 0 0 0 0 0 0 0 0 0 
144 7 0 0 0 0 0 0 0 0 0 0 0 
145 7 0 0 0 0 0 0 0 0 0 0 0 
146 7 0 0 0 0 0 0 0 0 0 0 0 
147 7 0 0 0 0 0 0 0 0 0 0 0 
148 7 0 0 0 0 0 0 0 0 0 0 0 
149 7 0 0 0 0 0 0 0 0 0 0 0 
150 7 0 0 0 0 0 0 0 0 0 0 0 
151 7 0 0 0 0 0 0 0 0 0 0 0 
152 7 0 0 0 0 0 0 0 0 0 0 0 
153 7 0 0 0 0 0 0 0 0 0 0 0 
154 7 0 0 0 0 0 0 0 0 0 0 0 
155 7 0 0 0 0 0 0 0 0 0 0 0 
156 7 0 0 0 0 0 0 0 0 0 0 0 
157 7 0 0 0 0 0 0 0 0 0 0 0 
158 7 0 0 0 0 0 0 0 0 0 0 0 
159 7 0 0 0 0 0 0 0 0 0 0 0 
160 7 0 0 0 0 0 0 0 0 0 0 0 
161 7 0 0 0 0 0 0 0 0 0 0 0 
162 7 0 0 0 0 0 0 0 0 0 0 0 
163 7 0 0 0 0 0 0 0 0 0 0 0 
164 7 0 0 0 0 0 0 0 0 0 0 0 
165 7 0 0 0 0 0 0 0 0 0 0 0 
166 7 0 0 0 0 0 0 0 0 0 0 0 
167 7 0 0 0 0 0 0 0 0 0 0 0 
168 7 0 0 0 0 0 0 0 0 0 0 0 
169 7 0 0 0 0 0 0 0 0 0 0 0 
170 7 0 0 0 0 0 0 0 0 0 0 0 
171 7 0 0 0 0 0 0 0 0 0 0 0 
172 7 0 0 0 0 0 0 0 0 0 0 0 
173 7 0 0 0 0 0 0 0 0 0 0 0 
174 7 0 0 0 0 0 0 0 0 0 0 0 
175 7 0 0 0 0 0 0 0 0 0 0 0 
176 7 0 0 0 0 0 0 0 0 0 0 0 
177 7 0 0 0 0 0 0 0 0 0 0 0 
178 7 0 0 0 0 0 0 0 0 0 0 0 
179 7 0 0 0 0 0 0 0 0 0 0 0 
180 7 0 0 0 0 0 0 0 0 0 0 0 
181 7 0 0 0 0 0 0 0 0 0 0 0 
182 7 0 0 0 0 0 0 0 0 0 0 0 
183 7 0 0 0 0 0 0 0 0 0 0 0 
184 7 0 0 0 0 0 0 0 0 0 0 0 
185 7 0 0 0 0 0 0 0 0 0 0 0 
186 7 0 0 0 0 0 0 0 0 0 0 0 
187 7 0 0 0 0 0 0 0 0 0 0 0 
188 7 0 0 0 0 0 0 0 0 0 0 0 
189 7 0 0 0 0 0 0 0 0 0 0 0 
190 7 0 0 0 0 0 0 0 0 0 0 0 
191 7 0 0 0 0 0 0 0 0 0 0 0 
192 7 0 0 0 0 0 0 0 0 0 0 0 
193 7 2 0 0 0 0 0 0 0 0 0 0 
194 7 -1 1 11 3 10 26 27 2 1 32 -158 
195 7 0 0 0 0 0 0 0 0 0 0 0 
196 7 0 0 0 0 0 0 0 0 0 0 0 
197 7 0 0 0 0 0 0 0 0 0 0 0 
198 7 0 0 0 0 0 0 0 0 0 0 0 
199 7 0 0 0 0 0 0 0 0 0 0 0 
200 7 0 0 0 0 0 0 0 0 0 0 0 
201 7 0 0 0 0 0 0 0 0 0 0 0 
202 7 0 0 0 0 0 0 0 0 0 0 0 
203 7 0 0 0 0 0 0 0 0 0 0 0 
204 7 0 0 0 0 0 0 0 0 0 0 0 
205 7 0 0 0 0 0 0 0 0 0 0 0 
206 7 0 0 0 0 0 0 0 0 0 0 0 
207 7 0 0 0 0 0 0 0 0 0 0 0 
208 7 0 0 0 0 0 0 0 0 0 0 0 
209 7 0 0 0 0 0 0 0 0 0 0 0 
210 7 0 0 0 0 0 0 0 0 0 0 0 
211 7 0 0 0 0 0 0 0 0 0 0 0 
212 7 0 0 0 0 0 0 0 0 0 0 0 
213 7 0 0 0 0 0 0 0 0 0 0 0 
214 7 0 0 0 0 0 0 0 0 0 0 0 
215 7 0 0 0 0 0 0 0 0 0 0 0 
216 7 0 0 0 0 0 0 0 0 0 0 0 
217 7 0 0 0 0 0 0 0 0 0 0 0 
218 7 0 0 0 0 0 0 0 0 0 0 0 
219 7 0 0 0 0 0 0 0 0 0 0 0 
220 7 0 0 0 0 0 0 0 0 0 0 0 
221 7 0 0 0 0 0 0 0 0 0 0 0 
222 7 0 0 0 0 0 0 0 0 0 0 0 
223 7 0 0 0 0 0 0 0 0 0 0 0 
224 7 0 0 0 0 0 0 0 0 0 0 0 
225 7 0 0 0 0 0 0 0 0 0 0 0 
226 7 0 0 0 0 0 0 0 0 0 0 0 
227 7 0 0 0 0 0 0 0 0 0 0 0 
228 7 0 0 0 0 0 0 0 0 0 0 0 
229 7 0 0 0 0 0 0 0 0 0 0 0 
230 7 0 0 0 0 0 0 0 0 0 0 0 
231 7 0 0 0 0 0 0 0 0 0 0 0 
232 7 0 0 0 0 0 0 0 0 0 0 0 
233 7 0 0 0 0 0 0 0 0 0 0 0 
234 7 0 0 0 0 0 0 0 0 0 0 0 
235 7 0 0 0 0 0 0 0 0 0 0 0 
236 7 0 0 0 0 0 0 0 0 0 0 0 
237 7 0 0 0 0 0 0 0 0 0 0 0 
238 7 0 0 0 0 0 0 0 0 0 0 0 
239 7 0 0 0 0 0 0 0 0 0 0 0 
240 7 0 0 0 0 0 0 0 0 0 0 0 
241 7 0 0 0 0 0 0 0 0 0 0 0 
242 7 0 0 0 0 0 0 0 0 0 0 0 
243 7 0 0 0 0 0 0 0 0 0 0 0 
244 7 0 0 0 0 0 0 0 0 0 0 0 
245 7 0 0 0 0 0 0 0 0 0 0 0 
246 7 0 0 0 0 0 0 0 0 0 0 0 
247 7 0 0 0 0 0 0 0 0 0 0 0 
248 7 0 0 0 0 0 0 0 0 0 0 0 
249 7 0 0 0 0 0 0 0 0 0 0 0 
250 7 0 0 0 0 0 0 0 0 0 0 0 
251 7 0 0 0 0 0 0 0 0 0 0 0 
252 7 0 0 0 0 0 0 0 0 0 0 0 
253 7 0 0 0 0 0 0 0 0 0 0 0 
254 7 0 0 0 0 0 0 0 0 0 0 0 
255 8 0 0 0 0 0 0 0 0 0 0 0 
256 8 0 0 0 0 0 0 0 0 0 0 0 
257 8 0 0 0 0 0 0 0 0 0 0 0 
258 8 0 0 0 0 0 0 0 0 0 0 0 
259 8 0 0 0 0 0 0 0 0 0 0 0 
260 8 0 0 0 0 0 0 0 0 0 0 0 
261 8 0 0 0 0 0 0 0 0 0 0 0 
262 8 0 0 0 0 0 0 0 0 0 0 0 
263 8 0 0 0 0 0 0 0 0 0 0 0 
264 8 0 0 0 0 0 0 0 0 0 0 0 
265 8 0 0 0 0 0 0 0 0 0 0 0 
266 8 0 0 0 0 0 0 0 0 0 0 0 
267 8 0 0 0 0 0 0 0 0 0 0 0 
268 8 0 0 0 0 0 0 0 0 0 0 0 
269 8 0 0 0 0 0 0 0 0 0 0 0 
270 8 0 0 0 0 0 0 0 0 0 0 0 
271 8 0 0 0 0 0 0 0 0 0 0 0 
272 8 0 0 0 0 0 0 0 0 0 0 0 
273 8 0 0 0 0 0 0 0 0 0 0 0 
274 8 0 0 0 0 0 0 0 0 0 0 0 
275 8 0 0 0 0 0 0 0 0 0 0 0 
276 8 0 0 0 0 0 0 0 0 0 0 0 
277 8 0 0 0 0 0 0 0 0 0 0 0 
278 8 0 0 0 0 0 0 0 0 0 0 0 
279 8 0 0 0 0 0 0 0 0 0 0 0 
280 8 0 0 0 0 0 0 0 0 0 0 0 
281 8 0 0 0 0 0 0 0 0 0 0 0 
282 8 0 0 0 0 0 0 0 0 0 0 0 
283 8 0 0 0 0 0 0 0 0 0 0 0 
284 8 0 0 0 0 0 0 0 0 0 0 0 
285 8 0 0 0 0 0 0 0 0 0 0 0 
286 8 0 0 0 0 0 0 0 0 0 0 0 
287 8 0 0 0 0 0 0 0 0 0 0 0 
288 8 0 0 0 0 0 0 0 0 0 0 0 
289 8 0 0 0 0 0 0 0 0 0 0 0 
290 8 0 0 0 0 0 0 0 0 0 0 0 
291 8 0 0 0 0 0 0 0 0 0 0 0 
292 8 0 0 0 0 0 0 0 0 0 0 0 
293 8 0 0 0 0 0 0 0 0 0 0 0 
294 8 0 0 0 0 0 0 0 0 0 0 0 
295 8 0 0 0 0 0 0 0 0 0 0 0 
296 8 0 0 0 0 0 0 0 0 0 0 0 
297 8 0 0 0 0 0 0 0 0 0 0 0 
298 8 0 0 0 0 0 0 0 0 0 0 0 
299 8 0 0 0 0 0 0 0 0 0 0 0 
300 8 0 0 0 0 0 0 0 0 0 0 0 
301 8 0 0 0 0 0 0 0 0 0 0 0 
302 8 0 0 0 0 0 0 0 0 0 0 0 
303 8 0 0 0 0 0 0 0 0 0 0 0 
304 8 0 0 0 0 0 0 0 0 0 0 0 
305 8 0 0 0 0 0 0 0 0 0 0 0 
306 8 0 0 0 0 0 0 0 0 0 0 0 
307 8 0 0 0 0 0 0 0 0 0 0 0 
308 8 0 0 0 0 0 0 0 0 0 0 0 
309 8 0 0 0 0 0 0 0 0 0 0 0 
310 8 0 0 0 0 0 0 0 0 0 0 0 
311 8 0 0 0 0 0 0 0 0 0 0 0 
312 8 0 0 0 0 0 0 0 0 0 0 0 
313 8 0 0 0 0 0 0 0 0 0 0 0 
314 8 0 0 0 0 0 0 0 0 0 0 0 
315 8 0 0 0 0 0 0 0 0 0 0 0 
316 8 0 0 0 0 0 0 0 0 0 0 0 
317 8 0 0 0 0 0 0 0 0 0 0 0 
318 8 0 0 0 0 0 0 0 0 0 0 0 
319 8 0 0 0 0 0 0 0 0 0 0 0 
320 8 0 0 0 0 0 0 0 0 0 0 0 
321 8 0 0 0 0 0 0 0 0 0 0 0 
322 8 0 0 0 0 0 0 0 0 0 0 0 
323 8 0 0 0 0 0 0 0 0 0 0 0 
324 8 0 0 0 0 0 0 0 0 0 0 0 
325 8 0 0 0 0 0 0 0 0 0 0 0 
326 8 0 0 0 0 0 0 0 0 0 0 0 
327 8 0 0 0 0 0 0 0 0 0 0 0 
328 8 0 0 0 0 0 0 0 0 0 0 0 
329 8 0 0 0 0 0 0 0 0 0 0 0 
330 8 0 0 0 0 0 0 0 0 0 0 0 
331 8 0 0 0 0 0 0 0 0 0 0 0 
332 8 0 0 0 0 0 0 0 0 0 0 0 
333 8 0 0 0 0 0 0 0 0 0 0 0 
334 8 0 0 0 0 0 0 0 0 0 0 0 
335 8 0 0 0 0 0 0 0 0 0 0 0 
336 8 0 0 0 0 0 0 0 0 0 0 0 
337 8 0 0 0 0 0 0 0 0 0 0 0 
338 8 0 0 0 0 0 0 0 0 0 0 0 
339 8 0 0 0 0 0 0 0 0 0 0 0 
340 8 0 0 0 0 0 0 0 0 0 0 0 
341 8 0 0 0 0 0 0 0 0 0 0 0 
342 8 0 0 0 0 0 0 0 0 0 0 0 
343 8 0 0 0 0 0 0 0 0 0 0 0 
344 8 0 0 0 0 0 0 0 0 0 0 0 
345 8 0 0 0 0 0 0 0 0 0 0 0 
346 8 0 0 0 0 0 0 0 0 0 0 0 
347 8 0 0 0 0 0 0 0 0 0 0 0 
348 8 0 0 0 0 0 0 0 0 0 0 0 
349 8 0 0 0 0 0 0 0 0 0 0 0 
350 8 0 0 0 0 0 0 0 0 0 0 0 
351 8 0 0 0 0 0 0 0 0 0 0 0 
352 8 0 0 0 0 0 0 0 0 0 0 0 
353 8 0 0 0 0 0 0 0 0 0 0 0 
354 8 0 0 0 0 0 0 0 0 0 0 0 
355 8 0 0 0 0 0 0 0 0 0 0 0 
356 8 0 0 0 0 0 0 0 0 0 0 0 
357 8 0 0 0 0 0 0 0 0 0 0 0 
358 8 0 0 0 0 0 0 0 0 0 0 0 
359 8 0 0 0 0 0 0 0 0 0 0 0 
360 8 0 0 0 0 0 0 0 0 0 0 0 
361 8 0 0 0 0 0 0 0 0 0 0 0 
362 8 0 0 0 0 0 0 0 0 0 0 0 
363 8 0 0 0 0 0 0 0 0 0 0 0 
364 8 0 0 0 0 0 0 0 0 0 0 0 
365 8 0 0 0 0 0 0 0 0 0 0 0 
366 8 0 0 0 0 0 0 0 0 0 0 0 
367 8 0 0 0 0 0 0 0 0 0 0 0 
368 8 0 0 0 0 0 0 0 0 0 0 0 
369 8 0 0 0 0 0 0 0 0 0 0 0 
370 8 0 0 0 0 0 0 0 0 0 0 0 
371 8 0 0 0 0 0 0 0 0 0 0 0 
372 8 0 0 0 0 0 0 0 0 0 0 0 
373 8 0 0 0 0 0 0 0 0 0 0 0 
374 8 0 0 0 0 0 0 0 0 0 0 0 
375 8 0 0 0 0 0 0 0 0 0 0 0 
376 8 0 0 0 0 0 0 0 0 0 0 0 
377 8 0 0 0 0 0 0 0 0 0 0 0 
378 8 0 0 0 0 0 0 0 0 0 0 0 
379 8 0 0 0 0 0 0 0 0 0 0 0 
380 8 0 0 0 0 0 0 0 0 0 0 0 
381 8 0 0 0 0 0 0 0 0 0 0 0 
382 8 0 0 0 0 0 0 0 0 0 0 0 
383 8 0 0 0 0 0 0 0 0 0 0 0 
384 8 0 0 0 0 0 0 0 0 0 0 0 
385 8 0 0 0 0 0 0 0 0 0 0 0 
386 8 0 0 0 0 0 0 0 0 0 0 0 
387 8 0 0 0 0 0 0 0 0 0 0 0 
388 8 0 0 0 0 0 0 0 0 0 0 0 
389 8 3 0 0 0 0 0 0 0 0 0 0 
390 8 -1 23 3 0 0 5 4 0 0 0 117 
391 8 0 0 0 0 0 0 0 0 0 0 0 
392 8 0 0 0 0 0 0 0 0 0 0 0 
393 8 0 0 0 0 0 0 0 0 0 0 0 
394 8 0 0 0 0 0 0 0 0 0 0 0 
395 8 0 0 0 0 0 0 0 0 0 0 0 
396 8 0 0 0 0 0 0 0 0 0 0 0 
397 8 0 0 0 0 0 0 0 0 0 0 0 
398 8 0 0 0 0 0 0 0 0 0 0 0 
399 8 0 0 0 0 0 0 0 0 0 0 0 
400 8 0 0 0 0 0 0 0 0 0 0 0 
401 8 0 0 0 0 0 0 0 0 0 0 0 
402 8 0 0 0 0 0 0 0 0 0 0 0 
403 8 0 0 0 0 0 0 0 0 0 0 0 
404 8 0 0 0 0 0 0 0 0 0 0 0 
405 8 0 0 0 0 0 0 0 0 0 0 0 
406 8 0 0 0 0 0 0 0 0 0 0 0 
407 8 0 0 0 0 0 0 0 0 0 0 0 
408 8 0 0 0 0 0 0 0 0 0 0 0 
409 8 0 0 0 0 0 0 0 0 0 0 0 
410 8 0 0 0 0 0 0 0 0 0 0 0 
411 8 0 0 0 0 0 0 0 0 0 0 0 
412 8 0 0 0 0 0 0 0 0 0 0 0 
413 8 0 0 0 0 0 0 0 0 0 0 0 
414 8 0 0 0 0 0 0 0 0 0 0 0 
415 8 0 0 0 0 0 0 0 0 0 0 0 
416 8 0 0 0 0 0 0 0 0 0 0 0 
417 8 0 0 0 0 0 0 0 0 0 0 0 
418 8 0 0 0 0 0 0 0 0 0 0 0 
419 8 0 0 0 0 0 0 0 0 0 0 0 
420 8 0 0 0 0 0 0 0 0 0 0 0 
421 8 0 0 0 0 0 0 0 0 0 0 0 
422 8 0 0 0 0 0 0 0 0 0 0 0 
423 8 0 0 0 0 0 0 0 0 0 0 0 
424 8 0 0 0 0 0 0 0 0 0 0 0 
425 8 0 0 0 0 0 0 0 0 0 0 0 
426 8 0 0 0 0 0 0 0 0 0 0 0 
427 8 0 0 0 0 0 0 0 0 0 0 0 
428 8 0 0 0 0 0 0 0 0 0 0 0 
429 8 0 0 0 0 0 0 0 0 0 0 0 
430 8 0 0 0 0 0 0 0 0 0 0 0 
431 8 0 0 0 0 0 0 0 0 0 0 0 
432 8 0 0 0 0 0 0 0 0 0 0 0 
433 8 0 0 0 0 0 0 0 0 0 0 0 
434 8 0 0 0 0 0 0 0 0 0 0 0 
435 8 0 0 0 0 0 0 0 0 0 0 0 
436 8 0 0 0 0 0 0 0 0 0 0 0 
437 8 0 0 0 0 0 0 0 0 0 0 0 
438 8 0 0 0 0 0 0 0 0 0 0 0 
439 8 0 0 0 0 0 0 0 0 0 0 0 
440 8 0 0 0 0 0 0 0 0 0 0 0 
441 8 0 0 0 0 0 0 0 0 0 0 0 
442 8 0 0 0 0 0 0 0 0 0 0 0 
443 8 0 0 0 0 0 0 0 0 0 0 0 
444 8 0 0 0 0 0 0 0 0 0 0 0 
445 8 0 0 0 0 0 0 0 0 0 0 0 
446 8 0 0 0 0 0 0 0 0 0 0 0 
447 8 0 0 0 0 0 0 0 0 0 0 0 
448 8 0 0 0 0 0 0 0 0 0 0 0 
449 8 0 0 0 0 0 0 0 0 0 0 0 
450 8 0 0 0 0 0 0 0 0 0 0 0 
451 8 0 0 0 0 0 0 0 0 0 0 0 
452 8 0 0 0 0 0 0 0 0 0 0 0 
453 8 0 0 0 0 0 0 0 0 0 0 0 
454 8 0 0 0 0 0 0 0 0 0 0 0 
455 8 0 0 0 0 0 0 0 0 0 0 0 
456 8 0 0 0 0 0 0 0 0 0 0 0 
457 8 0 0 0 0 0 0 0 0 0 0 0 
458 8 0 0 0 0 0 0 0 0 0 0 0 
459 8 0 0 0 0 0 0 0 0 0 0 0 
460 8 0 0 0 0 0 0 0 0 0 0 0 
461 8 0 0 0 0 0 0 0 0 0 0 0 
462 8 0 0 0 0 0 0 0 0 0 0 0 
463 8 0 0 0 0 0 0 0 0 0 0 0 
464 8 0 0 0 0 0 0 0 0 0 0 0 
465 8 0 0 0 0 0 0 0 0 0 0 0 
466 8 0 0 0 0 0 0 0 0 0 0 0 
467 8 0 0 0 0 0 0 0 0 0 0 0 
468 8 0 0 0 0 0 0 0 0 0 0 0 
469 8 0 0 0 0 0 0 0 0 0 0 0 
470 8 0 0 0 0 0 0 0 0 0 0 0 
471 8 0 0 0 0 0 0 0 0 0 0 0 
472 8 0 0 0 0 0 0 0 0 0 0 0 
473 8 0 0 0 0 0 0 0 0 0 0 0 
474 8 0 0 0 0 0 0 0 0 0 0 0 
475 8 0 0 0 0 0 0 0 0 0 0 0 
476 8 0 0 0 0 0 0 0 0 0 0 0 
477 8 0 0 0 0 0 0 0 0 0 0 0 
478 8 0 0 0 0 0 0 0 0 0 0 0 
479 8 0 0 0 0 0 0 0 0 0 0 0 
480 8 0 0 0 0 0 0 0 0 0 0 0 
481 8 0 0 0 0 0 0 0 0 0 0 0 
482 8 0 0 0 0 0 0 0 0 0 0 0 
483 8 0 0 0 0 0 0 0 0 0 0 0 
484 8 0 0 0 0 0 0 0 0 0 0 0 
485 8 0 0 0 0 0 0 0 0 0 0 0 
486 8 0 0 0 0 0 0 0 0 0 0 0 
487 8 0 0 0 0 0 0 0 0 0 0 0 
488 8 0 0 0 0 0 0 0 0 0 0 0 
489 8 0 0 0 0 0 0 0 0 0 0 0 
490 8 0 0 0 0 0 0 0 0 0 0 0 
491 8 0 0 0 0 0 0 0 0 0 0 0 
492 8 0 0 0 0 0 0 0 0 0 0 0 
493 8 0 0 0 0 0 0 0 0 0 0 0 
494 8 0 0 0 0 0 0 0 0 0 0 0 
495 8 0 0 0 0 0 0 0 0 0 0 0 
496 8 0 0 0 0 0 0 0 0 0 0 0 
497 8 0 0 0 0 0 0 0 0 0 0 0 
498 8 0 0 0 0 0 0 0 0 0 0 0 
499 8 0 0 0 0 0 0 0 0 0 0 0 
500 8 0 0 0 0 0 0 0 0 0 0 0 
501 8 0 0 0 0 0 0 0 0 0 0 0 
502 8 0 0 0 0 0 0 0 0 0 0 0 
503 8 0 0 0 0 0 0 0 0 0 0 0 
504 8 0 0 0 0 0 0 0 0 0 0 0 
505 8 0 0 0 0 0 0 0 0 0 0 0 
506 8 0 0 0 0 0 0 0 0 0 0 0 
507 8 0 0 0 0 0 0 0 0 0 0 0 
508 8 0 0 0 0 0 0 0 0 0 0 0 
509 8 0 0 0 0 0 0 0 0 0 0 0 
510 8 0 0 0 0 0 0 0 0 0 0 0 
511 9 0 0 0 0 0 0 0 0 0 0 0 
512 9 0 0 0 0 0 0 0 0 0 0 0 
513 9 0 0 0 0 0 0 0 0 0 0 0 
514 9 0 0 0 0 0 0 0 0 0 0 0 
515 9 0 0 0 0 0 0 0 0 0 0 0 
516 9 0 0 0 0 0 0 0 0 0 0 0 
517 9 0 0 0 0 0 0 0 0 0 0 0 
518 9 0 0 0 0 0 0 0 0 0 0 0 
519 9 0 0 0 0 0 0 0 0 0 0 0 
520 9 0 0 0 0 0 0 0 0 0 0 0 
521 9 0 0 0 0 0 0 0 0 0 0 0 
522 9 0 0 0 0 0 0 0 0 0 0 0 
523 9 0 0 0 0 0 0 0 0 0 0 0 
524 9 0 0 0 0 0 0 0 0 0 0 0 
525 9 0 0 0 0 0 0 0 0 0 0 0 
526 9 0 0 0 0 0 0 0 0 0 0 0 
527 9 0 0 0 0 0 0 0 0 0 0 0 
528 9 0 0 0 0 0 0 0 0 0 0 0 
529 9 0 0 0 0 0 0 0 0 0 0 0 
530 9 0 0 0 0 0 0 0 0 0 0 0 
531 9 0 0 0 0 0 0 0 0 0 0 0 
532 9 0 0 0 0 0 0 0 0 0 0 0 
533 9 0 0 0 0 0 0 0 0 0 0 0 
534 9 0 0 0 0 0 0 0 0 0 0 0 
535 9 0 0 0 0 0 0 0 0 0 0 0 
536 9 0 0 0 0 0 0 0 0 0 0 0 
537 9 0 0 0 0 0 0 0 0 0 0 0 
538 9 0 0 0 0 0 0 0 0 0 0 0 
539 9 0 0 0 0 0 0 0 0 0 0 0 
540 9 0 0 0 0 0 0 0 0 0 0 0 
541 9 0 0 0 0 0 0 0 0 0 0 0 
542 9 0 0 0 0 0 0 0 0 0 0 0 
543 9 0 0 0 0 0 0 0 0 0 0 0 
544 9 0 0 0 0 0 0 0 0 0 0 0 
545 9 0 0 0 0 0 0 0 0 0 0 0 
546 9 0 0 0 0 0 0 0 0 0 0 0 
547 9 0 0 0 0 0 0 0 0 0 0 0 
548 9 0 0 0 0 0 0 0 0 0 0 0 
549 9 0 0 0 0 0 0 0 0 0 0 0 
550 9 0 0 0 0 0 0 0 0 0 0 0 
551 9 0 0 0 0 0 0 0 0 0 0 0 
552 9 0 0 0 0 0 0 0 0 0 0 0 
553 9 0 0 0 0 0 0 0 0 0 0 0 
554 9 0 0 0 0 0 0 0 0 0 0 0 
555 9 0 0 0 0 0 0 0 0 0 0 0 
556 9 0 0 0 0 0 0 0 0 0 0 0 
557 9 0 0 0 0 0 0 0 0 0 0 0 
558 9 0 0 0 0 0 0 0 0 0 0 0 
559 9 0 0 0 0 0 0 0 0 0 0 0 
560 9 0 0 0 0 0 0 0 0 0 0 0 
561 9 0 0 0 0 0 0 0 0 0 0 0 
562 9 0 0 0 0 0 0 0 0 0 0 0 
563 9 0 0 0 0 0 0 0 0 0 0 0 
564 9 0 0 0 0 0 0 0 0 0 0 0 
565 9 0 0 0 0 0 0 0 0 0 0 0 
566 9 0 0 0 0 0 0 0 0 0 0 0 
567 9 0 0 0 0 0 0 0 0 0 0 0 
568 9 0 0 0 0 0 0 0 0 0 0 0 
569 9 0 0 0 0 0 0 0 0 0 0 0 
570 9 0 0 0 0 0 0 0 0 0 0 0 
571 9 0 0 0 0 0 0 0 0 0 0 0 
572 9 0 0 0 0 0 0 0 0 0 0 0 
573 9 0 0 0 0 0 0 0 0 0 0 0 
574 9 0 0 0 0 0 0 0 0 0 0 0 
575 9 0 0 0 0 0 0 0 0 0 0 0 
576 9 0 0 0 0 0 0 0 0 0 0 0 
577 9 0 0 0 0 0 0 0 0 0 0 0 
578 9 0 0 0 0 0 0 0 0 0 0 0 
579 9 0 0 0 0 0 0 0 0 0 0 0 
580 9 0 0 0 0 0 0 0 0 0 0 0 
581 9 0 0 0 0 0 0 0 0 0 0 0 
582 9 0 0 0 0 0 0 0 0 0 0 0 
583 9 0 0 0 0 0 0 0 0 0 0 0 
584 9 0 0 0 0 0 0 0 0 0 0 0 
585 9 0 0 0 0 0 0 0 0 0 0 0 
586 9 0 0 0 0 0 0 0 0 0 0 0 
587 9 0 0 0 0 0 0 0 0 0 0 0 
588 9 0 0 0 0 0 0 0 0 0 0 0 
589 9 0 0 0 0 0 0 0 0 0 0 0 
590 9 0 0 0 0 0 0 0 0 0 0 0 
591 9 0 0 0 0 0 0 0 0 0 0 0 
592 9 0 0 0 0 0 0 0 0 0 0 0 
593 9 0 0 0 0 0 0 0 0 0 0 0 
594 9 0 0 0 0 0 0 0 0 0 0 0 
595 9 0 0 0 0 0 0 0 0 0 0 0 
596 9 0 0 0 0 0 0 0 0 0 0 0 
597 9 0 0 0 0 0 0 0 0 0 0 0 
598 9 0 0 0 0 0 0 0 0 0 0 0 
599 9 0 0 0 0 0 0 0 0 0 0 0 
600 9 0 0 0 0 0 0 0 0 0 0 0 
601 9 0 0 0 0 0 0 0 0 0 0 0 
602 9 0 0 0 0 0 0 0 0 0 0 0 
603 9 0 0 0 0 0 0 0 0 0 0 0 
604 9 0 0 0 0 0 0 0 0 0 0 0 
605 9 0 0 0 0 0 0 0 0 0 0 0 
606 9 0 0 0 0 0 0 0 0 0 0 0 
607 9 0 0 0 0 0 0 0 0 0 0 0 
608 9 0 0 0 0 0 0 0 0 0 0 0 
609 9 0 0 0 0 0 0 0 0 0 0 0 
610 9 0 0 0 0 0 0 0 0 0 0 0 
611 9 0 0 0 0 0 0 0 0 0 0 0 
612 9 0 0 0 0 0 0 0 0 0 0 0 
613 9 0 0 0 0 0 0 0 0 0 0 0 
614 9 0 0 0 0 0 0 0 0 0 0 0 
615 9 0 0 0 0 0 0 0 0 0 0 0 
616 9 0 0 0 0 0 0 0 0 0 0 0 
617 9 0 0 0 0 0 0 0 0 0 0 0 
618 9 0 0 0 0 0 0 0 0 0 0 0 
619 9 0 0 0 0 0 0 0 0 0 0 0 
620 9 0 0 0 0 0 0 0 0 0 0 0 
621 9 0 0 0 0 0 0 0 0 0 0 0 
622 9 0 0 0 0 0 0 0 0 0 0 0 
623 9 0 0 0 0 0 0 0 0 0 0 0 
624 9 0 0 0 0 0 0 0 0 0 0 0 
625 9 0 0 0 0 0 0 0 0 0 0 0 
626 9 0 0 0 0 0 0 0 0 0 0 0 
627 9 0 0 0 0 0 0 0 0 0 0 0 
628 9 0 0 0 0 0 0 0 0 0 0 0 
629 9 0 0 0 0 0 0 0 0 0 0 0 
630 9 0 0 0 0 0 0 0 0 0 0 0 
631 9 0 0 0 0 0 0 0 0 0 0 0 
632 9 0 0 0 0 0 0 0 0 0 0 0 
633 9 0 0 0 0 0 0 0 0 0 0 0 
634 9 0 0 0 0 0 0 0 0 0 0 0 
635 9 0 0 0 0 0 0 0 0 0 0 0 
636 9 0 0 0 0 0 0 0 0 0 0 0 
637 9 0 0 0 0 0 0 0 0 0 0 0 
638 9 0 0 0 0 0 0 0 0 0 0 0 
639 9 0 0 0 0 0 0 0 0 0 0 0 
640 9 0 0 0 0 0 0 0 0 0 0 0 
641 9 0 0 0 0 0 0 0 0 0 0 0 
642 9 0 0 0 0 0 0 0 0 0 0 0 
643 9 0 0 0 0 0 0 0 0 0 0 0 
644 9 0 0 0 0 0 0 0 0 0 0 0 
645 9 0 0 0 0 0 0 0 0 0 0 0 
646 9 0 0 0 0 0 0 0 0 0 0 0 
647 9 0 0 0 0 0 0 0 0 0 0 0 
648 9 0 0 0 0 0 0 0 0 0 0 0 
649 9 0 0 0 0 0 0 0 0 0 0 0 
650 9 0 0 0 0 0 0 0 0 0 0 0 
651 9 0 0 0 0 0 0 0 0 0 0 0 
652 9 0 0 0 0 0 0 0 0 0 0 0 
653 9 0 0 0 0 0 0 0 0 0 0 0 
654 9 0 0 0 0 0 0 0 0 0 0 0 
655 9 0 0 0 0 0 0 0 0 0 0 0 
656 9 0 0 0 0 0 0 0 0 0 0 0 
657 9 0 0 0 0 0 0 0 0 0 0 0 
658 9 0 0 0 0 0 0 0 0 0 0 0 
659 9 0 0 0 0 0 0 0 0 0 0 0 
660 9 0 0 0 0 0 0 0 0 0 0 0 
661 9 0 0 0 0 0 0 0 0 0 0 0 
662 9 0 0 0 0 0 0 0 0 0 0 0 
663 9 0 0 0 0 0 0 0 0 0 0 0 
664 9 0 0 0 0 0 0 0 0 0 0 0 
665 9 0 0 0 0 0 0 0 0 0 0 0 
666 9 0 0 0 0 0 0 0 0 0 0 0 
667 9 0 0 0 0 0 0 0 0 0 0 0 
668 9 0 0 0 0 0 0 0 0 0 0 0 
669 9 0 0 0 0 0 0 0 0 0 0 0 
670 9 0 0 0 0 0 0 0 0 0 0 0 
671 9 0 0 0 0 0 0 0 0 0 0 0 
672 9 0 0 0 0 0 0 0 0 0 0 0 
673 9 0 0 0 0 0 0 0 0 0 0 0 
674 9 0 0 0 0 0 0 0 0 0 0 0 
675 9 0 0 0 0 0 0 0 0 0 0 0 
676 9 0 0 0 0 0 0 0 0 0 0 0 
677 9 0 0 0 0 0 0 0 0 0 0 0 
678 9 0 0 0 0 0 0 0 0 0 0 0 
679 9 0 0 0 0 0 0 0 0 0 0 0 
680 9 0 0 0 0 0 0 0 0 0 0 0 
681 9 0 0 0 0 0 0 0 0 0 0 0 
682 9 0 0 0 0 0 0 0 0 0 0 0 
683 9 0 0 0 0 0 0 0 0 0 0 0 
684 9 0 0 0 0 0 0 0 0 0 0 0 
685 9 0 0 0 0 0 0 0 0 0 0 0 
686 9 0 0 0 0 0 0 0 0 0 0 0 
687 9 0 0 0 0 0 0 0 0 0 0 0 
688 9 0 0 0 0 0 0 0 0 0 0 0 
689 9 0 0 0 0 0 0 0 0 0 0 0 
690 9 0 0 0 0 0 0 0 0 0 0 0 
691 9 0 0 0 0 0 0 0 0 0 0 0 
692 9 0 0 0 0 0 0 0 0 0 0 0 
693 9 0 0 0 0 0 0 0 0 0 0 0 
694 9 0 0 0 0 0 0 0 0 0 0 0 
695 9 0 0 0 0 0 0 0 0 0 0 0 
696 9 0 0 0 0 0 0 0 0 0 0 0 
697 9 0 0 0 0 0 0 0 0 0 0 0 
698 9 0 0 0 0 0 0 0 0 0 0 0 
699 9 0 0 0 0 0 0 0 0 0 0 0 
700 9 0 0 0 0 0 0 0 0 0 0 0 
701 9 0 0 0 0 0 0 0 0 0 0 0 
702 9 0 0 0 0 0 0 0 0 0 0 0 
703 9 0 0 0 0 0 0 0 0 0 0 0 
704 9 0 0 0 0 0 0 0 0 0 0 0 
705 9 0 0 0 0 0 0 0 0 0 0 0 
706 9 0 0 0 0 0 0 0 0 0 0 0 
707 9 0 0 0 0 0 0 0 0 0 0 0 
708 9 0 0 0 0 0 0 0 0 0 0 0 
709 9 0 0 0 0 0 0 0 0 0 0 0 
710 9 0 0 0 0 0 0 0 0 0 0 0 
711 9 0 0 0 0 0 0 0 0 0 0 0 
712 9 0 0 0 0 0 0 0 0 0 0 0 
713 9 0 0 0 0 0 0 0 0 0 0 0 
714 9 0 0 0 0 0 0 0 0 0 0 0 
715 9 0 0 0 0 0 0 0 0 0 0 0 
716 9 0 0 0 0 0 0 0 0 0 0 0 
717 9 0 0 0 0 0 0 0 0 0 0 0 
718 9 0 0 0 0 0 0 0 0 0 0 0 
719 9 0 0 0 0 0 0 0 0 0 0 0 
720 9 0 0 0 0 0 0 0 0 0 0 0 
721 9 0 0 0 0 0 0 0 0 0 0 0 
722 9 0 0 0 0 0 0 0 0 0 0 0 
723 9 0 0 0 0 0 0 0 0 0 0 0 
724 9 0 0 0 0 0 0 0 0 0 0 0 
725 9 0 0 0 0 0 0 0 0 0 0 0 
726 9 0 0 0 0 0 0 0 0 0 0 0 
727 9 0 0 0 0 0 0 0 0 0 0 0 
728 9 0 0 0 0 0 0 0 0 0 0 0 
729 9 0 0 0 0 0 0 0 0 0 0 0 
730 9 0 0 0 0 0 0 0 0 0 0 0 
731 9 0 0 0 0 0 0 0 0 0 0 0 
732 9 0 0 0 0 0 0 0 0 0 0 0 
733 9 0 0 0 0 0 0 0 0 0 0 0 
734 9 0 0 0 0 0 0 0 0 0 0 0 
735 9 0 0 0 0 0 0 0 0 0 0 0 
736 9 0 0 0 0 0 0 0 0 0 0 0 
737 9 0 0 0 0 0 0 0 0 0 0 0 
738 9 0 0 0 0 0 0 0 0 0 0 0 
739 9 0 0 0 0 0 0 0 0 0 0 0 
740 9 0 0 0 0 0 0 0 0 0 0 0 
741 9 0 0 0 0 0 0 0 0 0 0 0 
742 9 0 0 0 0 0 0 0 0 0 0 0 
743 9 0 0 0 0 0 0 0 0 0 0 0 
744 9 0 0 0 0 0 0 0 0 0 0 0 
745 9 0 0 0 0 0 0 0 0 0 0 0 
746 9 0 0 0 0 0 0 0 0 0 0 0 
747 9 0 0 0 0 0 0 0 0 0 0 0 
748 9 0 0 0 0 0 0 0 0 0 0 0 
749 9 0 0 0 0 0 0 0 0 0 0 0 
750 9 0 0 0 0 0 0 0 0 0 0 0 
751 9 0 0 0 0 0 0 0 0 0 0 0 
752 9 0 0 0 0 0 0 0 0 0 0 0 
753 9 0 0 0 0 0 0 0 0 0 0 0 
754 9 0 0 0 0 0 0 0 0 0 0 0 
755 9 0 0 0 0 0 0 0 0 0 0 0 
756 9 0 0 0 0 0 0 0 0 0 0 0 
757 9 0 0 0 0 0 0 0 0 0 0 0 
758 9 0 0 0 0 0 0 0 0 0 0 0 
759 9 0 0 0 0 0 0 0 0 0 0 0 
760 9 0 0 0 0 0 0 0 0 0 0 0 
761 9 0 0 0 0 0 0 0 0 0 0 0 
762 9 0 0 0 0 0 0 0 0 0 0 0 
763 9 0 0 0 0 0 0 0 0 0 0 0 
764 9 0 0 0 0 0 0 0 0 0 0 0 
765 9 0 0 0 0 0 0 0 0 0 0 0 
766 9 0 0 0 0 0 0 0 0 0 0 0 
767 9 0 0 0 0 0 0 0 0 0 0 0 
768 9 0 0 0 0 0 0 0 0 0 0 0 
769 9 0 0 0 0 0 0 0 0 0 0 0 
770 9 0 0 0 0 0 0 0 0 0 0 0 
771 9 0 0 0 0 0 0 0 0 0 0 0 
772 9 0 0 0 0 0 0 0 0 0 0 0 
773 9 0 0 0 0 0 0 0 0 0 0 0 
774 9 0 0 0 0 0 0 0 0 0 0 0 
775 9 0 0 0 0 0 0 0 0 0 0 0 
776 9 0 0 0 0 0 0 0 0 0 0 0 
777 9 0 0 0 0 0 0 0 0 0 0 0 
778 9 0 0 0 0 0 0 0 0 0 0 0 
779 9 0 0 0 0 0 0 0 0 0 0 0 
780 9 0 0 0 0 0 0 0 0 0 0 0 
781 9 -1 22 25 0 0 28 3 0 0 2 -53 
782 9 -1 12 7 8 10 25 17 2 1 32 7122 
783 9 0 0 0 0 0 0 0 0 0 0 0 
784 9 0 0 0 0 0 0 0 0 0 0 0 
785 9 0 0 0 0 0 0 0 0 0 0 0 
786 9 0 0 0 0 0 0 0 0 0 0 0 
787 9 0 0 0 0 0 0 0 0 0 0 0 
788 9 0 0 0 0 0 0 0 0 0 0 0 
789 9 0 0 0 0 0 0 0 0 0 0 0 
790 9 0 0 0 0 0 0 0 0 0 0 0 
791 9 0 0 0 0 0 0 0 0 0 0 0 
792 9 0 0 0 0 0 0 0 0 0 0 0 
793 9 0 0 0 0 0 0 0 0 0 0 0 
794 9 0 0 0 0 0 0 0 0 0 0 0 
795 9 0 0 0 0 0 0 0 0 0 0 0 
796 9 0 0 0 0 0 0 0 0 0 0 0 
797 9 0 0 0 0 0 0 0 0 0 0 0 
798 9 0 0 0 0 0 0 0 0 0 0 0 
799 9 0 0 0 0 0 0 0 0 0 0 0 
800 9 0 0 0 0 0 0 0 0 0 0 0 
801 9 0 0 0 0 0 0 0 0 0 0 0 
802 9 0 0 0 0 0 0 0 0 0 0 0 
803 9 0 0 0 0 0 0 0 0 0 0 0 
804 9 0 0 0 0 0 0 0 0 0 0 0 
805 9 0 0 0 0 0 0 0 0 0 0 0 
806 9 0 0 0 0 0 0 0 0 0 0 0 
807 9 0 0 0 0 0 0 0 0 0 0 0 
808 9 0 0 0 0 0 0 0 0 0 0 0 
809 9 0 0 0 0 0 0 0 0 0 0 0 
810 9 0 0 0 0 0 0 0 0 0 0 0 
811 9 0 0 0 0 0 0 0 0 0 0 0 
812 9 0 0 0 0 0 0 0 0 0 0 0 
813 9 0 0 0 0 0 0 0 0 0 0 0 
814 9 0 0 0 0 0 0 0 0 0 0 0 
815 9 0 0 0 0 0 0 0 0 0 0 0 
816 9 0 0 0 0 0 0 0 0 0 0 0 
817 9 0 0 0 0 0 0 0 0 0 0 0 
818 9 0 0 0 0 0 0 0 0 0 0 0 
819 9 0 0 0 0 0 0 0 0 0 0 0 
820 9 0 0 0 0 0 0 0 0 0 0 0 
821 9 0 0 0 0 0 0 0 0 0 0 0 
822 9 0 0 0 0 0 0 0 0 0 0 0 
823 9 0 0 0 0 0 0 0 0 0 0 0 
824 9 0 0 0 0 0 0 0 0 0 0 0 
825 9 0 0 0 0 0 0 0 0 0 0 0 
826 9 0 0 0 0 0 0 0 0 0 0 0 
827 9 0 0 0 0 0 0 0 0 0 0 0 
828 9 0 0 0 0 0 0 0 0 0 0 0 
829 9 0 0 0 0 0 0 0 0 0 0 0 
830 9 0 0 0 0 0 0 0 0 0 0 0 
831 9 0 0 0 0 0 0 0 0 0 0 0 
832 9 0 0 0 0 0 0 0 0 0 0 0 
833 9 0 0 0 0 0 0 0 0 0 0 0 
834 9 0 0 0 0 0 0 0 0 0 0 0 
835 9 0 0 0 0 0 0 0 0 0 0 0 
836 9 0 0 0 0 0 0 0 0 0 0 0 
837 9 0 0 0 0 0 0 0 0 0 0 0 
838 9 0 0 0 0 0 0 0 0 0 0 0 
839 9 0 0 0 0 0 0 0 0 0 0 0 
840 9 0 0 0 0 0 0 0 0 0 0 0 
841 9 0 0 0 0 0 0 0 0 0 0 0 
842 9 0 0 0 0 0 0 0 0 0 0 0 
843 9 0 0 0 0 0 0 0 0 0 0 0 
844 9 0 0 0 0 0 0 0 0 0 0 0 
845 9 0 0 0 0 0 0 0 0 0 0 0 
846 9 0 0 0 0 0 0 0 0 0 0 0 
847 9 0 0 0 0 0 0 0 0 0 0 0 
848 9 0 0 0 0 0 0 0 0 0 0 0 
849 9 0 0 0 0 0 0 0 0 0 0 0 
850 9 0 0 0 0 0 0 0 0 0 0 0 
851 9 0 0 0 0 0 0 0 0 0 0 0 
852 9 0 0 0 0 0 0 0 0 0 0 0 
853 9 0 0 0 0 0 0 0 0 0 0 0 
854 9 0 0 0 0 0 0 0 0 0 0 0 
855 9 0 0 0 0 0 0 0 0 0 0 0 
856 9 0 0 0 0 0 0 0 0 0 0 0 
857 9 0 0 0 0 0 0 0 0 0 0 0 
858 9 0 0 0 0 0 0 0 0 0 0 0 
859 9 0 0 0 0 0 0 0 0 0 0 0 
860 9 0 0 0 0 0 0 0 0 0 0 0 
861 9 0 0 0 0 0 0 0 0 0 0 0 
862 9 0 0 0 0 0 0 0 0 0 0 0 
863 9 0 0 0 0 0 0 0 0 0 0 0 
864 9 0 0 0 0 0 0 0 0 0 0 0 
865 9 0 0 0 0 0 0 0 0 0 0 0 
866 9 0 0 0 0 0 0 0 0 0 0 0 
867 9 0 0 0 0 0 0 0 0 0 0 0 
868 9 0 0 0 0 0 0 0 0 0 0 0 
869 9 0 0 0 0 0 0 0 0 0 0 0 
870 9 0 0 0 0 0 0 0 0 0 0 0 
871 9 0 0 0 0 0 0 0 0 0 0 0 
872 9 0 0 0 0 0 0 0 0 0 0 0 
873 9 0 0 0 0 0 0 0 0 0 0 0 
874 9 0 0 0 0 0 0 0 0 0 0 0 
875 9 0 0 0 0 0 0 0 0 0 0 0 
876 9 0 0 0 0 0 0 0 0 0 0 0 
877 9 0 0 0 0 0 0 0 0 0 0 0 
878 9 0 0 0 0 0 0 0 0 0 0 0 
879 9 0 0 0 0 0 0 0 0 0 0 0 
880 9 0 0 0 0 0 0 0 0 0 0 0 
881 9 0 0 0 0 0 0 0 0 0 0 0 
882 9 0 0 0 0 0 0 0 0 0 0 0 
883 9 0 0 0 0 0 0 0 0 0 0 0 
884 9 0 0 0 0 0 0 0 0 0 0 0 
885 9 0 0 0 0 0 0 0 0 0 0 0 
886 9 0 0 0 0 0 0 0 0 0 0 0 
887 9 0 0 0 0 0 0 0 0 0 0 0 
888 9 0 0 0 0 0 0 0 0 0 0 0 
889 9 0 0 0 0 0 0 0 0 0 0 0 
890 9 0 0 0 0 0 0 0 0 0 0 0 
891 9 0 0 0 0 0 0 0 0 0 0 0 
892 9 0 0 0 0 0 0 0 0 0 0 0 
893 9 0 0 0 0 0 0 0 0 0 0 0 
894 9 0 0 0 0 0 0 0 0 0 0 0 
895 9 0 0 0 0 0 0 0 0 0 0 0 
896 9 0 0 0 0 0 0 0 0 0 0 0 
897 9 0 0 0 0 0 0 0 0 0 0 0 
898 9 0 0 0 0 0 0 0 0 0 0 0 
899 9 0 0 0 0 0 0 0 0 0 0 0 
900 9 0 0 0 0 0 0 0 0 0 0 0 
901 9 0 0 0 0 0 0 0 0 0 0 0 
902 9 0 0 0 0 0 0 0 0 0 0 0 
903 9 0 0 0 0 0 0 0 0 0 0 0 
904 9 0 0 0 0 0 0 0 0 0 0 0 
905 9 0 0 0 0 0 0 0 0 0 0 0 
906 9 0 0 0 0 0 0 0 0 0 0 0 
907 9 0 0 0 0 0 0 0 0 0 0 0 
908 9 0 0 0 0 0 0 0 0 0 0 0 
909 9 0 0 0 0 0 0 0 0 0 0 0 
910 9 0 0 0 0 0 0 0 0 0 0 0 
911 9 0 0 0 0 0 0 0 0 0 0 0 
912 9 0 0 0 0 0 0 0 0 0 0 0 
913 9 0 0 0 0 0 0 0 0 0 0 0 
914 9 0 0 0 0 0 0 0 0 0 0 0 
915 9 0 0 0 0 0 0 0 0 0 0 0 
916 9 0 0 0 0 0 0 0 0 0 0 0 
917 9 0 0 0 0 0 0 0 0 0 0 0 
918 9 0 0 0 0 0 0 0 0 0 0 0 
919 9 0 0 0 0 0 0 0 0 0 0 0 
920 9 0 0 0 0 0 0 0 0 0 0 0 
921 9 0 0 0 0 0 0 0 0 0 0 0 
922 9 0 0 0 0 0 0 0 0 0 0 0 
923 9 0 0 0 0 0 0 0 0 0 0 0 
924 9 0 0 0 0 0 0 0 0 0 0 0 
925 9 0 0 0 0 0 0 0 0 0 0 0 
926 9 0 0 0 0 0 0 0 0 0 0 0 
927 9 0 0 0 0 0 0 0 0 0 0 0 
928 9 0 0 0 0 0 0 0 0 0 0 0 
929 9 0 0 0 0 0 0 0 0 0 0 0 
930 9 0 0 0 0 0 0 0 0 0 0 0 
931 9 0 0 0 0 0 0 0 0 0 0 0 
932 9 0 0 0 0 0 0 0 0 0 0 0 
933 9 0 0 0 0 0 0 0 0 0 0 0 
934 9 0 0 0 0 0 0 0 0 0 0 0 
935 9 0 0 0 0 0 0 0 0 0 0 0 
936 9 0 0 0 0 0 0 0 0 0 0 0 
937 9 0 0 0 0 0 0 0 0 0 0 0 
938 9 0 0 0 0 0 0 0 0 0 0 0 
939 9 0 0 0 0 0 0 0 0 0 0 0 
940 9 0 0 0 0 0 0 0 0 0 0 0 
941 9 0 0 0 0 0 0 0 0 0 0 0 
942 9 0 0 0 0 0 0 0 0 0 0 0 
943 9 0 0 0 0 0 0 0 0 0 0 0 
944 9 0 0 0 0 0 0 0 0 0 0 0 
945 9 0 0 0 0 0 0 0 0 0 0 0 
946 9 0 0 0 0 0 0 0 0 0 0 0 
947 9 0 0 0 0 0 0 0 0 0 0 0 
948 9 0 0 0 0 0 0 0 0 0 0 0 
949 9 0 0 0 0 0 0 0 0 0 0 0 
950 9 0 0 0 0 0 0 0 0 0 0 0 
951 9 0 0 0 0 0 0 0 0 0 0 0 
952 9 0 0 0 0 0 0 0 0 0 0 0 
953 9 0 0 0 0 0 0 0 0 0 0 0 
954 9 0 0 0 0 0 0 0 0 0 0 0 
955 9 0 0 0 0 0 0 0 0 0 0 0 
956 9 0 0 0 0 0 0 0 0 0 0 0 
957 9 0 0 0 0 0 0 0 0 0 0 0 
958 9 0 0 0 0 0 0 0 0 0 0 0 
959 9 0 0 0 0 0 0 0 0 0 0 0 
960 9 0 0 0 0 0 0 0 0 0 0 0 
961 9 0 0 0 0 0 0 0 0 0 0 0 
962 9 0 0 0 0 0 0 0 0 0 0 0 
963 9 0 0 0 0 0 0 0 0 0 0 0 
964 9 0 0 0 0 0 0 0 0 0 0 0 
965 9 0 0 0 0 0 0 0 0 0 0 0 
966 9 0 0 0 0 0 0 0 0 0 0 0 
967 9 0 0 0 0 0 0 0 0 0 0 0 
968 9 0 0 0 0 0 0 0 0 0 0 0 
969 9 0 0 0 0 0 0 0 0 0 0 0 
970 9 0 0 0 0 0 0 0 0 0 0 0 
971 9 0 0 0 0 0 0 0 0 0 0 0 
972 9 0 0 0 0 0 0 0 0 0 0 0 
973 9 0 0 0 0 0 0 0 0 0 0 0 
974 9 0 0 0 0 0 0 0 0 0 0 0 
975 9 0 0 0 0 0 0 0 0 0 0 0 
976 9 0 0 0 0 0 0 0 0 0 0 0 
977 9 0 0 0 0 0 0 0 0 0 0 0 
978 9 0 0 0 0 0 0 0 0 0 0 0 
979 9 0 0 0 0 0 0 0 0 0 0 0 
980 9 0 0 0 0 0 0 0 0 0 0 0 
981 9 0 0 0 0 0 0 0 0 0 0 0 
982 9 0 0 0 0 0 0 0 0 0 0 0 
983 9 0 0 0 0 0 0 0 0 0 0 0 
984 9 0 0 0 0 0 0 0 0 0 0 0 
985 9 0 0 0 0 0 0 0 0 0 0 0 
986 9 0 0 0 0 0 0 0 0 0 0 0 
987 9 0 0 0 0 0 0 0 0 0 0 0 
988 9 0 0 0 0 0 0 0 0 0 0 0 
989 9 0 0 0 0 0 0 0 0 0 0 0 
990 9 0 0 0 0 0 0 0 0 0 0 0 
991 9 0 0 0 0 0 0 0 0 0 0 0 
992 9 0 0 0 0 0 0 0 0 0 0 0 
993 9 0 0 0 0 0 0 0 0 0 0 0 
994 9 0 0 0 0 0 0 0 0 0 0 0 
995 9 0 0 0 0 0 0 0 0 0 0 0 
996 9 0 0 0 0 0 0 0 0 0 0 0 
997 9 0 0 0 0 0 0 0 0 0 0 0 
998 9 0 0 0 0 0 0 0 0 0 0 0 
999 9 0 0 0 0 0 0 0 0 0 0 0 
1000 9 0 0 0 0 0 0 0 0 0 0 0 
1001 9 0 0 0 0 0 0 0 0 0 0 0 
1002 9 0 0 0 0 0 0 0 0 0 0 0 
1003 9 0 0 0 0 0 0 0 0 0 0 0 
1004 9 0 0 0 0 0 0 0 0 0 0 0 
1005 9 0 0 0 0 0 0 0 0 0 0 0 
1006 9 0 0 0 0 0 0 0 0 0 0 0 
1007 9 0 0 0 0 0 0 0 0 0 0 0 
1008 9 0 0 0 0 0 0 0 0 0 0 0 
1009 9 0 0 0 0 0 0 0 0 0 0 0 
1010 9 0 0 0 0 0 0 0 0 0 0 0 
1011 9 0 0 0 0 0 0 0 0 0 0 0 
1012 9 0 0 0 0 0 0 0 0 0 0 0 
1013 9 0 0 0 0 0 0 0 0 0 0 0 
1014 9 0 0 0 0 0 0 0 0 0 0 0 
1015 9 0 0 0 0 0 0 0 0 0 0 0 
1016 9 0 0 0 0 0 0 0 0 0 0 0 
1017 9 0 0 0 0 0 0 0 0 0 0 0 
1018 9 0 0 0 0 0 0 0 0 0 0 0 
1019 9 0 0 0 0 0 0 0 0 0 0 0 
1020 9 0 0 0 0 0 0 0 0 0 0 0 
1021 9 0 0 0 0 0 0 0 0 0 0 0 
1022 9 0 0 0 0 0 0 0 0 0 0 0 
1023 10 0 0 0 0 0 0 0 0 0 0 0 
1024 10 0 0 0 0 0 0 0 0 0 0 0 
1025 10 0 0 0 0 0 0 0 0 0 0 0 
1026 10 0 0 0 0 0 0 0 0 0 0 0 
1027 10 0 0 0 0 0 0 0 0 0 0 0 
1028 10 0 0 0 0 0 0 0 0 0 0 0 
1029 10 0 0 0 0 0 0 0 0 0 0 0 
1030 10 0 0 0 0 0 0 0 0 0 0 0 
1031 10 0 0 0 0 0 0 0 0 0 0 0 
1032 10 0 0 0 0 0 0 0 0 0 0 0 
1033 10 0 0 0 0 0 0 0 0 0 0 0 
1034 10 0 0 0 0 0 0 0 0 0 0 0 
1035 10 0 0 0 0 0 0 0 0 0 0 0 
1036 10 0 0 0 0 0 0 0 0 0 0 0 
1037 10 0 0 0 0 0 0 0 0 0 0 0 
1038 10 0 0 0 0 0 0 0 0 0 0 0 
1039 10 0 0 0 0 0 0 0 0 0 0 0 
1040 10 0 0 0 0 0 0 0 0 0 0 0 
1041 10 0 0 0 0 0 0 0 0 0 0 0 
1042 10 0 0 0 0 0 0 0 0 0 0 0 
1043 10 0 0 0 0 0 0 0 0 0 0 0 
1044 10 0 0 0 0 0 0 0 0 0 0 0 
1045 10 0 0 0 0 0 0 0 0 0 0 0 
1046 10 0 0 0 0 0 0 0 0 0 0 0 
1047 10 0 0 0 0 0 0 0 0 0 0 0 
1048 10 0 0 0 0 0 0 0 0 0 0 0 
1049 10 0 0 0 0 0 0 0 0 0 0 0 
1050 10 0 0 0 0 0 0 0 0 0 0 0 
1051 10 0 0 0 0 0 0 0 0 0 0 0 
1052 10 0 0 0 0 0 0 0 0 0 0 0 
1053 10 0 0 0 0 0 0 0 0 0 0 0 
1054 10 0 0 0 0 0 0 0 0 0 0 0 
1055 10 0 0 0 0 0 0 0 0 0 0 0 
1056 10 0 0 0 0 0 0 0 0 0 0 0 
1057 10 0 0 0 0 0 0 0 0 0 0 0 
1058 10 0 0 0 0 0 0 0 0 0 0 0 
1059 10 0 0 0 0 0 0 0 0 0 0 0 
1060 10 0 0 0 0 0 0 0 0 0 0 0 
1061 10 0 0 0 0 0 0 0 0 0 0 0 
1062 10 0 0 0 0 0 0 0 0 0 0 0 
1063 10 0 0 0 0 0 0 0 0 0 0 0 
1064 10 0 0 0 0 0 0 0 0 0 0 0 
1065 10 0 0 0 0 0 0 0 0 0 0 0 
1066 10 0 0 0 0 0 0 0 0 0 0 0 
1067 10 0 0 0 0 0 0 0 0 0 0 0 
1068 10 0 0 0 0 0 0 0 0 0 0 0 
1069 10 0 0 0 0 0 0 0 0 0 0 0 
1070 10 0 0 0 0 0 0 0 0 0 0 0 
1071 10 0 0 0 0 0 0 0 0 0 0 0 
1072 10 0 0 0 0 0 0 0 0 0 0 0 
1073 10 0 0 0 0 0 0 0 0 0 0 0 
1074 10 0 0 0 0 0 0 0 0 0 0 0 
1075 10 0 0 0 0 0 0 0 0 0 0 0 
1076 10 0 0 0 0 0 0 0 0 0 0 0 
1077 10 0 0 0 0 0 0 0 0 0 0 0 
1078 10 0 0 0 0 0 0 0 0 0 0 0 
1079 10 0 0 0 0 0 0 0 0 0 0 0 
1080 10 0 0 0 0 0 0 0 0 0 0 0 
1081 10 0 0 0 0 0 0 0 0 0 0 0 
1082 10 0 0 0 0 0 0 0 0 0 0 0 
1083 10 0 0 0 0 0 0 0 0 0 0 0 
1084 10 0 0 0 0 0 0 0 0 0 0 0 
1085 10 0 0 0 0 0 0 0 0 0 0 0 
1086 10 0 0 0 0 0 0 0 0 0 0 0 
1087 10 0 0 0 0 0 0 0 0 0 0 0 
1088 10 0 0 0 0 0 0 0 0 0 0 0 
1089 10 0 0 0 0 0 0 0 0 0 0 0 
1090 10 0 0 0 0 0 0 0 0 0 0 0 
1091 10 0 0 0 0 0 0 0 0 0 0 0 
1092 10 0 0 0 0 0 0 0 0 0 0 0 
1093 10 0 0 0 0 0 0 0 0 0 0 0 
1094 10 0 0 0 0 0 0 0 0 0 0 0 
1095 10 0 0 0 0 0 0 0 0 0 0 0 
1096 10 0 0 0 0 0 0 0 0 0 0 0 
1097 10 0 0 0 0 0 0 0 0 0 0 0 
1098 10 0 0 0 0 0 0 0 0 0 0 0 
1099 10 0 0 0 0 0 0 0 0 0 0 0 
1100 10 0 0 0 0 0 0 0 0 0 0 0 
1101 10 0 0 0 0 0 0 0 0 0 0 0 
1102 10 0 0 0 0 0 0 0 0 0 0 0 
1103 10 0 0 0 0 0 0 0 0 0 0 0 
1104 10 0 0 0 0 0 0 0 0 0 0 0 
1105 10 0 0 0 0 0 0 0 0 0 0 0 
1106 10 0 0 0 0 0 0 0 0 0 0 0 
1107 10 0 0 0 0 0 0 0 0 0 0 0 
1108 10 0 0 0 0 0 0 0 0 0 0 0 
1109 10 0 0 0 0 0 0 0 0 0 0 0 
1110 10 0 0 0 0 0 0 0 0 0 0 0 
1111 10 0 0 0 0 0 0 0 0 0 0 0 
1112 10 0 0 0 0 0 0 0 0 0 0 0 
1113 10 0 0 0 0 0 0 0 0 0 0 0 
1114 10 0 0 0 0 0 0 0 0 0 0 0 
1115 10 0 0 0 0 0 0 0 0 0 0 0 
1116 10 0 0 0 0 0 0 0 0 0 0 0 
1117 10 0 0 0 0 0 0 0 0 0 0 0 
1118 10 0 0 0 0 0 0 0 0 0 0 0 
1119 10 0 0 0 0 0 0 0 0 0 0 0 
1120 10 0 0 0 0 0 0 0 0 0 0 0 
1121 10 0 0 0 0 0 0 0 0 0 0 0 
1122 10 0 0 0 0 0 0 0 0 0 0 0 
1123 10 0 0 0 0 0 0 0 0 0 0 0 
1124 10 0 0 0 0 0 0 0 0 0 0 0 
1125 10 0 0 0 0 0 0 0 0 0 0 0 
1126 10 0 0 0 0 0 0 0 0 0 0 0 
1127 10 0 0 0 0 0 0 0 0 0 0 0 
1128 10 0 0 0 0 0 0 0 0 0 0 0 
1129 10 0 0 0 0 0 0 0 0 0 0 0 
1130 10 0 0 0 0 0 0 0 0 0 0 0 
1131 10 0 0 0 0 0 0 0 0 0 0 0 
1132 10 0 0 0 0 0 0 0 0 0 0 0 
1133 10 0 0 0 0 0 0 0 0 0 0 0 
1134 10 0 0 0 0 0 0 0 0 0 0 0 
1135 10 0 0 0 0 0 0 0 0 0 0 0 
1136 10 0 0 0 0 0 0 0 0 0 0 0 
1137 10 0 0 0 0 0 0 0 0 0 0 0 
1138 10 0 0 0 0 0 0 0 0 0 0 0 
1139 10 0 0 0 0 0 0 0 0 0 0 0 
1140 10 0 0 0 0 0 0 0 0 0 0 0 
1141 10 0 0 0 0 0 0 0 0 0 0 0 
1142 10 0 0 0 0 0 0 0 0 0 0 0 
1143 10 0 0 0 0 0 0 0 0 0 0 0 
1144 10 0 0 0 0 0 0 0 0 0 0 0 
1145 10 0 0 0 0 0 0 0 0 0 0 0 
1146 10 0 0 0 0 0 0 0 0 0 0 0 
1147 10 0 0 0 0 0 0 0 0 0 0 0 
1148 10 0 0 0 0 0 0 0 0 0 0 0 
1149 10 0 0 0 0 0 0 0 0 0 0 0 
1150 10 0 0 0 0 0 0 0 0 0 0 0 
1151 10 0 0 0 0 0 0 0 0 0 0 0 
1152 10 0 0 0 0 0 0 0 0 0 0 0 
1153 10 0 0 0 0 0 0 0 0 0 0 0 
1154 10 0 0 0 0 0 0 0 0 0 0 0 
1155 10 0 0 0 0 0 0 0 0 0 0 0 
1156 10 0 0 0 0 0 0 0 0 0 0 0 
1157 10 0 0 0 0 0 0 0 0 0 0 0 
1158 10 0 0 0 0 0 0 0 0 0 0 0 
1159 10 0 0 0 0 0 0 0 0 0 0 0 
1160 10 0 0 0 0 0 0 0 0 0 0 0 
1161 10 0 0 0 0 0 0 0 0 0 0 0 
1162 10 0 0 0 0 0 0 0 0 0 0 0 
1163 10 0 0 0 0 0 0 0 0 0 0 0 
1164 10 0 0 0 0 0 0 0 0 0 0 0 
1165 10 0 0 0 0 0 0 0 0 0 0 0 
1166 10 0 0 0 0 0 0 0 0 0 0 0 
1167 10 0 0 0 0 0 0 0 0 0 0 0 
1168 10 0 0 0 0 0 0 0 0 0 0 0 
1169 10 0 0 0 0 0 0 0 0 0 0 0 
1170 10 0 0 0 0 0 0 0 0 0 0 0 
1171 10 0 0 0 0 0 0 0 0 0 0 0 
1172 10 0 0 0 0 0 0 0 0 0 0 0 
1173 10 0 0 0 0 0 0 0 0 0 0 0 
1174 10 0 0 0 0 0 0 0 0 0 0 0 
1175 10 0 0 0 0 0 0 0 0 0 0 0 
1176 10 0 0 0 0 0 0 0 0 0 0 0 
1177 10 0 0 0 0 0 0 0 0 0 0 0 
1178 10 0 0 0 0 0 0 0 0 0 0 0 
1179 10 0 0 0 0 0 0 0 0 0 0 0 
1180 10 0 0 0 0 0 0 0 0 0 0 0 
1181 10 0 0 0 0 0 0 0 0 0 0 0 
1182 10 0 0 0 0 0 0 0 0 0 0 0 
1183 10 0 0 0 0 0 0 0 0 0 0 0 
1184 10 0 0 0 0 0 0 0 0 0 0 0 
1185 10 0 0 0 0 0 0 0 0 0 0 0 
1186 10 0 0 0 0 0 0 0 0 0 0 0 
1187 10 0 0 0 0 0 0 0 0 0 0 0 
1188 10 0 0 0 0 0 0 0 0 0 0 0 
1189 10 0 0 0 0 0 0 0 0 0 0 0 
1190 10 0 0 0 0 0 0 0 0 0 0 0 
1191 10 0 0 0 0 0 0 0 0 0 0 0 
1192 10 0 0 0 0 0 0 0 0 0 0 0 
1193 10 0 0 0 0 0 0 0 0 0 0 0 
1194 10 0 0 0 0 0 0 0 0 0 0 0 
1195 10 0 0 0 0 0 0 0 0 0 0 0 
1196 10 0 0 0 0 0 0 0 0 0 0 0 
1197 10 0 0 0 0 0 0 0 0 0 0 0 
1198 10 0 0 0 0 0 0 0 0 0 0 0 
1199 10 0 0 0 0 0 0 0 0 0 0 0 
1200 10 0 0 0 0 0 0 0 0 0 0 0 
1201 10 0 0 0 0 0 0 0 0 0 0 0 
1202 10 0 0 0 0 0 0 0 0 0 0 0 
1203 10 0 0 0 0 0 0 0 0 0 0 0 
1204 10 0 0 0 0 0 0 0 0 0 0 0 
1205 10 0 0 0 0 0 0 0 0 0 0 0 
1206 10 0 0 0 0 0 0 0 0 0 0 0 
1207 10 0 0 0 0 0 0 0 0 0 0 0 
1208 10 0 0 0 0 0 0 0 0 0 0 0 
1209 10 0 0 0 0 0 0 0 0 0 0 0 
1210 10 0 0 0 0 0 0 0 0 0 0 0 
1211 10 0 0 0 0 0 0 0 0 0 0 0 
1212 10 0 0 0 0 0 0 0 0 0 0 0 
1213 10 0 0 0 0 0 0 0 0 0 0 0 
1214 10 0 0 0 0 0 0 0 0 0 0 0 
1215 10 0 0 0 0 0 0 0 0 0 0 0 
1216 10 0 0 0 0 0 0 0 0 0 0 0 
1217 10 0 0 0 0 0 0 0 0 0 0 0 
1218 10 0 0 0 0 0 0 0 0 0 0 0 
1219 10 0 0 0 0 0 0 0 0 0 0 0 
1220 10 0 0 0 0 0 0 0 0 0 0 0 
1221 10 0 0 0 0 0 0 0 0 0 0 0 
1222 10 0 0 0 0 0 0 0 0 0 0 0 
1223 10 0 0 0 0 0 0 0 0 0 0 0 
1224 10 0 0 0 0 0 0 0 0 0 0 0 
1225 10 0 0 0 0 0 0 0 0 0 0 0 
1226 10 0 0 0 0 0 0 0 0 0 0 0 
1227 10 0 0 0 0 0 0 0 0 0 0 0 
1228 10 0 0 0 0 0 0 0 0 0 0 0 
1229 10 0 0 0 0 0 0 0 0 0 0 0 
1230 10 0 0 0 0 0 0 0 0 0 0 0 
1231 10 0 0 0 0 0 0 0 0 0 0 0 
1232 10 0 0 0 0 0 0 0 0 0 0 0 
1233 10 0 0 0 0 0 0 0 0 0 0 0 
1234 10 0 0 0 0 0 0 0 0 0 0 0 
1235 10 0 0 0 0 0 0 0 0 0 0 0 
1236 10 0 0 0 0 0 0 0 0 0 0 0 
1237 10 0 0 0 0 0 0 0 0 0 0 0 
1238 10 0 0 0 0 0 0 0 0 0 0 0 
1239 10 0 0 0 0 0 0 0 0 0 0 0 
1240 10 0 0 0 0 0 0 0 0 0 0 0 
1241 10 0 0 0 0 0 0 0 0 0 0 0 
1242 10 0 0 0 0 0 0 0 0 0 0 0 
1243 10 0 0 0 0 0 0 0 0 0 0 0 
1244 10 0 0 0 0 0 0 0 0 0 0 0 
1245 10 0 0 0 0 0 0 0 0 0 0 0 
1246 10 0 0 0 0 0 0 0 0 0 0 0 
1247 10 0 0 0 0 0 0 0 0 0 0 0 
1248 10 0 0 0 0 0 0 0 0 0 0 0 
1249 10 0 0 0 0 0 0 0 0 0 0 0 
1250 10 0 0 0 0 0 0 0 0 0 0 0 
1251 10 0 0 0 0 0 0 0 0 0 0 0 
1252 10 0 0 0 0 0 0 0 0 0 0 0 
1253 10 0 0 0 0 0 0 0 0 0 0 0 
1254 10 0 0 0 0 0 0 0 0 0 0 0 
1255 10 0 0 0 0 0 0 0 0 0 0 0 
1256 10 0 0 0 0 0 0 0 0 0 0 0 
1257 10 0 0 0 0 0 0 0 0 0 0 0 
1258 10 0 0 0 0 0 0 0 0 0 0 0 
1259 10 0 0 0 0 0 0 0 0 0 0 0 
1260 10 0 0 0 0 0 0 0 0 0 0 0 
1261 10 0 0 0 0 0 0 0 0 0 0 0 
1262 10 0 0 0 0 0 0 0 0 0 0 0 
1263 10 0 0 0 0 0 0 0 0 0 0 0 
1264 10 0 0 0 0 0 0 0 0 0 0 0 
1265 10 0 0 0 0 0 0 0 0 0 0 0 
1266 10 0 0 0 0 0 0 0 0 0 0 0 
1267 10 0 0 0 0 0 0 0 0 0 0 0 
1268 10 0 0 0 0 0 0 0 0 0 0 0 
1269 10 0 0 0 0 0 0 0 0 0 0 0 
1270 10 0 0 0 0 0 0 0 0 0 0 0 
1271 10 0 0 0 0 0 0 0 0 0 0 0 
1272 10 0 0 0 0 0 0 0 0 0 0 0 
1273 10 0 0 0 0 0 0 0 0 0 0 0 
1274 10 0 0 0 0 0 0 0 0 0 0 0 
1275 10 0 0 0 0 0 0 0 0 0 0 0 
1276 10 0 0 0 0 0 0 0 0 0 0 0 
1277 10 0 0 0 0 0 0 0 0 0 0 0 
1278 10 0 0 0 0 0 0 0 0 0 0 0 
1279 10 0 0 0 0 0 0 0 0 0 0 0 
1280 10 0 0 0 0 0 0 0 0 0 0 0 
1281 10 0 0 0 0 0 0 0 0 0 0 0 
1282 10 0 0 0 0 0 0 0 0 0 0 0 
1283 10 0 0 0 0 0 0 0 0 0 0 0 
1284 10 0 0 0 0 0 0 0 0 0 0 0 
1285 10 0 0 0 0 0 0 0 0 0 0 0 
1286 10 0 0 0 0 0 0 0 0 0 0 0 
1287 10 0 0 0 0 0 0 0 0 0 0 0 
1288 10 0 0 0 0 0 0 0 0 0 0 0 
1289 10 0 0 0 0 0 0 0 0 0 0 0 
1290 10 0 0 0 0 0 0 0 0 0 0 0 
1291 10 0 0 0 0 0 0 0 0 0 0 0 
1292 10 0 0 0 0 0 0 0 0 0 0 0 
1293 10 0 0 0 0 0 0 0 0 0 0 0 
1294 10 0 0 0 0 0 0 0 0 0 0 0 
1295 10 0 0 0 0 0 0 0 0 0 0 0 
1296 10 0 0 0 0 0 0 0 0 0 0 0 
1297 10 0 0 0 0 0 0 0 0 0 0 0 
1298 10 0 0 0 0 0 0 0 0 0 0 0 
1299 10 0 0 0 0 0 0 0 0 0 0 0 
1300 10 0 0 0 0 0 0 0 0 0 0 0 
1301 10 0 0 0 0 0 0 0 0 0 0 0 
1302 10 0 0 0 0 0 0 0 0 0 0 0 
1303 10 0 0 0 0 0 0 0 0 0 0 0 
1304 10 0 0 0 0 0 0 0 0 0 0 0 
1305 10 0 0 0 0 0 0 0 0 0 0 0 
1306 10 0 0 0 0 0 0 0 0 0 0 0 
1307 10 0 0 0 0 0 0 0 0 0 0 0 
1308 10 0 0 0 0 0 0 0 0 0 0 0 
1309 10 0 0 0 0 0 0 0 0 0 0 0 
1310 10 0 0 0 0 0 0 0 0 0 0 0 
1311 10 0 0 0 0 0 0 0 0 0 0 0 
1312 10 0 0 0 0 0 0 0 0 0 0 0 
1313 10 0 0 0 0 0 0 0 0 0 0 0 
1314 10 0 0 0 0 0 0 0 0 0 0 0 
1315 10 0 0 0 0 0 0 0 0 0 0 0 
1316 10 0 0 0 0 0 0 0 0 0 0 0 
1317 10 0 0 0 0 0 0 0 0 0 0 0 
1318 10 0 0 0 0 0 0 0 0 0 0 0 
1319 10 0 0 0 0 0 0 0 0 0 0 0 
1320 10 0 0 0 0 0 0 0 0 0 0 0 
1321 10 0 0 0 0 0 0 0 0 0 0 0 
1322 10 0 0 0 0 0 0 0 0 0 0 0 
1323 10 0 0 0 0 0 0 0 0 0 0 0 
1324 10 0 0 0 0 0 0 0 0 0 0 0 
1325 10 0 0 0 0 0 0 0 0 0 0 0 
1326 10 0 0 0 0 0 0 0 0 0 0 0 
1327 10 0 0 0 0 0 0 0 0 0 0 0 
1328 10 0 0 0 0 0 0 0 0 0 0 0 
1329 10 0 0 0 0 0 0 0 0 0 0 0 
1330 10 0 0 0 0 0 0 0 0 0 0 0 
1331 10 0 0 0 0 0 0 0 0 0 0 0 
1332 10 0 0 0 0 0 0 0 0 0 0 0 
1333 10 0 0 0 0 0 0 0 0 0 0 0 
1334 10 0 0 0 0 0 0 0 0 0 0 0 
1335 10 0 0 0 0 0 0 0 0 0 0 0 
1336 10 0 0 0 0 0 0 0 0 0 0 0 
1337 10 0 0 0 0 0 0 0 0 0 0 0 
1338 10 0 0 0 0 0 0 0 0 0 0 0 
1339 10 0 0 0 0 0 0 0 0 0 0 0 
1340 10 0 0 0 0 0 0 0 0 0 0 0 
1341 10 0 0 0 0 0 0 0 0 0 0 0 
1342 10 0 0 0 0 0 0 0 0 0 0 0 
1343 10 0 0 0 0 0 0 0 0 0 0 0 
1344 10 0 0 0 0 0 0 0 0 0 0 0 
1345 10 0 0 0 0 0 0 0 0 0 0 0 
1346 10 0 0 0 0 0 0 0 0 0 0 0 
1347 10 0 0 0 0 0 0 0 0 0 0 0 
1348 10 0 0 0 0 0 0 0 0 0 0 0 
1349 10 0 0 0 0 0 0 0 0 0 0 0 
1350 10 0 0 0 0 0 0 0 0 0 0 0 
1351 10 0 0 0 0 0 0 0 0 0 0 0 
1352 10 0 0 0 0 0 0 0 0 0 0 0 
1353 10 0 0 0 0 0 0 0 0 0 0 0 
1354 10 0 0 0 0 0 0 0 0 0 0 0 
1355 10 0 0 0 0 0 0 0 0 0 0 0 
1356 10 0 0 0 0 0 0 0 0 0 0 0 
1357 10 0 0 0 0 0 0 0 0 0 0 0 
1358 10 0 0 0 0 0 0 0 0 0 0 0 
1359 10 0 0 0 0 0 0 0 0 0 0 0 
1360 10 0 0 0 0 0 0 0 0 0 0 0 
1361 10 0 0 0 0 0 0 0 0 0 0 0 
1362 10 0 0 0 0 0 0 0 0 0 0 0 
1363 10 0 0 0 0 0 0 0 0 0 0 0 
1364 10 0 0 0 0 0 0 0 0 0 0 0 
1365 10 0 0 0 0 0 0 0 0 0 0 0 
1366 10 0 0 0 0 0 0 0 0 0 0 0 
1367 10 0 0 0 0 0 0 0 0 0 0 0 
1368 10 0 0 0 0 0 0 0 0 0 0 0 
1369 10 0 0 0 0 0 0 0 0 0 0 0 
1370 10 0 0 0 0 0 0 0 0 0 0 0 
1371 10 0 0 0 0 0 0 0 0 0 0 0 
1372 10 0 0 0 0 0 0 0 0 0 0 0 
1373 10 0 0 0 0 0 0 0 0 0 0 0 
1374 10 0 0 0 0 0 0 0 0 0 0 0 
1375 10 0 0 0 0 0 0 0 0 0 0 0 
1376 10 0 0 0 0 0 0 0 0 0 0 0 
1377 10 0 0 0 0 0 0 0 0 0 0 0 
1378 10 0 0 0 0 0 0 0 0 0 0 0 
1379 10 0 0 0 0 0 0 0 0 0 0 0 
1380 10 0 0 0 0 0 0 0 0 0 0 0 
1381 10 0 0 0 0 0 0 0 0 0 0 0 
1382 10 0 0 0 0 0 0 0 0 0 0 0 
1383 10 0 0 0 0 0 0 0 0 0 0 0 
1384 10 0 0 0 0 0 0 0 0 0 0 0 
1385 10 0 0 0 0 0 0 0 0 0 0 0 
1386 10 0 0 0 0 0 0 0 0 0 0 0 
1387 10 0 0 0 0 0 0 0 0 0 0 0 
1388 10 0 0 0 0 0 0 0 0 0 0 0 
1389 10 0 0 0 0 0 0 0 0 0 0 0 
1390 10 0 0 0 0 0 0 0 0 0 0 0 
1391 10 0 0 0 0 0 0 0 0 0 0 0 
1392 10 0 0 0 0 0 0 0 0 0 0 0 
1393 10 0 0 0 0 0 0 0 0 0 0 0 
1394 10 0 0 0 0 0 0 0 0 0 0 0 
1395 10 0 0 0 0 0 0 0 0 0 0 0 
1396 10 0 0 0 0 0 0 0 0 0 0 0 
1397 10 0 0 0 0 0 0 0 0 0 0 0 
1398 10 0 0 0 0 0 0 0 0 0 0 0 
1399 10 0 0 0 0 0 0 0 0 0 0 0 
1400 10 0 0 0 0 0 0 0 0 0 0 0 
1401 10 0 0 0 0 0 0 0 0 0 0 0 
1402 10 0 0 0 0 0 0 0 0 0 0 0 
1403 10 0 0 0 0 0 0 0 0 0 0 0 
1404 10 0 0 0 0 0 0 0 0 0 0 0 
1405 10 0 0 0 0 0 0 0 0 0 0 0 
1406 10 0 0 0 0 0 0 0 0 0 0 0 
1407 10 0 0 0 0 0 0 0 0 0 0 0 
1408 10 0 0 0 0 0 0 0 0 0 0 0 
1409 10 0 0 0 0 0 0 0 0 0 0 0 
1410 10 0 0 0 0 0 0 0 0 0 0 0 
1411 10 0 0 0 0 0 0 0 0 0 0 0 
1412 10 0 0 0 0 0 0 0 0 0 0 0 
1413 10 0 0 0 0 0 0 0 0 0 0 0 
1414 10 0 0 0 0 0 0 0 0 0 0 0 
1415 10 0 0 0 0 0 0 0 0 0 0 0 
1416 10 0 0 0 0 0 0 0 0 0 0 0 
1417 10 0 0 0 0 0 0 0 0 0 0 0 
1418 10 0 0 0 0 0 0 0 0 0 0 0 
1419 10 0 0 0 0 0 0 0 0 0 0 0 
1420 10 0 0 0 0 0 0 0 0 0 0 0 
1421 10 0 0 0 0 0 0 0 0 0 0 0 
1422 10 0 0 0 0 0 0 0 0 0 0 0 
1423 10 0 0 0 0 0 0 0 0 0 0 0 
1424 10 0 0 0 0 0 0 0 0 0 0 0 
1425 10 0 0 0 0 0 0 0 0 0 0 0 
1426 10 0 0 0 0 0 0 0 0 0 0 0 
1427 10 0 0 0 0 0 0 0 0 0 0 0 
1428 10 0 0 0 0 0 0 0 0 0 0 0 
1429 10 0 0 0 0 0 0 0 0 0 0 0 
1430 10 0 0 0 0 0 0 0 0 0 0 0 
1431 10 0 0 0 0 0 0 0 0 0 0 0 
1432 10 0 0 0 0 0 0 0 0 0 0 0 
1433 10 0 0 0 0 0 0 0 0 0 0 0 
1434 10 0 0 0 0 0 0 0 0 0 0 0 
1435 10 0 0 0 0 0 0 0 0 0 0 0 
1436 10 0 0 0 0 0 0 0 0 0 0 0 
1437 10 0 0 0 0 0 0 0 0 0 0 0 
1438 10 0 0 0 0 0 0 0 0 0 0 0 
1439 10 0 0 0 0 0 0 0 0 0 0 0 
1440 10 0 0 0 0 0 0 0 0 0 0 0 
1441 10 0 0 0 0 0 0 0 0 0 0 0 
1442 10 0 0 0 0 0 0 0 0 0 0 0 
1443 10 0 0 0 0 0 0 0 0 0 0 0 
1444 10 0 0 0 0 0 0 0 0 0 0 0 
1445 10 0 0 0 0 0 0 0 0 0 0 0 
1446 10 0 0 0 0 0 0 0 0 0 0 0 
1447 10 0 0 0 0 0 0 0 0 0 0 0 
1448 10 0 0 0 0 0 0 0 0 0 0 0 
1449 10 0 0 0 0 0 0 0 0 0 0 0 
1450 10 0 0 0 0 0 0 0 0 0 0 0 
1451 10 0 0 0 0 0 0 0 0 0 0 0 
1452 10 0 0 0 0 0 0 0 0 0 0 0 
1453 10 0 0 0 0 0 0 0 0 0 0 0 
1454 10 0 0 0 0 0 0 0 0 0 0 0 
1455 10 0 0 0 0 0 0 0 0 0 0 0 
1456 10 0 0 0 0 0 0 0 0 0 0 0 
1457 10 0 0 0 0 0 0 0 0 0 0 0 
1458 10 0 0 0 0 0 0 0 0 0 0 0 
1459 10 0 0 0 0 0 0 0 0 0 0 0 
1460 10 0 0 0 0 0 0 0 0 0 0 0 
1461 10 0 0 0 0 0 0 0 0 0 0 0 
1462 10 0 0 0 0 0 0 0 0 0 0 0 
1463 10 0 0 0 0 0 0 0 0 0 0 0 
1464 10 0 0 0 0 0 0 0 0 0 0 0 
1465 10 0 0 0 0 0 0 0 0 0 0 0 
1466 10 0 0 0 0 0 0 0 0 0 0 0 
1467 10 0 0 0 0 0 0 0 0 0 0 0 
1468 10 0 0 0 0 0 0 0 0 0 0 0 
1469 10 0 0 0 0 0 0 0 0 0 0 0 
1470 10 0 0 0 0 0 0 0 0 0 0 0 
1471 10 0 0 0 0 0 0 0 0 0 0 0 
1472 10 0 0 0 0 0 0 0 0 0 0 0 
1473 10 0 0 0 0 0 0 0 0 0 0 0 
1474 10 0 0 0 0 0 0 0 0 0 0 0 
1475 10 0 0 0 0 0 0 0 0 0 0 0 
1476 10 0 0 0 0 0 0 0 0 0 0 0 
1477 10 0 0 0 0 0 0 0 0 0 0 0 
1478 10 0 0 0 0 0 0 0 0 0 0 0 
1479 10 0 0 0 0 0 0 0 0 0 0 0 
1480 10 0 0 0 0 0 0 0 0 0 0 0 
1481 10 0 0 0 0 0 0 0 0 0 0 0 
1482 10 0 0 0 0 0 0 0 0 0 0 0 
1483 10 0 0 0 0 0 0 0 0 0 0 0 
1484 10 0 0 0 0 0 0 0 0 0 0 0 
1485 10 0 0 0 0 0 0 0 0 0 0 0 
1486 10 0 0 0 0 0 0 0 0 0 0 0 
1487 10 0 0 0 0 0 0 0 0 0 0 0 
1488 10 0 0 0 0 0 0 0 0 0 0 0 
1489 10 0 0 0 0 0 0 0 0 0 0 0 
1490 10 0 0 0 0 0 0 0 0 0 0 0 
1491 10 0 0 0 0 0 0 0 0 0 0 0 
1492 10 0 0 0 0 0 0 0 0 0 0 0 
1493 10 0 0 0 0 0 0 0 0 0 0 0 
1494 10 0 0 0 0 0 0 0 0 0 0 0 
1495 10 0 0 0 0 0 0 0 0 0 0 0 
1496 10 0 0 0 0 0 0 0 0 0 0 0 
1497 10 0 0 0 0 0 0 0 0 0 0 0 
1498 10 0 0 0 0 0 0 0 0 0 0 0 
1499 10 0 0 0 0 0 0 0 0 0 0 0 
1500 10 0 0 0 0 0 0 0 0 0 0 0 
1501 10 0 0 0 0 0 0 0 0 0 0 0 
1502 10 0 0 0 0 0 0 0 0 0 0 0 
1503 10 0 0 0 0 0 0 0 0 0 0 0 
1504 10 0 0 0 0 0 0 0 0 0 0 0 
1505 10 0 0 0 0 0 0 0 0 0 0 0 
1506 10 0 0 0 0 0 0 0 0 0 0 0 
1507 10 0 0 0 0 0 0 0 0 0 0 0 
1508 10 0 0 0 0 0 0 0 0 0 0 0 
1509 10 0 0 0 0 0 0 0 0 0 0 0 
1510 10 0 0 0 0 0 0 0 0 0 0 0 
1511 10 0 0 0 0 0 0 0 0 0 0 0 
1512 10 0 0 0 0 0 0 0 0 0 0 0 
1513 10 0 0 0 0 0 0 0 0 0 0 0 
1514 10 0 0 0 0 0 0 0 0 0 0 0 
1515 10 0 0 0 0 0 0 0 0 0 0 0 
1516 10 0 0 0 0 0 0 0 0 0 0 0 
1517 10 0 0 0 0 0 0 0 0 0 0 0 
1518 10 0 0 0 0 0 0 0 0 0 0 0 
1519 10 0 0 0 0 0 0 0 0 0 0 0 
1520 10 0 0 0 0 0 0 0 0 0 0 0 
1521 10 0 0 0 0 0 0 0 0 0 0 0 
1522 10 0 0 0 0 0 0 0 0 0 0 0 
1523 10 0 0 0 0 0 0 0 0 0 0 0 
1524 10 0 0 0 0 0 0 0 0 0 0 0 
1525 10 0 0 0 0 0 0 0 0 0 0 0 
1526 10 0 0 0 0 0 0 0 0 0 0 0 
1527 10 0 0 0 0 0 0 0 0 0 0 0 
1528 10 0 0 0 0 0 0 0 0 0 0 0 
1529 10 0 0 0 0 0 0 0 0 0 0 0 
1530 10 0 0 0 0 0 0 0 0 0 0 0 
1531 10 0 0 0 0 0 0 0 0 0 0 0 
1532 10 0 0 0 0 0 0 0 0 0 0 0 
1533 10 0 0 0 0 0 0 0 0 0 0 0 
1534 10 0 0 0 0 0 0 0 0 0 0 0 
1535 10 0 0 0 0 0 0 0 0 0 0 0 
1536 10 0 0 0 0 0 0 0 0 0 0 0 
1537 10 0 0 0 0 0 0 0 0 0 0 0 
1538 10 0 0 0 0 0 0 0 0 0 0 0 
1539 10 0 0 0 0 0 0 0 0 0 0 0 
1540 10 0 0 0 0 0 0 0 0 0 0 0 
1541 10 0 0 0 0 0 0 0 0 0 0 0 
1542 10 0 0 0 0 0 0 0 0 0 0 0 
1543 10 0 0 0 0 0 0 0 0 0 0 0 
1544 10 0 0 0 0 0 0 0 0 0 0 0 
1545 10 0 0 0 0 0 0 0 0 0 0 0 
1546 10 0 0 0 0 0 0 0 0 0 0 0 
1547 10 0 0 0 0 0 0 0 0 0 0 0 
1548 10 0 0 0 0 0 0 0 0 0 0 0 
1549 10 0 0 0 0 0 0 0 0 0 0 0 
1550 10 0 0 0 0 0 0 0 0 0 0 0 
1551 10 0 0 0 0 0 0 0 0 0 0 0 
1552 10 0 0 0 0 0 0 0 0 0 0 0 
1553 10 0 0 0 0 0 0 0 0 0 0 0 
1554 10 0 0 0 0 0 0 0 0 0 0 0 
1555 10 0 0 0 0 0 0 0 0 0 0 0 
1556 10 0 0 0 0 0 0 0 0 0 0 0 
1557 10 0 0 0 0 0 0 0 0 0 0 0 
1558 10 0 0 0 0 0 0 0 0 0 0 0 
1559 10 0 0 0 0 0 0 0 0 0 0 0 
1560 10 0 0 0 0 0 0 0 0 0 0 0 
1561 10 0 0 0 0 0 0 0 0 0 0 0 
1562 10 0 0 0 0 0 0 0 0 0 0 0 
1563 10 4 0 0 0 0 0 0 0 0 0 0 
1564 10 5 0 0 0 0 0 0 0 0 0 0 
1565 10 6 0 0 0 0 0 0 0 0 0 0 
1566 10 7 0 0 0 0 0 0 0 0 0 0 
1567 10 0 0 0 0 0 0 0 0 0 0 0 
1568 10 0 0 0 0 0 0 0 0 0 0 0 
1569 10 0 0 0 0 0 0 0 0 0 0 0 
1570 10 0 0 0 0 0 0 0 0 0 0 0 
1571 10 0 0 0 0 0 0 0 0 0 0 0 
1572 10 0 0 0 0 0 0 0 0 0 0 0 
1573 10 0 0 0 0 0 0 0 0 0 0 0 
1574 10 0 0 0 0 0 0 0 0 0 0 0 
1575 10 0 0 0 0 0 0 0 0 0 0 0 
1576 10 0 0 0 0 0 0 0 0 0 0 0 
1577 10 0 0 0 0 0 0 0 0 0 0 0 
1578 10 0 0 0 0 0 0 0 0 0 0 0 
1579 10 0 0 0 0 0 0 0 0 0 0 0 
1580 10 0 0 0 0 0 0 0 0 0 0 0 
1581 10 0 0 0 0 0 0 0 0 0 0 0 
1582 10 0 0 0 0 0 0 0 0 0 0 0 
1583 10 0 0 0 0 0 0 0 0 0 0 0 
1584 10 0 0 0 0 0 0 0 0 0 0 0 
1585 10 0 0 0 0 0 0 0 0 0 0 0 
1586 10 0 0 0 0 0 0 0 0 0 0 0 
1587 10 0 0 0 0 0 0 0 0 0 0 0 
1588 10 0 0 0 0 0 0 0 0 0 0 0 
1589 10 0 0 0 0 0 0 0 0 0 0 0 
1590 10 0 0 0 0 0 0 0 0 0 0 0 
1591 10 0 0 0 0 0 0 0 0 0 0 0 
1592 10 0 0 0 0 0 0 0 0 0 0 0 
1593 10 0 0 0 0 0 0 0 0 0 0 0 
1594 10 0 0 0 0 0 0 0 0 0 0 0 
1595 10 0 0 0 0 0 0 0 0 0 0 0 
1596 10 0 0 0 0 0 0 0 0 0 0 0 
1597 10 0 0 0 0 0 0 0 0 0 0 0 
1598 10 0 0 0 0 0 0 0 0 0 0 0 
1599 10 0 0 0 0 0 0 0 0 0 0 0 
1600 10 0 0 0 0 0 0 0 0 0 0 0 
1601 10 0 0 0 0 0 0 0 0 0 0 0 
1602 10 0 0 0 0 0 0 0 0 0 0 0 
1603 10 0 0 0 0 0 0 0 0 0 0 0 
1604 10 0 0 0 0 0 0 0 0 0 0 0 
1605 10 0 0 0 0 0 0 0 0 0 0 0 
1606 10 0 0 0 0 0 0 0 0 0 0 0 
1607 10 0 0 0 0 0 0 0 0 0 0 0 
1608 10 0 0 0 0 0 0 0 0 0 0 0 
1609 10 0 0 0 0 0 0 0 0 0 0 0 
1610 10 0 0 0 0 0 0 0 0 0 0 0 
1611 10 0 0 0 0 0 0 0 0 0 0 0 
1612 10 0 0 0 0 0 0 0 0 0 0 0 
1613 10 0 0 0 0 0 0 0 0 0 0 0 
1614 10 0 0 0 0 0 0 0 0 0 0 0 
1615 10 0 0 0 0 0 0 0 0 0 0 0 
1616 10 0 0 0 0 0 0 0 0 0 0 0 
1617 10 0 0 0 0 0 0 0 0 0 0 0 
1618 10 0 0 0 0 0 0 0 0 0 0 0 
1619 10 0 0 0 0 0 0 0 0 0 0 0 
1620 10 0 0 0 0 0 0 0 0 0 0 0 
1621 10 0 0 0 0 0 0 0 0 0 0 0 
1622 10 0 0 0 0 0 0 0 0 0 0 0 
1623 10 0 0 0 0 0 0 0 0 0 0 0 
1624 10 0 0 0 0 0 0 0 0 0 0 0 
1625 10 0 0 0 0 0 0 0 0 0 0 0 
1626 10 0 0 0 0 0 0 0 0 0 0 0 
1627 10 0 0 0 0 0 0 0 0 0 0 0 
1628 10 0 0 0 0 0 0 0 0 0 0 0 
1629 10 0 0 0 0 0 0 0 0 0 0 0 
1630 10 0 0 0 0 0 0 0 0 0 0 0 
1631 10 0 0 0 0 0 0 0 0 0 0 0 
1632 10 0 0 0 0 0 0 0 0 0 0 0 
1633 10 0 0 0 0 0 0 0 0 0 0 0 
1634 10 0 0 0 0 0 0 0 0 0 0 0 
1635 10 0 0 0 0 0 0 0 0 0 0 0 
1636 10 0 0 0 0 0 0 0 0 0 0 0 
1637 10 0 0 0 0 0 0 0 0 0 0 0 
1638 10 0 0 0 0 0 0 0 0 0 0 0 
1639 10 0 0 0 0 0 0 0 0 0 0 0 
1640 10 0 0 0 0 0 0 0 0 0 0 0 
1641 10 0 0 0 0 0 0 0 0 0 0 0 
1642 10 0 0 0 0 0 0 0 0 0 0 0 
1643 10 0 0 0 0 0 0 0 0 0 0 0 
1644 10 0 0 0 0 0 0 0 0 0 0 0 
1645 10 0 0 0 0 0 0 0 0 0 0 0 
1646 10 0 0 0 0 0 0 0 0 0 0 0 
1647 10 0 0 0 0 0 0 0 0 0 0 0 
1648 10 0 0 0 0 0 0 0 0 0 0 0 
1649 10 0 0 0 0 0 0 0 0 0 0 0 
1650 10 0 0 0 0 0 0 0 0 0 0 0 
1651 10 0 0 0 0 0 0 0 0 0 0 0 
1652 10 0 0 0 0 0 0 0 0 0 0 0 
1653 10 0 0 0 0 0 0 0 0 0 0 0 
1654 10 0 0 0 0 0 0 0 0 0 0 0 
1655 10 0 0 0 0 0 0 0 0 0 0 0 
1656 10 0 0 0 0 0 0 0 0 0 0 0 
1657 10 0 0 0 0 0 0 0 0 0 0 0 
1658 10 0 0 0 0 0 0 0 0 0 0 0 
1659 10 0 0 0 0 0 0 0 0 0 0 0 
1660 10 0 0 0 0 0 0 0 0 0 0 0 
1661 10 0 0 0 0 0 0 0 0 0 0 0 
1662 10 0 0 0 0 0 0 0 0 0 0 0 
1663 10 0 0 0 0 0 0 0 0 0 0 0 
1664 10 0 0 0 0 0 0 0 0 0 0 0 
1665 10 0 0 0 0 0 0 0 0 0 0 0 
1666 10 0 0 0 0 0 0 0 0 0 0 0 
1667 10 0 0 0 0 0 0 0 0 0 0 0 
1668 10 0 0 0 0 0 0 0 0 0 0 0 
1669 10 0 0 0 0 0 0 0 0 0 0 0 
1670 10 0 0 0 0 0 0 0 0 0 0 0 
1671 10 0 0 0 0 0 0 0 0 0 0 0 
1672 10 0 0 0 0 0 0 0 0 0 0 0 
1673 10 0 0 0 0 0 0 0 0 0 0 0 
1674 10 0 0 0 0 0 0 0 0 0 0 0 
1675 10 0 0 0 0 0 0 0 0 0 0 0 
1676 10 0 0 0 0 0 0 0 0 0 0 0 
1677 10 0 0 0 0 0 0 0 0 0 0 0 
1678 10 0 0 0 0 0 0 0 0 0 0 0 
1679 10 0 0 0 0 0 0 0 0 0 0 0 
1680 10 0 0 0 0 0 0 0 0 0 0 0 
1681 10 0 0 0 0 0 0 0 0 0 0 0 
1682 10 0 0 0 0 0 0 0 0 0 0 0 
1683 10 0 0 0 0 0 0 0 0 0 0 0 
1684 10 0 0 0 0 0 0 0 0 0 0 0 
1685 10 0 0 0 0 0 0 0 0 0 0 0 
1686 10 0 0 0 0 0 0 0 0 0 0 0 
1687 10 0 0 0 0 0 0 0 0 0 0 0 
1688 10 0 0 0 0 0 0 0 0 0 0 0 
1689 10 0 0 0 0 0 0 0 0 0 0 0 
1690 10 0 0 0 0 0 0 0 0 0 0 0 
1691 10 0 0 0 0 0 0 0 0 0 0 0 
1692 10 0 0 0 0 0 0 0 0 0 0 0 
1693 10 0 0 0 0 0 0 0 0 0 0 0 
1694 10 0 0 0 0 0 0 0 0 0 0 0 
1695 10 0 0 0 0 0 0 0 0 0 0 0 
1696 10 0 0 0 0 0 0 0 0 0 0 0 
1697 10 0 0 0 0 0 0 0 0 0 0 0 
1698 10 0 0 0 0 0 0 0 0 0 0 0 
1699 10 0 0 0 0 0 0 0 0 0 0 0 
1700 10 0 0 0 0 0 0 0 0 0 0 0 
1701 10 0 0 0 0 0 0 0 0 0 0 0 
1702 10 0 0 0 0 0 0 0 0 0 0 0 
1703 10 0 0 0 0 0 0 0 0 0 0 0 
1704 10 0 0 0 0 0 0 0 0 0 0 0 
1705 10 0 0 0 0 0 0 0 0 0 0 0 
1706 10 0 0 0 0 0 0 0 0 0 0 0 
1707 10 0 0 0 0 0 0 0 0 0 0 0 
1708 10 0 0 0 0 0 0 0 0 0 0 0 
1709 10 0 0 0 0 0 0 0 0 0 0 0 
1710 10 0 0 0 0 0 0 0 0 0 0 0 
1711 10 0 0 0 0 0 0 0 0 0 0 0 
1712 10 0 0 0 0 0 0 0 0 0 0 0 
1713 10 0 0 0 0 0 0 0 0 0 0 0 
1714 10 0 0 0 0 0 0 0 0 0 0 0 
1715 10 0 0 0 0 0 0 0 0 0 0 0 
1716 10 0 0 0 0 0 0 0 0 0 0 0 
1717 10 0 0 0 0 0 0 0 0 0 0 0 
1718 10 0 0 0 0 0 0 0 0 0 0 0 
1719 10 0 0 0 0 0 0 0 0 0 0 0 
1720 10 0 0 0 0 0 0 0 0 0 0 0 
1721 10 0 0 0 0 0 0 0 0 0 0 0 
1722 10 0 0 0 0 0 0 0 0 0 0 0 
1723 10 0 0 0 0 0 0 0 0 0 0 0 
1724 10 0 0 0 0 0 0 0 0 0 0 0 
1725 10 0 0 0 0 0 0 0 0 0 0 0 
1726 10 0 0 0 0 0 0 0 0 0 0 0 
1727 10 0 0 0 0 0 0 0 0 0 0 0 
1728 10 0 0 0 0 0 0 0 0 0 0 0 
1729 10 0 0 0 0 0 0 0 0 0 0 0 
1730 10 0 0 0 0 0 0 0 0 0 0 0 
1731 10 0 0 0 0 0 0 0 0 0 0 0 
1732 10 0 0 0 0 0 0 0 0 0 0 0 
1733 10 0 0 0 0 0 0 0 0 0 0 0 
1734 10 0 0 0 0 0 0 0 0 0 0 0 
1735 10 0 0 0 0 0 0 0 0 0 0 0 
1736 10 0 0 0 0 0 0 0 0 0 0 0 
1737 10 0 0 0 0 0 0 0 0 0 0 0 
1738 10 0 0 0 0 0 0 0 0 0 0 0 
1739 10 0 0 0 0 0 0 0 0 0 0 0 
1740 10 0 0 0 0 0 0 0 0 0 0 0 
1741 10 0 0 0 0 0 0 0 0 0 0 0 
1742 10 0 0 0 0 0 0 0 0 0 0 0 
1743 10 0 0 0 0 0 0 0 0 0 0 0 
1744 10 0 0 0 0 0 0 0 0 0 0 0 
1745 10 0 0 0 0 0 0 0 0 0 0 0 
1746 10 0 0 0 0 0 0 0 0 0 0 0 
1747 10 0 0 0 0 0 0 0 0 0 0 0 
1748 10 0 0 0 0 0 0 0 0 0 0 0 
1749 10 0 0 0 0 0 0 0 0 0 0 0 
1750 10 0 0 0 0 0 0 0 0 0 0 0 
1751 10 0 0 0 0 0 0 0 0 0 0 0 
1752 10 0 0 0 0 0 0 0 0 0 0 0 
1753 10 0 0 0 0 0 0 0 0 0 0 0 
1754 10 0 0 0 0 0 0 0 0 0 0 0 
1755 10 0 0 0 0 0 0 0 0 0 0 0 
1756 10 0 0 0 0 0 0 0 0 0 0 0 
1757 10 0 0 0 0 0 0 0 0 0 0 0 
1758 10 0 0 0 0 0 0 0 0 0 0 0 
1759 10 0 0 0 0 0 0 0 0 0 0 0 
1760 10 0 0 0 0 0 0 0 0 0 0 0 
1761 10 0 0 0 0 0 0 0 0 0 0 0 
1762 10 0 0 0 0 0 0 0 0 0 0 0 
1763 10 0 0 0 0 0 0 0 0 0 0 0 
1764 10 0 0 0 0 0 0 0 0 0 0 0 
1765 10 0 0 0 0 0 0 0 0 0 0 0 
1766 10 0 0 0 0 0 0 0 0 0 0 0 
1767 10 0 0 0 0 0 0 0 0 0 0 0 
1768 10 0 0 0 0 0 0 0 0 0 0 0 
1769 10 0 0 0 0 0 0 0 0 0 0 0 
1770 10 0 0 0 0 0 0 0 0 0 0 0 
1771 10 0 0 0 0 0 0 0 0 0 0 0 
1772 10 0 0 0 0 0 0 0 0 0 0 0 
1773 10 0 0 0 0 0 0 0 0 0 0 0 
1774 10 0 0 0 0 0 0 0 0 0 0 0 
1775 10 0 0 0 0 0 0 0 0 0 0 0 
1776 10 0 0 0 0 0 0 0 0 0 0 0 
1777 10 0 0 0 0 0 0 0 0 0 0 0 
1778 10 0 0 0 0 0 0 0 0 0 0 0 
1779 10 0 0 0 0 0 0 0 0 0 0 0 
1780 10 0 0 0 0 0 0 0 0 0 0 0 
1781 10 0 0 0 0 0 0 0 0 0 0 0 
1782 10 0 0 0 0 0 0 0 0 0 0 0 
1783 10 0 0 0 0 0 0 0 0 0 0 0 
1784 10 0 0 0 0 0 0 0 0 0 0 0 
1785 10 0 0 0 0 0 0 0 0 0 0 0 
1786 10 0 0 0 0 0 0 0 0 0 0 0 
1787 10 0 0 0 0 0 0 0 0 0 0 0 
1788 10 0 0 0 0 0 0 0 0 0 0 0 
1789 10 0 0 0 0 0 0 0 0 0 0 0 
1790 10 0 0 0 0 0 0 0 0 0 0 0 
1791 10 0 0 0 0 0 0 0 0 0 0 0 
1792 10 0 0 0 0 0 0 0 0 0 0 0 
1793 10 0 0 0 0 0 0 0 0 0 0 0 
1794 10 0 0 0 0 0 0 0 0 0 0 0 
1795 10 0 0 0 0 0 0 0 0 0 0 0 
1796 10 0 0 0 0 0 0 0 0 0 0 0 
1797 10 0 0 0 0 0 0 0 0 0 0 0 
1798 10 0 0 0 0 0 0 0 0 0 0 0 
1799 10 0 0 0 0 0 0 0 0 0 0 0 
1800 10 0 0 0 0 0 0 0 0 0 0 0 
1801 10 0 0 0 0 0 0 0 0 0 0 0 
1802 10 0 0 0 0 0 0 0 0 0 0 0 
1803 10 0 0 0 0 0 0 0 0 0 0 0 
1804 10 0 0 0 0 0 0 0 0 0 0 0 
1805 10 0 0 0 0 0 0 0 0 0 0 0 
1806 10 0 0 0 0 0 0 0 0 0 0 0 
1807 10 0 0 0 0 0 0 0 0 0 0 0 
1808 10 0 0 0 0 0 0 0 0 0 0 0 
1809 10 0 0 0 0 0 0 0 0 0 0 0 
1810 10 0 0 0 0 0 0 0 0 0 0 0 
1811 10 0 0 0 0 0 0 0 0 0 0 0 
1812 10 0 0 0 0 0 0 0 0 0 0 0 
1813 10 0 0 0 0 0 0 0 0 0 0 0 
1814 10 0 0 0 0 0 0 0 0 0 0 0 
1815 10 0 0 0 0 0 0 0 0 0 0 0 
1816 10 0 0 0 0 0 0 0 0 0 0 0 
1817 10 0 0 0 0 0 0 0 0 0 0 0 
1818 10 0 0 0 0 0 0 0 0 0 0 0 
1819 10 0 0 0 0 0 0 0 0 0 0 0 
1820 10 0 0 0 0 0 0 0 0 0 0 0 
1821 10 0 0 0 0 0 0 0 0 0 0 0 
1822 10 0 0 0 0 0 0 0 0 0 0 0 
1823 10 0 0 0 0 0 0 0 0 0 0 0 
1824 10 0 0 0 0 0 0 0 0 0 0 0 
1825 10 0 0 0 0 0 0 0 0 0 0 0 
1826 10 0 0 0 0 0 0 0 0 0 0 0 
1827 10 0 0 0 0 0 0 0 0 0 0 0 
1828 10 0 0 0 0 0 0 0 0 0 0 0 
1829 10 0 0 0 0 0 0 0 0 0 0 0 
1830 10 0 0 0 0 0 0 0 0 0 0 0 
1831 10 0 0 0 0 0 0 0 0 0 0 0 
1832 10 0 0 0 0 0 0 0 0 0 0 0 
1833 10 0 0 0 0 0 0 0 0 0 0 0 
1834 10 0 0 0 0 0 0 0 0 0 0 0 
1835 10 0 0 0 0 0 0 0 0 0 0 0 
1836 10 0 0 0 0 0 0 0 0 0 0 0 
1837 10 0 0 0 0 0 0 0 0 0 0 0 
1838 10 0 0 0 0 0 0 0 0 0 0 0 
1839 10 0 0 0 0 0 0 0 0 0 0 0 
1840 10 0 0 0 0 0 0 0 0 0 0 0 
1841 10 0 0 0 0 0 0 0 0 0 0 0 
1842 10 0 0 0 0 0 0 0 0 0 0 0 
1843 10 0 0 0 0 0 0 0 0 0 0 0 
1844 10 0 0 0 0 0 0 0 0 0 0 0 
1845 10 0 0 0 0 0 0 0 0 0 0 0 
1846 10 0 0 0 0 0 0 0 0 0 0 0 
1847 10 0 0 0 0 0 0 0 0 0 0 0 
1848 10 0 0 0 0 0 0 0 0 0 0 0 
1849 10 0 0 0 0 0 0 0 0 0 0 0 
1850 10 0 0 0 0 0 0 0 0 0 0 0 
1851 10 0 0 0 0 0 0 0 0 0 0 0 
1852 10 0 0 0 0 0 0 0 0 0 0 0 
1853 10 0 0 0 0 0 0 0 0 0 0 0 
1854 10 0 0 0 0 0 0 0 0 0 0 0 
1855 10 0 0 0 0 0 0 0 0 0 0 0 
1856 10 0 0 0 0 0 0 0 0 0 0 0 
1857 10 0 0 0 0 0 0 0 0 0 0 0 
1858 10 0 0 0 0 0 0 0 0 0 0 0 
1859 10 0 0 0 0 0 0 0 0 0 0 0 
1860 10 0 0 0 0 0 0 0 0 0 0 0 
1861 10 0 0 0 0 0 0 0 0 0 0 0 
1862 10 0 0 0 0 0 0 0 0 0 0 0 
1863 10 0 0 0 0 0 0 0 0 0 0 0 
1864 10 0 0 0 0 0 0 0 0 0 0 0 
1865 10 0 0 0 0 0 0 0 0 0 0 0 
1866 10 0 0 0 0 0 0 0 0 0 0 0 
1867 10 0 0 0 0 0 0 0 0 0 0 0 
1868 10 0 0 0 0 0 0 0 0 0 0 0 
1869 10 0 0 0 0 0 0 0 0 0 0 0 
1870 10 0 0 0 0 0 0 0 0 0 0 0 
1871 10 0 0 0 0 0 0 0 0 0 0 0 
1872 10 0 0 0 0 0 0 0 0 0 0 0 
1873 10 0 0 0 0 0 0 0 0 0 0 0 
1874 10 0 0 0 0 0 0 0 0 0 0 0 
1875 10 0 0 0 0 0 0 0 0 0 0 0 
1876 10 0 0 0 0 0 0 0 0 0 0 0 
1877 10 0 0 0 0 0 0 0 0 0 0 0 
1878 10 0 0 0 0 0 0 0 0 0 0 0 
1879 10 0 0 0 0 0 0 0 0 0 0 0 
1880 10 0 0 0 0 0 0 0 0 0 0 0 
1881 10 0 0 0 0 0 0 0 0 0 0 0 
1882 10 0 0 0 0 0 0 0 0 0 0 0 
1883 10 0 0 0 0 0 0 0 0 0 0 0 
1884 10 0 0 0 0 0 0 0 0 0 0 0 
1885 10 0 0 0 0 0 0 0 0 0 0 0 
1886 10 0 0 0 0 0 0 0 0 0 0 0 
1887 10 0 0 0 0 0 0 0 0 0 0 0 
1888 10 0 0 0 0 0 0 0 0 0 0 0 
1889 10 0 0 0 0 0 0 0 0 0 0 0 
1890 10 0 0 0 0 0 0 0 0 0 0 0 
1891 10 0 0 0 0 0 0 0 0 0 0 0 
1892 10 0 0 0 0 0 0 0 0 0 0 0 
1893 10 0 0 0 0 0 0 0 0 0 0 0 
1894 10 0 0 0 0 0 0 0 0 0 0 0 
1895 10 0 0 0 0 0 0 0 0 0 0 0 
1896 10 0 0 0 0 0 0 0 0 0 0 0 
1897 10 0 0 0 0 0 0 0 0 0 0 0 
1898 10 0 0 0 0 0 0 0 0 0 0 0 
1899 10 0 0 0 0 0 0 0 0 0 0 0 
1900 10 0 0 0 0 0 0 0 0 0 0 0 
1901 10 0 0 0 0 0 0 0 0 0 0 0 
1902 10 0 0 0 0 0 0 0 0 0 0 0 
1903 10 0 0 0 0 0 0 0 0 0 0 0 
1904 10 0 0 0 0 0 0 0 0 0 0 0 
1905 10 0 0 0 0 0 0 0 0 0 0 0 
1906 10 0 0 0 0 0 0 0 0 0 0 0 
1907 10 0 0 0 0 0 0 0 0 0 0 0 
1908 10 0 0 0 0 0 0 0 0 0 0 0 
1909 10 0 0 0 0 0 0 0 0 0 0 0 
1910 10 0 0 0 0 0 0 0 0 0 0 0 
1911 10 0 0 0 0 0 0 0 0 0 0 0 
1912 10 0 0 0 0 0 0 0 0 0 0 0 
1913 10 0 0 0 0 0 0 0 0 0 0 0 
1914 10 0 0 0 0 0 0 0 0 0 0 0 
1915 10 0 0 0 0 0 0 0 0 0 0 0 
1916 10 0 0 0 0 0 0 0 0 0 0 0 
1917 10 0 0 0 0 0 0 0 0 0 0 0 
1918 10 0 0 0 0 0 0 0 0 0 0 0 
1919 10 0 0 0 0 0 0 0 0 0 0 0 
1920 10 0 0 0 0 0 0 0 0 0 0 0 
1921 10 0 0 0 0 0 0 0 0 0 0 0 
1922 10 0 0 0 0 0 0 0 0 0 0 0 
1923 10 0 0 0 0 0 0 0 0 0 0 0 
1924 10 0 0 0 0 0 0 0 0 0 0 0 
1925 10 0 0 0 0 0 0 0 0 0 0 0 
1926 10 0 0 0 0 0 0 0 0 0 0 0 
1927 10 0 0 0 0 0 0 0 0 0 0 0 
1928 10 0 0 0 0 0 0 0 0 0 0 0 
1929 10 0 0 0 0 0 0 0 0 0 0 0 
1930 10 0 0 0 0 0 0 0 0 0 0 0 
1931 10 0 0 0 0 0 0 0 0 0 0 0 
1932 10 0 0 0 0 0 0 0 0 0 0 0 
1933 10 0 0 0 0 0 0 0 0 0 0 0 
1934 10 0 0 0 0 0 0 0 0 0 0 0 
1935 10 0 0 0 0 0 0 0 0 0 0 0 
1936 10 0 0 0 0 0 0 0 0 0 0 0 
1937 10 0 0 0 0 0 0 0 0 0 0 0 
1938 10 0 0 0 0 0 0 0 0 0 0 0 
1939 10 0 0 0 0 0 0 0 0 0 0 0 
1940 10 0 0 0 0 0 0 0 0 0 0 0 
1941 10 0 0 0 0 0 0 0 0 0 0 0 
1942 10 0 0 0 0 0 0 0 0 0 0 0 
1943 10 0 0 0 0 0 0 0 0 0 0 0 
1944 10 0 0 0 0 0 0 0 0 0 0 0 
1945 10 0 0 0 0 0 0 0 0 0 0 0 
1946 10 0 0 0 0 0 0 0 0 0 0 0 
1947 10 0 0 0 0 0 0 0 0 0 0 0 
1948 10 0 0 0 0 0 0 0 0 0 0 0 
1949 10 0 0 0 0 0 0 0 0 0 0 0 
1950 10 0 0 0 0 0 0 0 0 0 0 0 
1951 10 0 0 0 0 0 0 0 0 0 0 0 
1952 10 0 0 0 0 0 0 0 0 0 0 0 
1953 10 0 0 0 0 0 0 0 0 0 0 0 
1954 10 0 0 0 0 0 0 0 0 0 0 0 
1955 10 0 0 0 0 0 0 0 0 0 0 0 
1956 10 0 0 0 0 0 0 0 0 0 0 0 
1957 10 0 0 0 0 0 0 0 0 0 0 0 
1958 10 0 0 0 0 0 0 0 0 0 0 0 
1959 10 0 0 0 0 0 0 0 0 0 0 0 
1960 10 0 0 0 0 0 0 0 0 0 0 0 
1961 10 0 0 0 0 0 0 0 0 0 0 0 
1962 10 0 0 0 0 0 0 0 0 0 0 0 
1963 10 0 0 0 0 0 0 0 0 0 0 0 
1964 10 0 0 0 0 0 0 0 0 0 0 0 
1965 10 0 0 0 0 0 0 0 0 0 0 0 
1966 10 0 0 0 0 0 0 0 0 0 0 0 
1967 10 0 0 0 0 0 0 0 0 0 0 0 
1968 10 0 0 0 0 0 0 0 0 0 0 0 
1969 10 0 0 0 0 0 0 0 0 0 0 0 
1970 10 0 0 0 0 0 0 0 0 0 0 0 
1971 10 0 0 0 0 0 0 0 0 0 0 0 
1972 10 0 0 0 0 0 0 0 0 0 0 0 
1973 10 0 0 0 0 0 0 0 0 0 0 0 
1974 10 0 0 0 0 0 0 0 0 0 0 0 
1975 10 0 0 0 0 0 0 0 0 0 0 0 
1976 10 0 0 0 0 0 0 0 0 0 0 0 
1977 10 0 0 0 0 0 0 0 0 0 0 0 
1978 10 0 0 0 0 0 0 0 0 0 0 0 
1979 10 0 0 0 0 0 0 0 0 0 0 0 
1980 10 0 0 0 0 0 0 0 0 0 0 0 
1981 10 0 0 0 0 0 0 0 0 0 0 0 
1982 10 0 0 0 0 0 0 0 0 0 0 0 
1983 10 0 0 0 0 0 0 0 0 0 0 0 
1984 10 0 0 0 0 0 0 0 0 0 0 0 
1985 10 0 0 0 0 0 0 0 0 0 0 0 
1986 10 0 0 0 0 0 0 0 0 0 0 0 
1987 10 0 0 0 0 0 0 0 0 0 0 0 
1988 10 0 0 0 0 0 0 0 0 0 0 0 
1989 10 0 0 0 0 0 0 0 0 0 0 0 
1990 10 0 0 0 0 0 0 0 0 0 0 0 
1991 10 0 0 0 0 0 0 0 0 0 0 0 
1992 10 0 0 0 0 0 0 0 0 0 0 0 
1993 10 0 0 0 0 0 0 0 0 0 0 0 
1994 10 0 0 0 0 0 0 0 0 0 0 0 
1995 10 0 0 0 0 0 0 0 0 0 0 0 
1996 10 0 0 0 0 0 0 0 0 0 0 0 
1997 10 0 0 0 0 0 0 0 0 0 0 0 
1998 10 0 0 0 0 0 0 0 0 0 0 0 
1999 10 0 0 0 0 0 0 0 0 0 0 0 
2000 10 0 0 0 0 0 0 0 0 0 0 0 
2001 10 0 0 0 0 0 0 0 0 0 0 0 
2002 10 0 0 0 0 0 0 0 0 0 0 0 
2003 10 0 0 0 0 0 0 0 0 0 0 0 
2004 10 0 0 0 0 0 0 0 0 0 0 0 
2005 10 0 0 0 0 0 0 0 0 0 0 0 
2006 10 0 0 0 0 0 0 0 0 0 0 0 
2007 10 0 0 0 0 0 0 0 0 0 0 0 
2008 10 0 0 0 0 0 0 0 0 0 0 0 
2009 10 0 0 0 0 0 0 0 0 0 0 0 
2010 10 0 0 0 0 0 0 0 0 0 0 0 
2011 10 0 0 0 0 0 0 0 0 0 0 0 
2012 10 0 0 0 0 0 0 0 0 0 0 0 
2013 10 0 0 0 0 0 0 0 0 0 0 0 
2014 10 0 0 0 0 0 0 0 0 0 0 0 
2015 10 0 0 0 0 0 0 0 0 0 0 0 
2016 10 0 0 0 0 0 0 0 0 0 0 0 
2017 10 0 0 0 0 0 0 0 0 0 0 0 
2018 10 0 0 0 0 0 0 0 0 0 0 0 
2019 10 0 0 0 0 0 0 0 0 0 0 0 
2020 10 0 0 0 0 0 0 0 0 0 0 0 
2021 10 0 0 0 0 0 0 0 0 0 0 0 
2022 10 0 0 0 0 0 0 0 0 0 0 0 
2023 10 0 0 0 0 0 0 0 0 0 0 0 
2024 10 0 0 0 0 0 0 0 0 0 0 0 
2025 10 0 0 0 0 0 0 0 0 0 0 0 
2026 10 0 0 0 0 0 0 0 0 0 0 0 
2027 10 0 0 0 0 0 0 0 0 0 0 0 
2028 10 0 0 0 0 0 0 0 0 0 0 0 
2029 10 0 0 0 0 0 0 0 0 0 0 0 
2030 10 0 0 0 0 0 0 0 0 0 0 0 
2031 10 0 0 0 0 0 0 0 0 0 0 0 
2032 10 0 0 0 0 0 0 0 0 0 0 0 
2033 10 0 0 0 0 0 0 0 0 0 0 0 
2034 10 0 0 0 0 0 0 0 0 0 0 0 
2035 10 0 0 0 0 0 0 0 0 0 0 0 
2036 10 0 0 0 0 0 0 0 0 0 0 0 
2037 10 0 0 0 0 0 0 0 0 0 0 0 
2038 10 0 0 0 0 0 0 0 0 0 0 0 
2039 10 0 0 0 0 0 0 0 0 0 0 0 
2040 10 0 0 0 0 0 0 0 0 0 0 0 
2041 10 0 0 0 0 0 0 0 0 0 0 0 
2042 10 0 0 0 0 0 0 0 0 0 0 0 
2043 10 0 0 0 0 0 0 0 0 0 0 0 
2044 10 0 0 0 0 0 0 0 0 0 0 0 
2045 10 0 0 0 0 0 0 0 0 0 0 0 
2046 10 0 0 0 0 0 0 0 0 0 0 0 

0 3 1 1 0.996644 135 23 10 18 -12 22 -22 20 -12 22 -3 19 -2 21 36 19 6 19 26 18 19 17 43 23 39 21 -32 19 23 19 15 16 41 23 -2 18 -20 20 -20 22 -26 21 16 23 31 18 37 15 40 -29 53 16 -2 17 41 17 52 18 9 16 -19 17 41 16 7 23 50 18 -6 23 34 -15 56 20 -32 17 -32 15 16 -24 50 25 17 20 -26 24 6 19 -19 20 -43 -12 56 19 51 20 15 18 38 14 -8 -23 51 11 53 -10 52 19 -10 19 9 19 28 14 -33 -26 49 18 44 9 49 17 -2 25 -24 24 -9 -11 49 19 23 13 -24 -18 47 13 26 15 8 13 49 9 -34 9 -38 -9 47 -22 55 13 42 8 47 8 46 -23 50 10 56 14 48 11 12 12 43 12 52 -22 49 12 41 -14 54 11 50 10 25 4 54 -4 52 -1 44 -21 50 -24 53 -18 52 19 21 13 54 3 46 -19 47 -1 52 -3 50 10 44 3 45 17 48 17 -6 11 45 -2 55 16 -7 0 51 -9 51 -1 46 -5 58 -7 58 3 47 6 54 -7 45 -5 52 -6 51 -7 48 9 47 -1 47 5 45 -3 56 -2 54 -5 46 -17 50 14 54 3 44 -2 54 5 46 -7 48 -6 51 4 54 -12 49 -5 58 -7 46 
1 3 2 0 0.173228 1 -2 13 2 0.989293 21 -7 -9 -34 -6 -39 41 -21 60 8 27 34 -36 -30 20 46 -33 23 25 -34 4 16 18 -42 2 -5 -44 -34 1 -40 19 17 -29 -45 7 -36 29 19 38 -45 1 -34 12 
2 3 1 1 0.976109 65 21 -24 23 27 15 14 18 -8 15 1 14 18 13 -30 15 11 13 -35 14 27 13 35 14 2 18 32 12 -15 19 -47 14 23 13 16 13 28 12 26 19 0 18 -43 18 32 12 1 11 6 15 -40 11 -15 25 -41 10 4 22 24 15 -13 17 3 11 -8 23 37 10 32 12 -13 12 -2 10 29 11 -19 11 -20 10 -18 12 -6 22 -16 12 -29 13 -5 13 -37 10 19 10 -31 8 4 15 10 8 29 19 12 9 -4 19 43 9 -26 12 41 4 -35 20 -27 7 -5 11 8 9 9 9 2 8 8 10 -33 8 30 11 -34 
3 3 1 1 0.982374 38 24 -6 -19 54 15 36 19 34 -22 60 -13 60 -11 60 12 -23 16 6 13 35 7 36 1 60 10 6 14 -20 9 30 -15 60 11 -23 -22 -14 2 -39 8 17 16 -29 2 -40 18 0 2 31 8 -37 15 -40 4 -39 14 6 9 31 19 -28 15 60 15 -15 -19 -18 13 -28 13 1 -22 -32 -5 60 -7 60 
4 3 2 0 0.166667 1 -10 36 2 0.989775 22 -2 60 12 46 -1 -9 -5 -31 -12 26 32 48 26 -9 -9 31 -22 -45 -3 32 13 45 19 -8 38 -42 37 -24 41 -26 16 -17 15 -16 17 -17 -29 24 26 -15 31 -43 -30 14 
5 3 3 0 0.506654 893 -2 -37 8 -27 2 36 28 37 2 -36 18 -38 28 35 25 -40 -3 -30 26 -14 2 -34 19 -81 -17 -77 22 -74 1 36 5 -82 -6 36 3 35 25 -79 10 -18 -5 -32 29 32 -12 -76 21 -74 5 -37 25 -22 23 -42 22 -37 22 -36 18 -26 -6 -26 -10 -43 23 -81 -6 20 -16 -72 6 -31 -7 30 -2 32 8 -50 -16 -37 34 -18 -17 2 -14 -81 23 -80 24 -32 3 45 28 -33 -23 36 -12 35 23 34 3 -26 -15 -51 12 33 26 -41 3 -30 10 34 -7 -2 31 -13 17 -79 -12 -38 3 -36 9 -42 6 1 -5 -30 -2 32 31 -31 -7 37 -24 33 -6 -18 18 21 -8 -29 7 41 -4 -31 6 -18 8 -66 33 -48 0 25 12 -39 6 48 -6 -53 20 21 -1 -5 19 47 2 46 -3 -83 1 24 17 44 -2 -2 20 40 -10 -35 16 8 24 -53 22 -3 -4 -45 18 38 5 -30 15 26 -12 -15 25 -48 19 43 12 76 -8 -25 -1 -1 -15 -84 3 -67 -11 43 -5 44 29 -38 -5 -82 0 25 -5 41 31 -48 14 68 26 -73 21 -83 -9 46 -13 -76 -7 -39 15 36 0 -83 1 43 -22 -45 25 -20 13 -42 16 -24 -13 -81 25 -57 25 -64 -7 -41 15 -74 4 -79 1 -14 13 -40 23 -32 19 -23 12 37 -11 -47 4 -39 23 72 -13 26 -4 75 12 -55 -17 -84 -14 -56 -1 -35 8 -50 -24 -56 19 42 -1 80 4 -54 5 -65 20 -1 -3 -82 -2 -1 12 -45 30 -51 -2 -37 34 75 -4 36 -8 -71 -6 -67 8 -46 0 29 -1 -66 -5 -71 4 -82 -21 -58 -10 -65 -1 29 -7 40 -12 32 5 -65 6 -34 -12 -65 12 -9 0 -44 -4 34 -8 30 13 75 6 -1 -5 34 28 -3 10 8 22 -13 0 -7 28 77 -18 -66 32 -49 23 -51 17 -77 11 -36 13 -39 18 72 2 80 -12 -29 19 22 0 -49 34 -46 21 18 14 -79 4 -81 4 -1 10 86 18 73 13 -72 1 -80 -19 -25 -1 27 26 -60 -15 -42 -6 -24 -2 32 -23 -39 10 -72 11 -4 25 71 -24 36 -25 -51 6 29 13 30 4 -52 -3 -80 11 73 19 26 2 23 0 -32 33 16 3 2 27 38 15 49 -10 -9 2 -18 25 -35 20 53 24 8 3 26 -2 30 26 -41 14 81 21 -34 3 25 6 -41 -4 74 27 -45 -18 -81 10 44 -2 0 -9 -46 -4 1 14 42 19 -66 17 -7 23 -83 27 72 -2 77 -13 2 -24 -55 -9 72 14 -19 -22 10 11 79 30 -66 13 -35 26 -72 11 -66 12 -15 24 -55 16 -63 1 -12 11 66 -8 57 -7 26 12 74 24 91 4 -47 -3 2 -23 32 -20 89 -19 -63 22 28 -27 -44 -1 65 20 76 18 61 -6 -55 22 91 27 23 -19 33 1 92 3 -41 -1 -19 8 -60 22 80 0 38 -23 80 -10 -9 -19 98 26 -28 -29 74 9 -76 -21 79 32 -14 15 -74 -4 79 -21 -35 -9 6 6 -63 21 -19 11 -71 25 28 -31 72 -29 73 30 65 34 -27 25 -65 -24 57 10 11 -17 74 -7 -29 1 26 6 -1 -6 -57 -15 80 -10 -9 -19 72 -6 86 -16 80 16 28 -7 -32 -4 94 11 102 5 -75 25 86 2 73 -7 -11 25 86 3 -37 -26 67 -30 -62 -7 76 -22 77 5 -53 -31 -20 -13 68 -1 73 -6 94 -23 -71 -13 -5 -21 75 -24 45 -13 37 -31 92 -17 90 -19 44 -25 -57 20 0 -25 -1 -12 72 25 36 -32 9 20 -58 -27 65 -31 -29 -30 -53 -29 -74 23 -12 -22 93 3 0 -4 19 23 -24 -31 -49 24 26 -17 32 15 5 22 -21 -19 84 18 3 -8 61 -3 -53 18 -3 -4 78 30 -55 30 -56 23 97 -17 76 6 102 2 7 -32 89 -26 -57 -14 70 -13 92 -26 55 7 2 -19 -2 19 -1 -10 38 -28 -63 -20 -27 -18 94 -23 78 -23 -77 -14 -14 13 -78 6 19 -5 -58 25 -46 19 -79 -18 100 -23 -57 34 -37 -26 -57 16 100 -16 -87 -16 54 -14 78 30 -11 20 43 -24 -37 21 -27 -4 -72 28 58 21 99 24 -18 -18 85 19 -51 -30 -65 -14 63 -11 76 -19 69 7 12 -3 80 -22 100 -25 -51 -4 -13 -28 -24 -29 95 32 80 -26 69 20 88 -25 -20 18 -4 17 21 -23 91 -17 -23 -17 -3 -31 -36 -31 57 24 -43 -13 81 12 8 -19 -5 -23 71 -31 -97 -14 -54 17 -73 -28 100 -25 -45 -1 94 -25 -60 22 30 -33 -25 18 28 -18 -68 23 27 31 51 11 -9 -20 20 3 -12 -24 25 -6 -40 28 1 29 -8 30 -40 -7 14 17 83 -27 12 22 39 -5 102 14 -43 -23 85 -20 65 -19 62 -25 -26 12 102 -23 -1 28 68 -23 -9 -14 -56 -15 31 19 25 4 10 5 -59 -25 -26 21 -43 -26 -62 -25 -45 -26 -23 -24 -2 -3 67 14 -79 -20 -5 3 21 9 -45 10 32 -17 -69 27 21 27 26 -33 9 -15 -84 -28 47 12 -65 11 88 16 -56 31 39 -15 3 11 85 -10 -77 -26 22 16 55 -14 3 7 88 21 22 33 56 -20 11 11 9 27 22 -19 10 32 37 3 84 34 -59 -18 -73 -10 30 -16 32 3 81 -25 27 -11 -50 1 89 8 71 -4 92 -33 -1 -16 -4 -33 69 1 55 -19 61 26 -36 13 -2 -9 94 30 25 8 72 -9 85 -33 -75 -17 15 6 4 24 54 27 0 6 -60 8 12 -21 86 11 56 -5 17 -4 72 24 8 11 -61 6 -8 14 79 -33 -4 0 -10 -5 24 23 88 -10 -78 6 71 -15 6 -6 19 -25 -44 3 24 -26 19 -19 3 -26 -81 12 -16 -2 100 -23 -19 21 -50 11 20 4 22 11 -53 -15 -70 11 -62 24 86 2 48 -16 -66 15 77 -24 19 24 -61 4 31 26 -37 5 86 -19 22 21 -18 31 51 -9 -11 19 61 -4 64 -20 -11 5 97 9 -59 13 40 -12 26 20 -61 23 -68 17 75 -15 -18 -7 -12 -7 18 -18 -1 21 -21 1 -71 -10 -47 -1 -30 -13 93 0 45 -2 -35 15 56 -9 27 -11 15 23 2 -14 23 2 62 -20 -44 -25 14 -9 -61 24 85 -26 -1 -19 -81 14 -68 29 81 8 14 1 -62 5 -56 29 4 11 -53 -3 -62 0 -59 -6 -17 12 101 34 -56 27 17 -24 -45 -5 55 -14 -19 12 -65 12 -27 11 27 -10 -89 -13 26 -7 -46 16 -70 -13 46 16 -58 -16 38 11 72 25 -8 27 -8 -5 97 -16 -20 -1 -86 -12 18 14 -43 -12 86 16 86 2 74 6 -7 32 -47 16 86 34 -68 15 -53 1 73 15 95 -6 -51 -10 -11 -12 23 13 27 8 94 16 -62 5 92 -10 95 6 85 -23 -5 -15 -32 7 51 0 95 -17 5 4 84 -5 82 2 93 1 4 26 -57 3 -10 31 -81 -1 -39 27 -63 2 -55 11 77 -17 36 -13 5 4 96 -6 43 -12 -33 -2 99 14 -61 13 -99 13 -64 29 54 17 -12 -10 82 -18 -35 -12 5 -11 -55 -21 3 -6 20 -2 92 -11 -61 16 -9 -28 13 14 97 -12 93 -9 88 -5 7 -8 -46 18 -19 -23 -12 22 -10 -5 -4 -8 -47 20 16 -12 -60 15 52 0 98 -5 -67 24 38 -14 -62 -5 -89 -19 -29 -16 2 17 -58 -11 22 4 19 14 28 -3 -50 -27 -88 -2 9 -4 12 20 -10 -5 -87 8 -98 16 -16 -15 -91 -31 -98 -8 -84 2 57 -16 60 21 -62 -14 -19 17 11 -13 -11 26 -68 19 -25 26 4 10 57 24 -70 -30 -84 -3 -12 27 23 -11 6 3 49 5 11 -15 26 1 57 -6 -64 19 -6 23 60 13 42 2 88 16 83 -18 -84 -1 63 -1 60 -18 -71 1 50 -18 -1 -7 -92 -16 -49 -23 -83 2 42 6 52 1 57 -17 -71 31 -88 21 61 -23 -74 -24 -74 11 -11 13 68 21 -49 13 -21 -21 20 -6 -3 0 52 -33 -85 11 8 -13 70 -18 -64 3 66 21 5 15 49 22 -27 25 62 -4 22 12 62 -12 61 -3 11 2 -87 6 70 -4 49 11 -101 -12 -98 -18 -79 -9 -88 30 6 12 -89 27 -89 8 21 32 -90 -19 34 -16 -22 -16 -22 -14 -32 25 -101 -17 -40 13 -12 25 -93 -11 54 -2 51 -16 35 -20 -91 -14 -62 -15 -21 28 -89 -6 -101 -18 -44 -8 10 -17 -61 -11 50 21 13 -28 -90 -11 49 8 57 -14 -25 -1 64 -20 -10 -2 5 25 55 -14 -90 -12 -7 25 -91 -3 -91 23 -90 32 -94 -18 0 12 59 11 1 -8 -3 -11 67 3 -95 13 -97 6 69 -8 67 24 65 23 -90 19 11 18 -100 -2 -100 -11 -100 9 67 -5 69 3 -93 31 -98 -3 -91 6 14 33 -96 20 19 25 -101 9 -91 -14 11 1 0.356636 528 30 -3 -13 -1 30 -14 -8 8 -10 1 23 40 -15 0 -10 4 -14 9 -1 36 -22 -1 0 39 -8 7 -13 11 29 -8 -22 -1 8 34 -7 2 28 -13 22 -6 -11 -1 22 -15 -14 5 3 9 29 -9 -1 10 26 -18 30 -22 29 5 9 29 -4 10 1 33 -13 31 27 -28 -15 -7 -1 5 -11 20 -5 5 21 -3 -4 -12 4 -2 26 9 -5 -19 -10 -1 4 -1 22 -8 5 31 2 38 -12 -26 25 -12 0 -13 1 12 -14 -9 27 -2 22 -13 2 -15 4 -16 0 10 22 -9 29 -40 -6 -15 -15 -24 -3 -12 30 -1 27 3 3 5 30 6 7 41 26 -1 -3 -15 -6 -7 -5 45 22 -3 5 39 -21 -14 6 31 19 15 29 -53 29 -25 -6 -2 -15 2 24 7 -15 -9 4 -20 11 -5 0 -21 -1 4 23 2 27 -14 -1 -9 -9 -8 -9 -7 21 -8 -7 -6 5 43 -6 3 -8 -13 -12 -14 -2 26 -1 -30 2 7 -15 1 3 21 -4 6 5 42 -3 62 -8 40 9 -8 -8 -17 21 -54 28 -10 -14 -12 5 31 1 43 -11 -26 25 -25 -18 -5 26 38 -8 45 -6 -16 -2 23 1 14 -13 29 9 -18 -15 -25 -17 -33 -12 -37 -18 -3 -2 -31 -10 -25 9 8 0 -27 10 0 -15 -32 -20 -41 0 4 -11 37 -17 5 6 -20 21 20 -11 -2 2 -3 9 30 1 -30 21 -24 -19 -27 26 37 27 -15 -13 -29 20 0 5 -2 27 3 29 -19 -11 -11 3 -12 -21 -30 1 40 -5 -30 5 4 -8 -15 -15 18 25 42 -13 -10 -8 -31 20 -35 9 8 10 12 -10 -36 -9 -19 -8 -8 1 -24 26 41 -9 -8 21 15 -6 0 -9 -30 -4 -13 -22 1 21 3 -14 -27 14 13 20 -53 -12 -26 5 -34 -13 28 -4 -22 -14 -18 7 -35 -4 1 5 -17 -14 -30 6 -22 13 -9 -13 -34 3 -14 -3 6 17 44 -22 -2 -3 2 20 -22 -6 -20 -4 10 -4 -19 -9 -32 3 -36 16 21 4 -3 1 23 -15 -8 2 -8 -14 42 12 23 8 7 -28 -37 12 -4 -9 -30 -9 38 -16 -35 -5 39 15 -51 0 -26 -18 -20 -17 -23 11 22 -27 -2 -15 -24 7 -12 -4 21 -12 -37 12 -12 8 -39 -26 -7 -1 18 -12 4 -21 -28 1 -29 21 -55 -3 9 -4 -19 28 3 -3 -34 -17 -25 22 -34 -16 -1 21 -53 -24 -8 -19 -36 -22 -9 -22 -35 -16 -36 8 42 20 11 -27 39 -16 -12 -17 -19 28 31 -17 -21 -15 -17 -20 -12 15 43 3 9 -22 -40 3 12 -28 -30 26 31 7 -20 26 -51 26 -21 5 -6 -28 -3 -21 -15 -13 14 0 -18 -20 -26 -19 -9 -20 -32 -23 -7 -29 -14 -22 -5 9 -30 -26 -19 -19 -3 -25 -31 -8 -40 -23 56 -12 -37 -28 -5 -29 -3 -23 -11 -3 7 -28 -19 -29 -28 -29 53 26 20 -23 -13 25 -62 -22 42 -14 -26 -29 33 -17 62 -24 62 -27 -6 -14 -32 3 31 27 -23 -22 -8 19 -49 -27 -35 -24 -20 5 -21 -24 -35 -25 0 30 -33 -22 -8 -5 -20 20 -56 -22 43 -25 -37 26 -30 -29 -12 30 54 -21 -22 -1 40 27 -12 30 -23 6 10 24 6 1 10 25 12 19 -50 11 36 -9 -26 -2 11 -2 -28 24 -32 -15 -5 -20 -35 -24 -9 7 21 8 20 19 49 0 -34 16 -50 26 -32 -12 -34 15 -3 -29 -35 -16 -35 28 -29 7 37 -18 -14 8 23 -7 -22 -8 -8 -1 20 -26 -32 -4 -26 -22 -4 -5 6 -5 30 23 -51 -13 -28 30 52 -17 -33 6 -39 25 -28 -4 8 6 -23 -10 14 26 -34 -27 -23 -8 -37 20 44 7 24 0 17 8 -9 -16 -7 28 8 -24 -13 -1 -39 16 -33 4 -30 5 -33 -11 13 3 -20 2 23 -21 -2 26 -30 -2 24 2 -19 -2 -26 6 -40 2 16 2 14 30 -47 24 -23 8 -18 28 45 21 -51 25 -21 -5 -13 2 8 -5 7 6 -35 22 56 -5 12 -23 -12 -5 16 8 -19 -8 -17 -16 -39 4 23 -3 27 -2 19 18 -42 -23 39 -23 41 -11 -39 25 -49 3 -38 7 -32 3 33 25 48 -4 6 -7 8 -3 -32 29 -47 19 -49 -9 46 2 29 -2 22 -15 11 3 11 16 -50 -1 -20 26 -45 -2 29 0 25 -7 24 25 13 3 -25 -4 18 28 48 -10 25 -5 18 -6 -32 18 -51 -5 -34 30 -39 17 -49 16 -14 12 -43 21 -19 21 -33 19 33 -4 -1 25 57 2 -38 5 15 -6 -18 12 -3 8 -30 17 -50 15 -18 28 22 7 -36 29 -36 19 -49 2 30 18 -49 -6 24 3 33 1 29 21 -48 7 8 22 -38 -3 44 -9 62 16 -52 -1 32 28 54 28 13 3 -34 5 -36 26 51 25 49 22 7 9 28 24 -22 20 3 23 53 6 -36 -4 23 17 62 8 26 25 -47 -5 20 -20 44 -11 8 1 15 -9 -44 10 -35 -12 -35 26 -45 -5 -31 25 17 24 -48 -3 -44 -1 24 -4 -45 -22 40 9 -36 28 -13 17 29 15 -47 -14 42 9 34 3 25 -19 42 -19 40 26 11 17 5 27 -41 -12 -42 19 24 -15 39 25 25 24 -33 2 0.517884 926 40 -7 16 17 24 23 30 -42 -12 22 -15 -26 -1 -46 3 9 23 16 -4 -25 30 -22 -7 8 -13 -24 26 -38 24 -40 10 -9 32 61 36 -38 7 -30 37 -25 12 21 -6 -6 -39 7 28 82 27 -50 34 17 -12 7 -5 -19 45 -26 20 4 24 -25 33 -20 16 14 30 25 10 -11 -11 9 44 11 -16 -25 -4 5 41 -36 -6 14 11 13 53 5 23 -27 35 21 -21 -19 34 -26 30 16 -1 45 32 -52 -30 52 -18 -39 34 -12 6 22 17 26 18 -40 32 -38 -15 -50 -8 -69 -11 -38 -13 -1 6 -2 3 -38 3 -40 25 12 -19 -42 48 25 0 24 -25 -36 -18 -8 28 -50 -10 -2 41 34 -9 0 12 43 -7 11 26 25 26 -27 9 5 47 18 44 15 10 5 24 4 5 -37 9 -12 1 -1 -13 9 35 -77 -10 9 -10 -5 -25 36 46 23 -23 -4 46 -7 -33 -55 27 44 -11 24 -27 -71 -31 -78 17 -33 -18 -43 27 -74 0 -38 32 52 30 19 4 11 37 40 54 9 15 -40 -25 -48 42 -19 6 15 2 -43 -12 -38 -19 -2 -4 -9 27 22 -22 -71 -11 60 41 -4 40 55 -13 -13 43 -6 46 -10 28 -18 -27 -68 -6 23 44 -10 54 -12 7 -34 3 8 29 7 -10 15 41 -40 14 23 -13 -8 -32 6 -14 -18 -36 41 18 -86 -9 66 0 4 36 -17 41 -24 32 -46 -6 4 7 -16 31 -27 23 -45 10 -23 -27 40 48 34 26 17 -7 29 12 -31 -3 65 -29 -5 -2 -94 -7 -34 18 -8 43 -28 31 -15 46 10 0 29 40 -14 6 -18 -8 -44 33 -41 38 -26 25 44 9 40 19 33 24 -51 -4 37 8 -26 -9 8 25 38 54 12 -29 10 16 -25 -25 -49 35 6 29 2 -14 35 -26 -16 10 -49 28 -29 -2 17 -7 12 33 -17 -25 -25 17 -54 17 -62 -11 -37 -2 43 31 -30 -25 -6 33 27 7 44 26 47 -3 51 11 -23 -5 -43 37 -37 49 -50 -21 -49 21 14 36 -11 39 3 25 -27 29 33 -1 -27 -18 -26 -27 -14 10 24 -7 -80 -23 -11 49 55 44 -48 26 -91 -9 30 13 -47 26 97 21 -5 11 -52 10 -12 6 -14 -12 33 41 -22 -31 -51 -28 -48 12 -41 2 62 -27 -55 23 -1 13 24 -33 38 -24 -29 22 -47 44 5 26 -1 -27 -68 20 -38 -28 89 -9 22 -25 33 8 -17 -51 -25 34 -16 3 -21 28 9 43 -40 -12 -52 -20 -62 24 -26 12 82 -20 -29 -15 -75 38 -20 -33 -22 -19 -98 42 42 45 -14 -25 -11 -22 -56 -5 10 -23 -24 -28 -16 31 -47 23 87 -14 -49 35 -93 34 -3 -1 45 33 -19 13 14 -43 34 -15 15 -36 68 46 -48 14 -14 26 -38 4 -20 20 -6 21 16 -43 72 -51 53 29 -26 -50 -18 -34 -27 -23 -27 -43 33 17 3 7 -60 -13 30 -8 -75 -36 -14 33 30 6 -1 41 88 22 -43 -28 -50 -34 37 15 -23 13 -45 -13 -34 -3 -11 11 3 -41 -27 -36 -36 -46 42 -10 -12 53 35 52 -37 46 68 0 -27 -49 -67 49 -37 -41 31 -43 -43 -30 43 -45 8 50 -35 -30 37 -45 -27 -42 29 16 -1 -42 -32 -45 35 47 79 -42 -31 -41 7 0 -28 42 -22 -37 28 -18 -36 -23 47 -35 -46 -27 90 26 -20 23 -38 -29 -21 48 62 27 -35 -12 87 -43 -19 -29 -17 23 14 -46 -28 -44 2 44 -4 -30 -25 -45 5 -20 -19 -28 -13 -33 -36 -35 63 -49 -22 -32 -9 7 94 -51 -46 26 36 50 84 -16 -76 -52 -36 27 13 -35 6 -49 13 -30 -45 -38 -24 -50 -36 -50 -37 -19 -31 19 -26 -42 -2 -46 39 52 -29 2 -68 -32 31 -48 82 -36 -33 3 97 -38 41 17 -42 -27 -52 -38 -51 -42 -25 -47 -29 7 -59 16 3 -27 51 -24 -50 -42 -29 39 -70 50 -44 -37 90 -49 -46 -17 56 -43 -3 -48 21 14 -68 -15 -60 -41 -14 46 15 -47 32 -45 1 -39 -4 -25 -14 -45 78 -30 -40 42 -49 51 -28 -34 41 -45 -62 -7 -2 -39 42 -42 67 -40 76 -48 -28 -25 34 -46 2 -36 -2 53 36 -40 -24 -49 21 -37 -39 49 38 -43 -19 49 30 -40 -46 -51 -42 -40 -27 -46 -11 -42 -46 -50 -12 48 19 -1 10 -36 78 -27 -37 -36 -12 18 -22 -36 103 -25 82 -14 -53 -36 46 -10 -2 -43 22 -51 -75 31 20 -24 52 -44 44 -26 48 -29 -49 -25 68 -38 34 -35 33 22 -3 -29 -47 -44 28 -2 -100 -43 11 -45 -47 -26 44 -37 -3 6 3 -38 -93 -24 19 -44 -67 -33 36 -26 50 2 -8 53 31 -14 52 -43 -90 52 -94 -38 35 -52 -43 -34 -21 -29 -22 -47 46 42 28 -51 67 -33 -46 4 -26 -33 15 43 44 -43 14 -2 -13 -26 9 -49 -30 -52 5 -38 35 -37 107 -52 -36 -28 25 -47 -47 -43 38 -42 19 -47 29 47 3 34 88 -37 39 -48 27 -44 -41 -48 -21 24 71 -42 -36 -45 21 -49 38 -30 -38 -45 37 -42 38 -18 7 -52 -11 -48 71 -38 -8 -22 -41 -46 45 -40 17 -42 -40 -25 49 37 25 27 85 -37 -23 30 11 31 -80 25 -65 -49 19 -36 -34 -36 -22 54 -42 -11 106 -11 -37 -9 70 -40 -13 18 -70 -31 -10 -42 -28 -24 39 1 36 32 -27 -42 33 -28 -29 26 -14 -23 41 -36 42 24 -32 -36 16 -8 49 11 -18 26 -10 -26 -13 25 -8 -30 -102 41 -40 -16 15 -38 -45 -51 5 7 5 24 5 -41 -5 -2 92 -48 68 48 -18 -45 65 -40 47 21 -21 -11 48 -20 106 -16 53 24 -37 -52 -88 -8 18 -8 -35 -37 -14 -21 -8 50 -60 -46 76 -21 23 -21 108 -9 99 -19 29 -2 100 40 36 -48 74 -30 39 18 108 -22 76 1 -17 20 43 -16 96 51 -58 -36 -66 12 -35 52 -31 22 89 -19 13 44 -3 -26 16 42 -68 -21 20 -26 1 16 80 -6 -107 -18 -39 25 69 -41 -82 -11 95 -36 30 -31 -43 -34 -54 -51 -52 16 1 -30 -32 8 -18 6 29 11 103 0 -3 -21 -57 20 -14 17 -13 38 6 -19 20 15 100 -11 -28 9 47 4 50 41 -67 -47 -89 15 -6 -53 8 40 -37 32 -51 19 28 -9 -44 8 33 4 -33 -47 42 -24 40 13 38 -6 43 -25 24 -10 -86 -36 -107 18 -19 37 22 -16 41 -30 -44 -17 41 4 -70 36 -31 27 -31 42 -19 33 -87 -2 -22 -33 -12 7 -25 34 53 2 80 38 30 47 -36 7 -40 -12 -13 22 39 42 -80 -25 -99 -33 -35 47 -45 -43 -15 -17 -32 -26 -10 13 53 -10 -49 5 50 39 29 30 9 -22 36 -6 -13 35 36 48 23 -1 -2 28 -33 10 40 32 5 26 -48 26 -87 11 -44 -43 -50 4 -53 3 43 27 56 -30 -31 26 -30 5 103 20 -90 37 33 11 28 30 -48 -2 -5 -26 -8 31 -41 20 29 -9 107 -32 46 23 52 35 -75 23 68 -2 -6 -12 1 -23 23 3 -69 18 -1 16 -87 16 41 -6 -8 31 -13 -19 10 42 -4 39 -18 -30 59 -11 25 -43 -41 -16 -4 -23 -5 -27 -5 -20 -25 54 -37 -20 11 -42 -34 -9 -31 -21 -65 37 8 -27 -18 28 -69 -41 -95 1 -61 -25 -84 1 -41 5 41 27 -47 -31 -31 46 30 32 -7 42 -43 24 0 7 -83 28 29 23 36 26 16 44 -6 2 -38 -1 -17 40 -44 41 -52 23 31 25 14 34 -24 27 45 -19 44 -49 -96 18 83 -21 -40 6 68 23 52 12 30 20 21 6 -20 16 0 51 -33 7 31 -43 -104 -24 -103 -29 21 4 -14 -43 -107 -29 3 -22 63 32 31 5 -45 8 50 0 -17 -7 36 -26 -29 -1 -18 25 26 3 -18 5 -46 16 3 6 40 8 -48 20 50 9 36 -28 47 -22 -13 -5 39 -25 -78 30 -19 11 25 44 -28 -12 -84 -5 53 -28 -75 18 -1 27 29 33 33 -13 -96 30 53 36 -10 -17 -19 -14 14 -3 77 -27 -102 30 37 54 -52 -23 64 49 -34 -20 -13 -9 40 -28 -83 39 -103 -24 -29 16 12 30 48 -11 41 -11 -24 6 -22 -23 -38 -27 -42 -6 44 7 -41 28 79 35 50 27 7 -17 -27 -14 54 -12 41 -1 35 -11 3 11 64 2 36 24 104 29 46 -17 21 -9 -22 1 -2 -7 -21 -25 20 -15 -106 7 -90 -5 52 27 45 40 33 -17 -6 -20 -108 25 12 40 50 7 36 51 29 -25 39 44 -31 -26 35 32 65 -3 73 -13 27 18 19 30 17 15 64 -6 -78 -21 -16 -15 -4 42 39 47 -38 -7 57 -7 40 42 37 3 39 -9 37 27 -17 -11 -100 -23 37 -18 36 -32 16 27 -40 26 29 -15 37 -24 57 9 -104 -14 46 18 40 49 -47 0 72 -7 35 -30 21 7 -92 -10 74 -1 77 51 -48 -16 33 -19 12 -19 39 51 -49 25 -47 -22 31 7 -5 40 42 -6 35 -19 43 -19 38 -4 81 47 26 39 41 -14 -5 24 35 -12 28 21 36 27 -52 31 38 -5 31 6 10 8 38 -17 29 8 25 -2 81 -21 42 27 47 9 -10 
6 3 3 0 0.568966 3 -20 -12 3 16 -12 16 1 0.268293 1 27 19 2 0.908257 9 1 23 -12 22 -29 -16 -18 -4 -19 -25 17 16 -14 -33 17 22 21 12 
7 3 1 1 0.995188 47 -15 9 -19 11 -20 11 -24 16 -18 4 -20 11 -22 5 -19 4 -23 5 -14 8 -21 32 -17 29 -20 6 -18 2 -25 32 -21 4 -24 15 -11 3 -20 20 -21 31 -10 9 -20 7 -22 26 -6 33 -9 5 -17 5 -23 32 -20 12 -25 34 -25 7 -25 30 -26 26 -27 18 -24 22 -28 8 -28 18 -25 10 -18 4 -26 22 -17 8 -23 25 -24 30 -20 0 -21 12 -21 7 -22 4 -24 1 
8 3 2 0 0.992481 60 27 -97 -24 -59 -1 -61 -26 -53 -4 60 -14 3 -12 50 -6 58 -6 59 -17 -29 -26 -77 -23 40 -25 -67 -13 59 -4 58 -23 46 13 54 1 56 -25 -44 -23 -29 -25 -79 -24 10 1 -95 -19 -95 2 -96 -20 -39 -22 -8 -19 65 -16 -96 16 -99 21 -96 18 -96 -5 55 -20 -4 8 -97 20 -98 -20 -28 -16 52 -19 -10 -24 -42 15 -99 15 -98 -26 -58 -22 0 -23 -61 -22 51 -24 33 -16 53 -25 21 23 57 -25 17 15 60 -24 25 20 5 -26 34 -24 29 15 59 -21 -1 13 64 10 63 2 0.127907 2 -2 7 27 44 
9 3 2 0 0.568966 3 23 13 18 13 8 15 2 0.93617 10 -24 7 -27 17 -9 21 9 -33 6 -30 5 -30 19 23 19 26 45 -38 0 -79 
10 3 2 0 0.976636 38 2 -73 21 30 3 41 21 32 2 -54 -29 54 -1 43 -19 -72 -21 39 1 13 11 39 7 -74 20 -38 -12 42 1 -67 -20 67 -15 9 -12 40 -5 40 0 -62 -7 37 -25 -37 -12 43 -6 63 -25 -37 -2 38 -3 -68 -6 73 -6 -41 -33 -41 3 -58 -19 41 -28 -70 -11 61 -12 40 -16 73 -12 63 -29 41 2 0.316547 4 15 93 -32 23 -1 -40 3 81 
11 3 3 0 0.0461216 1 -3 34 1 0.957603 77 -23 47 -13 39 -19 24 -17 24 -22 23 -29 36 -26 25 -23 29 -23 27 -22 39 -14 30 -25 35 -20 45 -14 37 -16 33 -15 33 -24 19 -20 38 -17 20 -20 40 -24 25 -23 19 -16 24 -14 16 -23 14 -5 39 -15 34 -12 30 -24 33 -25 36 -23 18 -20 39 -24 29 -22 18 -7 36 -12 26 -11 28 -22 13 -14 43 -20 26 -12 36 -16 29 -22 18 -21 28 -21 31 -11 32 -16 35 -15 20 -14 16 -15 41 -22 18 -20 32 -23 28 -22 21 -4 17 -18 27 -22 25 -21 25 -17 38 -13 28 -7 36 -15 29 -12 37 -12 36 -12 41 -10 43 -10 41 -11 44 -17 22 -4 44 -14 41 -7 14 -9 21 -21 18 -19 22 -11 22 -6 26 2 0.234875 6 -14 -23 -4 87 16 44 12 35 -19 12 3 37 
12 3 1 1 0.985614 109 -5 -57 0 -53 -7 -48 -2 -60 -1 -50 -11 -52 5 -50 -6 -62 -7 -54 -10 -60 -17 -19 6 -50 -15 -50 -9 -49 6 -62 -5 -42 -8 -48 -23 -51 -12 -45 -17 -50 -17 -41 3 -47 9 -48 -21 -53 -17 -47 -11 -3 -11 -47 -23 -43 -18 -49 -14 -45 -15 -43 -8 -49 -13 -49 -8 -53 -24 -49 -27 -49 -20 -47 -20 -45 -9 -41 -20 -50 -6 -53 -7 -43 6 -44 -21 -53 -24 -46 5 -61 -9 -54 -21 -46 -21 -43 -27 -43 -22 -47 -3 -57 7 -58 -9 -56 -9 -55 -9 -44 -24 -43 9 -51 11 -54 -26 -46 -2 -47 -10 -53 -14 -57 -8 -48 1 -44 -24 -35 3 -48 0 -50 -24 -51 1 -47 -16 -58 -29 -46 1 -62 -24 -57 -22 -56 6 -59 8 -44 3 -47 -20 -50 14 -58 5 -51 19 -44 8 -50 8 -47 -20 -52 8 -43 4 -51 12 -42 16 -48 12 -42 18 -55 12 -44 -22 -45 18 -59 13 -46 13 -44 7 -47 9 -52 8 -50 -23 -51 16 -50 17 -28 15 9 13 -41 13 -47 18 -14 10 -42 20 -50 13 -41 
