10 80 2
0 0 -1 6 0 0 0 18 8 0 0 4 27 
1 1 -1 18 16 0 0 4 1 0 0 17 -21 
2 1 -1 7 15 0 0 14 16 0 0 13 57 
3 2 -1 17 10 0 0 4 10 0 0 0 48 
4 2 -1 14 3 0 0 4 2 0 0 4 12 
5 2 -1 13 8 0 0 0 14 0 0 0 65 
6 2 -1 7 1 0 0 0 6 0 0 20 -1 
7 3 -1 0 4 0 0 4 16 0 0 18 12 
8 3 8 0 0 0 0 0 0 0 0 0 0 
9 3 -1 16 3 0 0 3 17 0 0 17 23 
10 3 -1 15 3 0 0 18 6 0 0 7 28 
11 3 -1 11 7 0 0 8 15 0 0 1 16 
12 3 77 0 0 0 0 0 0 0 0 0 0 
13 3 78 0 0 0 0 0 0 0 0 0 0 
14 3 79 0 0 0 0 0 0 0 0 0 0 
15 4 -1 18 11 0 0 1 5 0 0 18 -14 
16 4 7 0 0 0 0 0 0 0 0 0 0 
17 4 0 0 0 0 0 0 0 0 0 0 0 
18 4 0 0 0 0 0 0 0 0 0 0 0 
19 4 -1 15 16 0 0 5 3 0 0 2 3 
20 4 -1 2 7 0 0 19 9 0 0 1 5 
21 4 -1 12 14 0 0 14 18 0 0 14 -4 
22 4 -1 18 18 0 0 4 15 0 0 0 -27 
23 4 -1 11 15 0 0 16 1 0 0 15 -2 
24 4 -1 2 12 0 0 7 12 0 0 5 -32 
25 4 0 0 0 0 0 0 0 0 0 0 0 
26 4 0 0 0 0 0 0 0 0 0 0 0 
27 4 0 0 0 0 0 0 0 0 0 0 0 
28 4 0 0 0 0 0 0 0 0 0 0 0 
29 4 0 0 0 0 0 0 0 0 0 0 0 
30 4 0 0 0 0 0 0 0 0 0 0 0 
31 5 0 0 0 0 0 0 0 0 0 0 0 
32 5 -1 1 16 0 0 6 2 0 0 2 54 
33 5 0 0 0 0 0 0 0 0 0 0 0 
34 5 0 0 0 0 0 0 0 0 0 0 0 
35 5 0 0 0 0 0 0 0 0 0 0 0 
36 5 0 0 0 0 0 0 0 0 0 0 0 
37 5 0 0 0 0 0 0 0 0 0 0 0 
38 5 0 0 0 0 0 0 0 0 0 0 0 
39 5 -1 7 2 0 0 0 10 0 0 0 -5 
40 5 -1 8 0 0 0 18 0 0 0 14 5 
41 5 -1 10 4 0 0 2 2 0 0 13 37 
42 5 40 0 0 0 0 0 0 0 0 0 0 
43 5 -1 7 16 0 0 17 5 0 0 7 -62 
44 5 -1 8 13 0 0 19 13 0 0 10 6 
45 5 51 0 0 0 0 0 0 0 0 0 0 
46 5 -1 6 3 0 0 16 0 0 0 19 1 
47 5 -1 3 9 0 0 6 1 0 0 7 -166 
48 5 -1 9 8 0 0 4 18 0 0 15 -50 
49 5 70 0 0 0 0 0 0 0 0 0 0 
50 5 -1 15 11 0 0 5 13 0 0 6 70 
51 5 0 0 0 0 0 0 0 0 0 0 0 
52 5 0 0 0 0 0 0 0 0 0 0 0 
53 5 0 0 0 0 0 0 0 0 0 0 0 
54 5 0 0 0 0 0 0 0 0 0 0 0 
55 5 0 0 0 0 0 0 0 0 0 0 0 
56 5 0 0 0 0 0 0 0 0 0 0 0 
57 5 0 0 0 0 0 0 0 0 0 0 0 
58 5 0 0 0 0 0 0 0 0 0 0 0 
59 5 0 0 0 0 0 0 0 0 0 0 0 
60 5 0 0 0 0 0 0 0 0 0 0 0 
61 5 0 0 0 0 0 0 0 0 0 0 0 
62 5 0 0 0 0 0 0 0 0 0 0 0 
63 6 0 0 0 0 0 0 0 0 0 0 0 
64 6 0 0 0 0 0 0 0 0 0 0 0 
65 6 -1 1 17 0 0 17 12 0 0 3 40 
66 6 6 0 0 0 0 0 0 0 0 0 0 
67 6 0 0 0 0 0 0 0 0 0 0 0 
68 6 0 0 0 0 0 0 0 0 0 0 0 
69 6 0 0 0 0 0 0 0 0 0 0 0 
70 6 0 0 0 0 0 0 0 0 0 0 0 
71 6 0 0 0 0 0 0 0 0 0 0 0 
72 6 0 0 0 0 0 0 0 0 0 0 0 
73 6 0 0 0 0 0 0 0 0 0 0 0 
74 6 0 0 0 0 0 0 0 0 0 0 0 
75 6 0 0 0 0 0 0 0 0 0 0 0 
76 6 0 0 0 0 0 0 0 0 0 0 0 
77 6 0 0 0 0 0 0 0 0 0 0 0 
78 6 0 0 0 0 0 0 0 0 0 0 0 
79 6 -1 16 3 0 0 10 2 0 0 3 -4 
80 6 -1 0 11 0 0 16 14 0 0 16 -166 
81 6 -1 2 3 0 0 8 17 0 0 16 -16 
82 6 -1 4 1 0 0 0 11 0 0 5 8 
83 6 -1 5 2 0 0 4 10 0 0 0 12 
84 6 39 0 0 0 0 0 0 0 0 0 0 
85 6 0 0 0 0 0 0 0 0 0 0 0 
86 6 0 0 0 0 0 0 0 0 0 0 0 
87 6 41 0 0 0 0 0 0 0 0 0 0 
88 6 -1 6 12 0 0 17 0 0 0 3 -4 
89 6 -1 3 18 0 0 9 16 0 0 0 3 
90 6 -1 19 10 0 0 12 3 0 0 14 4 
91 6 0 0 0 0 0 0 0 0 0 0 0 
92 6 0 0 0 0 0 0 0 0 0 0 0 
93 6 -1 18 9 0 0 3 16 0 0 9 -72 
94 6 57 0 0 0 0 0 0 0 0 0 0 
95 6 58 0 0 0 0 0 0 0 0 0 0 
96 6 -1 14 4 0 0 2 12 0 0 13 -47 
97 6 -1 3 17 0 0 14 8 0 0 18 -57 
98 6 69 0 0 0 0 0 0 0 0 0 0 
99 6 0 0 0 0 0 0 0 0 0 0 0 
100 6 0 0 0 0 0 0 0 0 0 0 0 
101 6 -1 13 13 0 0 6 19 0 0 10 121 
102 6 76 0 0 0 0 0 0 0 0 0 0 
103 6 0 0 0 0 0 0 0 0 0 0 0 
104 6 0 0 0 0 0 0 0 0 0 0 0 
105 6 0 0 0 0 0 0 0 0 0 0 0 
106 6 0 0 0 0 0 0 0 0 0 0 0 
107 6 0 0 0 0 0 0 0 0 0 0 0 
108 6 0 0 0 0 0 0 0 0 0 0 0 
109 6 0 0 0 0 0 0 0 0 0 0 0 
110 6 0 0 0 0 0 0 0 0 0 0 0 
111 6 0 0 0 0 0 0 0 0 0 0 0 
112 6 0 0 0 0 0 0 0 0 0 0 0 
113 6 0 0 0 0 0 0 0 0 0 0 0 
114 6 0 0 0 0 0 0 0 0 0 0 0 
115 6 0 0 0 0 0 0 0 0 0 0 0 
116 6 0 0 0 0 0 0 0 0 0 0 0 
117 6 0 0 0 0 0 0 0 0 0 0 0 
118 6 0 0 0 0 0 0 0 0 0 0 0 
119 6 0 0 0 0 0 0 0 0 0 0 0 
120 6 0 0 0 0 0 0 0 0 0 0 0 
121 6 0 0 0 0 0 0 0 0 0 0 0 
122 6 0 0 0 0 0 0 0 0 0 0 0 
123 6 0 0 0 0 0 0 0 0 0 0 0 
124 6 0 0 0 0 0 0 0 0 0 0 0 
125 6 0 0 0 0 0 0 0 0 0 0 0 
126 6 0 0 0 0 0 0 0 0 0 0 0 
127 7 0 0 0 0 0 0 0 0 0 0 0 
128 7 0 0 0 0 0 0 0 0 0 0 0 
129 7 0 0 0 0 0 0 0 0 0 0 0 
130 7 0 0 0 0 0 0 0 0 0 0 0 
131 7 -1 9 16 0 0 5 1 0 0 12 150 
132 7 5 0 0 0 0 0 0 0 0 0 0 
133 7 0 0 0 0 0 0 0 0 0 0 0 
134 7 0 0 0 0 0 0 0 0 0 0 0 
135 7 0 0 0 0 0 0 0 0 0 0 0 
136 7 0 0 0 0 0 0 0 0 0 0 0 
137 7 0 0 0 0 0 0 0 0 0 0 0 
138 7 0 0 0 0 0 0 0 0 0 0 0 
139 7 0 0 0 0 0 0 0 0 0 0 0 
140 7 0 0 0 0 0 0 0 0 0 0 0 
141 7 0 0 0 0 0 0 0 0 0 0 0 
142 7 0 0 0 0 0 0 0 0 0 0 0 
143 7 0 0 0 0 0 0 0 0 0 0 0 
144 7 0 0 0 0 0 0 0 0 0 0 0 
145 7 0 0 0 0 0 0 0 0 0 0 0 
146 7 0 0 0 0 0 0 0 0 0 0 0 
147 7 0 0 0 0 0 0 0 0 0 0 0 
148 7 0 0 0 0 0 0 0 0 0 0 0 
149 7 0 0 0 0 0 0 0 0 0 0 0 
150 7 0 0 0 0 0 0 0 0 0 0 0 
151 7 0 0 0 0 0 0 0 0 0 0 0 
152 7 0 0 0 0 0 0 0 0 0 0 0 
153 7 0 0 0 0 0 0 0 0 0 0 0 
154 7 0 0 0 0 0 0 0 0 0 0 0 
155 7 0 0 0 0 0 0 0 0 0 0 0 
156 7 0 0 0 0 0 0 0 0 0 0 0 
157 7 0 0 0 0 0 0 0 0 0 0 0 
158 7 0 0 0 0 0 0 0 0 0 0 0 
159 7 -1 0 8 0 0 7 8 0 0 16 14 
160 7 -1 13 2 0 0 4 13 0 0 17 8 
161 7 17 0 0 0 0 0 0 0 0 0 0 
162 7 -1 18 10 0 0 3 4 0 0 18 4 
163 7 -1 13 10 0 0 6 18 0 0 12 -20 
164 7 -1 10 4 0 0 8 2 0 0 2 -2 
165 7 -1 13 14 0 0 17 8 0 0 1 9 
166 7 34 0 0 0 0 0 0 0 0 0 0 
167 7 -1 9 4 0 0 6 17 0 0 18 0 
168 7 38 0 0 0 0 0 0 0 0 0 0 
169 7 0 0 0 0 0 0 0 0 0 0 0 
170 7 0 0 0 0 0 0 0 0 0 0 0 
171 7 0 0 0 0 0 0 0 0 0 0 0 
172 7 0 0 0 0 0 0 0 0 0 0 0 
173 7 0 0 0 0 0 0 0 0 0 0 0 
174 7 0 0 0 0 0 0 0 0 0 0 0 
175 7 0 0 0 0 0 0 0 0 0 0 0 
176 7 0 0 0 0 0 0 0 0 0 0 0 
177 7 -1 15 2 0 0 2 15 0 0 16 -22 
178 7 44 0 0 0 0 0 0 0 0 0 0 
179 7 -1 19 0 0 0 9 8 0 0 2 -8 
180 7 -1 13 7 0 0 5 8 0 0 11 -26 
181 7 49 0 0 0 0 0 0 0 0 0 0 
182 7 50 0 0 0 0 0 0 0 0 0 0 
183 7 0 0 0 0 0 0 0 0 0 0 0 
184 7 0 0 0 0 0 0 0 0 0 0 0 
185 7 0 0 0 0 0 0 0 0 0 0 0 
186 7 0 0 0 0 0 0 0 0 0 0 0 
187 7 52 0 0 0 0 0 0 0 0 0 0 
188 7 -1 14 4 0 0 13 6 0 0 6 -66 
189 7 0 0 0 0 0 0 0 0 0 0 0 
190 7 0 0 0 0 0 0 0 0 0 0 0 
191 7 0 0 0 0 0 0 0 0 0 0 0 
192 7 0 0 0 0 0 0 0 0 0 0 0 
193 7 59 0 0 0 0 0 0 0 0 0 0 
194 7 -1 9 11 0 0 16 6 0 0 12 -87 
195 7 64 0 0 0 0 0 0 0 0 0 0 
196 7 -1 2 10 0 0 7 9 0 0 2 31 
197 7 0 0 0 0 0 0 0 0 0 0 0 
198 7 0 0 0 0 0 0 0 0 0 0 0 
199 7 0 0 0 0 0 0 0 0 0 0 0 
200 7 0 0 0 0 0 0 0 0 0 0 0 
201 7 0 0 0 0 0 0 0 0 0 0 0 
202 7 0 0 0 0 0 0 0 0 0 0 0 
203 7 -1 13 6 0 0 11 16 0 0 2 6 
204 7 75 0 0 0 0 0 0 0 0 0 0 
205 7 0 0 0 0 0 0 0 0 0 0 0 
206 7 0 0 0 0 0 0 0 0 0 0 0 
207 7 0 0 0 0 0 0 0 0 0 0 0 
208 7 0 0 0 0 0 0 0 0 0 0 0 
209 7 0 0 0 0 0 0 0 0 0 0 0 
210 7 0 0 0 0 0 0 0 0 0 0 0 
211 7 0 0 0 0 0 0 0 0 0 0 0 
212 7 0 0 0 0 0 0 0 0 0 0 0 
213 7 0 0 0 0 0 0 0 0 0 0 0 
214 7 0 0 0 0 0 0 0 0 0 0 0 
215 7 0 0 0 0 0 0 0 0 0 0 0 
216 7 0 0 0 0 0 0 0 0 0 0 0 
217 7 0 0 0 0 0 0 0 0 0 0 0 
218 7 0 0 0 0 0 0 0 0 0 0 0 
219 7 0 0 0 0 0 0 0 0 0 0 0 
220 7 0 0 0 0 0 0 0 0 0 0 0 
221 7 0 0 0 0 0 0 0 0 0 0 0 
222 7 0 0 0 0 0 0 0 0 0 0 0 
223 7 0 0 0 0 0 0 0 0 0 0 0 
224 7 0 0 0 0 0 0 0 0 0 0 0 
225 7 0 0 0 0 0 0 0 0 0 0 0 
226 7 0 0 0 0 0 0 0 0 0 0 0 
227 7 0 0 0 0 0 0 0 0 0 0 0 
228 7 0 0 0 0 0 0 0 0 0 0 0 
229 7 0 0 0 0 0 0 0 0 0 0 0 
230 7 0 0 0 0 0 0 0 0 0 0 0 
231 7 0 0 0 0 0 0 0 0 0 0 0 
232 7 0 0 0 0 0 0 0 0 0 0 0 
233 7 0 0 0 0 0 0 0 0 0 0 0 
234 7 0 0 0 0 0 0 0 0 0 0 0 
235 7 0 0 0 0 0 0 0 0 0 0 0 
236 7 0 0 0 0 0 0 0 0 0 0 0 
237 7 0 0 0 0 0 0 0 0 0 0 0 
238 7 0 0 0 0 0 0 0 0 0 0 0 
239 7 0 0 0 0 0 0 0 0 0 0 0 
240 7 0 0 0 0 0 0 0 0 0 0 0 
241 7 0 0 0 0 0 0 0 0 0 0 0 
242 7 0 0 0 0 0 0 0 0 0 0 0 
243 7 0 0 0 0 0 0 0 0 0 0 0 
244 7 0 0 0 0 0 0 0 0 0 0 0 
245 7 0 0 0 0 0 0 0 0 0 0 0 
246 7 0 0 0 0 0 0 0 0 0 0 0 
247 7 0 0 0 0 0 0 0 0 0 0 0 
248 7 0 0 0 0 0 0 0 0 0 0 0 
249 7 0 0 0 0 0 0 0 0 0 0 0 
250 7 0 0 0 0 0 0 0 0 0 0 0 
251 7 0 0 0 0 0 0 0 0 0 0 0 
252 7 0 0 0 0 0 0 0 0 0 0 0 
253 7 0 0 0 0 0 0 0 0 0 0 0 
254 7 0 0 0 0 0 0 0 0 0 0 0 
255 8 0 0 0 0 0 0 0 0 0 0 0 
256 8 0 0 0 0 0 0 0 0 0 0 0 
257 8 0 0 0 0 0 0 0 0 0 0 0 
258 8 0 0 0 0 0 0 0 0 0 0 0 
259 8 0 0 0 0 0 0 0 0 0 0 0 
260 8 0 0 0 0 0 0 0 0 0 0 0 
261 8 0 0 0 0 0 0 0 0 0 0 0 
262 8 0 0 0 0 0 0 0 0 0 0 0 
263 8 -1 8 15 0 0 0 13 0 0 11 -57 
264 8 4 0 0 0 0 0 0 0 0 0 0 
265 8 0 0 0 0 0 0 0 0 0 0 0 
266 8 0 0 0 0 0 0 0 0 0 0 0 
267 8 0 0 0 0 0 0 0 0 0 0 0 
268 8 0 0 0 0 0 0 0 0 0 0 0 
269 8 0 0 0 0 0 0 0 0 0 0 0 
270 8 0 0 0 0 0 0 0 0 0 0 0 
271 8 0 0 0 0 0 0 0 0 0 0 0 
272 8 0 0 0 0 0 0 0 0 0 0 0 
273 8 0 0 0 0 0 0 0 0 0 0 0 
274 8 0 0 0 0 0 0 0 0 0 0 0 
275 8 0 0 0 0 0 0 0 0 0 0 0 
276 8 0 0 0 0 0 0 0 0 0 0 0 
277 8 0 0 0 0 0 0 0 0 0 0 0 
278 8 0 0 0 0 0 0 0 0 0 0 0 
279 8 0 0 0 0 0 0 0 0 0 0 0 
280 8 0 0 0 0 0 0 0 0 0 0 0 
281 8 0 0 0 0 0 0 0 0 0 0 0 
282 8 0 0 0 0 0 0 0 0 0 0 0 
283 8 0 0 0 0 0 0 0 0 0 0 0 
284 8 0 0 0 0 0 0 0 0 0 0 0 
285 8 0 0 0 0 0 0 0 0 0 0 0 
286 8 0 0 0 0 0 0 0 0 0 0 0 
287 8 0 0 0 0 0 0 0 0 0 0 0 
288 8 0 0 0 0 0 0 0 0 0 0 0 
289 8 0 0 0 0 0 0 0 0 0 0 0 
290 8 0 0 0 0 0 0 0 0 0 0 0 
291 8 0 0 0 0 0 0 0 0 0 0 0 
292 8 0 0 0 0 0 0 0 0 0 0 0 
293 8 0 0 0 0 0 0 0 0 0 0 0 
294 8 0 0 0 0 0 0 0 0 0 0 0 
295 8 0 0 0 0 0 0 0 0 0 0 0 
296 8 0 0 0 0 0 0 0 0 0 0 0 
297 8 0 0 0 0 0 0 0 0 0 0 0 
298 8 0 0 0 0 0 0 0 0 0 0 0 
299 8 0 0 0 0 0 0 0 0 0 0 0 
300 8 0 0 0 0 0 0 0 0 0 0 0 
301 8 0 0 0 0 0 0 0 0 0 0 0 
302 8 0 0 0 0 0 0 0 0 0 0 0 
303 8 0 0 0 0 0 0 0 0 0 0 0 
304 8 0 0 0 0 0 0 0 0 0 0 0 
305 8 0 0 0 0 0 0 0 0 0 0 0 
306 8 0 0 0 0 0 0 0 0 0 0 0 
307 8 0 0 0 0 0 0 0 0 0 0 0 
308 8 0 0 0 0 0 0 0 0 0 0 0 
309 8 0 0 0 0 0 0 0 0 0 0 0 
310 8 0 0 0 0 0 0 0 0 0 0 0 
311 8 0 0 0 0 0 0 0 0 0 0 0 
312 8 0 0 0 0 0 0 0 0 0 0 0 
313 8 0 0 0 0 0 0 0 0 0 0 0 
314 8 0 0 0 0 0 0 0 0 0 0 0 
315 8 0 0 0 0 0 0 0 0 0 0 0 
316 8 0 0 0 0 0 0 0 0 0 0 0 
317 8 0 0 0 0 0 0 0 0 0 0 0 
318 8 0 0 0 0 0 0 0 0 0 0 0 
319 8 9 0 0 0 0 0 0 0 0 0 0 
320 8 10 0 0 0 0 0 0 0 0 0 0 
321 8 -1 18 3 0 0 10 1 0 0 18 -1 
322 8 -1 3 10 0 0 12 1 0 0 6 25 
323 8 0 0 0 0 0 0 0 0 0 0 0 
324 8 0 0 0 0 0 0 0 0 0 0 0 
325 8 -1 6 4 0 0 9 7 0 0 1 4 
326 8 -1 19 16 0 0 13 13 0 0 12 16 
327 8 25 0 0 0 0 0 0 0 0 0 0 
328 8 26 0 0 0 0 0 0 0 0 0 0 
329 8 27 0 0 0 0 0 0 0 0 0 0 
330 8 -1 2 10 0 0 16 0 0 0 7 -16 
331 8 -1 4 6 0 0 4 15 0 0 0 -6 
332 8 33 0 0 0 0 0 0 0 0 0 0 
333 8 0 0 0 0 0 0 0 0 0 0 0 
334 8 0 0 0 0 0 0 0 0 0 0 0 
335 8 -1 17 13 0 0 8 10 0 0 15 -61 
336 8 37 0 0 0 0 0 0 0 0 0 0 
337 8 0 0 0 0 0 0 0 0 0 0 0 
338 8 0 0 0 0 0 0 0 0 0 0 0 
339 8 0 0 0 0 0 0 0 0 0 0 0 
340 8 0 0 0 0 0 0 0 0 0 0 0 
341 8 0 0 0 0 0 0 0 0 0 0 0 
342 8 0 0 0 0 0 0 0 0 0 0 0 
343 8 0 0 0 0 0 0 0 0 0 0 0 
344 8 0 0 0 0 0 0 0 0 0 0 0 
345 8 0 0 0 0 0 0 0 0 0 0 0 
346 8 0 0 0 0 0 0 0 0 0 0 0 
347 8 0 0 0 0 0 0 0 0 0 0 0 
348 8 0 0 0 0 0 0 0 0 0 0 0 
349 8 0 0 0 0 0 0 0 0 0 0 0 
350 8 0 0 0 0 0 0 0 0 0 0 0 
351 8 0 0 0 0 0 0 0 0 0 0 0 
352 8 0 0 0 0 0 0 0 0 0 0 0 
353 8 0 0 0 0 0 0 0 0 0 0 0 
354 8 0 0 0 0 0 0 0 0 0 0 0 
355 8 42 0 0 0 0 0 0 0 0 0 0 
356 8 43 0 0 0 0 0 0 0 0 0 0 
357 8 0 0 0 0 0 0 0 0 0 0 0 
358 8 0 0 0 0 0 0 0 0 0 0 0 
359 8 45 0 0 0 0 0 0 0 0 0 0 
360 8 46 0 0 0 0 0 0 0 0 0 0 
361 8 47 0 0 0 0 0 0 0 0 0 0 
362 8 48 0 0 0 0 0 0 0 0 0 0 
363 8 0 0 0 0 0 0 0 0 0 0 0 
364 8 0 0 0 0 0 0 0 0 0 0 0 
365 8 0 0 0 0 0 0 0 0 0 0 0 
366 8 0 0 0 0 0 0 0 0 0 0 0 
367 8 0 0 0 0 0 0 0 0 0 0 0 
368 8 0 0 0 0 0 0 0 0 0 0 0 
369 8 0 0 0 0 0 0 0 0 0 0 0 
370 8 0 0 0 0 0 0 0 0 0 0 0 
371 8 0 0 0 0 0 0 0 0 0 0 0 
372 8 0 0 0 0 0 0 0 0 0 0 0 
373 8 0 0 0 0 0 0 0 0 0 0 0 
374 8 0 0 0 0 0 0 0 0 0 0 0 
375 8 0 0 0 0 0 0 0 0 0 0 0 
376 8 0 0 0 0 0 0 0 0 0 0 0 
377 8 53 0 0 0 0 0 0 0 0 0 0 
378 8 -1 6 13 0 0 11 3 0 0 12 -147 
379 8 0 0 0 0 0 0 0 0 0 0 0 
380 8 0 0 0 0 0 0 0 0 0 0 0 
381 8 0 0 0 0 0 0 0 0 0 0 0 
382 8 0 0 0 0 0 0 0 0 0 0 0 
383 8 0 0 0 0 0 0 0 0 0 0 0 
384 8 0 0 0 0 0 0 0 0 0 0 0 
385 8 0 0 0 0 0 0 0 0 0 0 0 
386 8 0 0 0 0 0 0 0 0 0 0 0 
387 8 0 0 0 0 0 0 0 0 0 0 0 
388 8 0 0 0 0 0 0 0 0 0 0 0 
389 8 60 0 0 0 0 0 0 0 0 0 0 
390 8 -1 15 2 0 0 3 18 0 0 6 43 
391 8 0 0 0 0 0 0 0 0 0 0 0 
392 8 0 0 0 0 0 0 0 0 0 0 0 
393 8 -1 2 18 0 0 5 13 0 0 0 -47 
394 8 68 0 0 0 0 0 0 0 0 0 0 
395 8 0 0 0 0 0 0 0 0 0 0 0 
396 8 0 0 0 0 0 0 0 0 0 0 0 
397 8 0 0 0 0 0 0 0 0 0 0 0 
398 8 0 0 0 0 0 0 0 0 0 0 0 
399 8 0 0 0 0 0 0 0 0 0 0 0 
400 8 0 0 0 0 0 0 0 0 0 0 0 
401 8 0 0 0 0 0 0 0 0 0 0 0 
402 8 0 0 0 0 0 0 0 0 0 0 0 
403 8 0 0 0 0 0 0 0 0 0 0 0 
404 8 0 0 0 0 0 0 0 0 0 0 0 
405 8 0 0 0 0 0 0 0 0 0 0 0 
406 8 0 0 0 0 0 0 0 0 0 0 0 
407 8 -1 10 9 0 0 3 10 0 0 2 11 
408 8 74 0 0 0 0 0 0 0 0 0 0 
409 8 0 0 0 0 0 0 0 0 0 0 0 
410 8 0 0 0 0 0 0 0 0 0 0 0 
411 8 0 0 0 0 0 0 0 0 0 0 0 
412 8 0 0 0 0 0 0 0 0 0 0 0 
413 8 0 0 0 0 0 0 0 0 0 0 0 
414 8 0 0 0 0 0 0 0 0 0 0 0 
415 8 0 0 0 0 0 0 0 0 0 0 0 
416 8 0 0 0 0 0 0 0 0 0 0 0 
417 8 0 0 0 0 0 0 0 0 0 0 0 
418 8 0 0 0 0 0 0 0 0 0 0 0 
419 8 0 0 0 0 0 0 0 0 0 0 0 
420 8 0 0 0 0 0 0 0 0 0 0 0 
421 8 0 0 0 0 0 0 0 0 0 0 0 
422 8 0 0 0 0 0 0 0 0 0 0 0 
423 8 0 0 0 0 0 0 0 0 0 0 0 
424 8 0 0 0 0 0 0 0 0 0 0 0 
425 8 0 0 0 0 0 0 0 0 0 0 0 
426 8 0 0 0 0 0 0 0 0 0 0 0 
427 8 0 0 0 0 0 0 0 0 0 0 0 
428 8 0 0 0 0 0 0 0 0 0 0 0 
429 8 0 0 0 0 0 0 0 0 0 0 0 
430 8 0 0 0 0 0 0 0 0 0 0 0 
431 8 0 0 0 0 0 0 0 0 0 0 0 
432 8 0 0 0 0 0 0 0 0 0 0 0 
433 8 0 0 0 0 0 0 0 0 0 0 0 
434 8 0 0 0 0 0 0 0 0 0 0 0 
435 8 0 0 0 0 0 0 0 0 0 0 0 
436 8 0 0 0 0 0 0 0 0 0 0 0 
437 8 0 0 0 0 0 0 0 0 0 0 0 
438 8 0 0 0 0 0 0 0 0 0 0 0 
439 8 0 0 0 0 0 0 0 0 0 0 0 
440 8 0 0 0 0 0 0 0 0 0 0 0 
441 8 0 0 0 0 0 0 0 0 0 0 0 
442 8 0 0 0 0 0 0 0 0 0 0 0 
443 8 0 0 0 0 0 0 0 0 0 0 0 
444 8 0 0 0 0 0 0 0 0 0 0 0 
445 8 0 0 0 0 0 0 0 0 0 0 0 
446 8 0 0 0 0 0 0 0 0 0 0 0 
447 8 0 0 0 0 0 0 0 0 0 0 0 
448 8 0 0 0 0 0 0 0 0 0 0 0 
449 8 0 0 0 0 0 0 0 0 0 0 0 
450 8 0 0 0 0 0 0 0 0 0 0 0 
451 8 0 0 0 0 0 0 0 0 0 0 0 
452 8 0 0 0 0 0 0 0 0 0 0 0 
453 8 0 0 0 0 0 0 0 0 0 0 0 
454 8 0 0 0 0 0 0 0 0 0 0 0 
455 8 0 0 0 0 0 0 0 0 0 0 0 
456 8 0 0 0 0 0 0 0 0 0 0 0 
457 8 0 0 0 0 0 0 0 0 0 0 0 
458 8 0 0 0 0 0 0 0 0 0 0 0 
459 8 0 0 0 0 0 0 0 0 0 0 0 
460 8 0 0 0 0 0 0 0 0 0 0 0 
461 8 0 0 0 0 0 0 0 0 0 0 0 
462 8 0 0 0 0 0 0 0 0 0 0 0 
463 8 0 0 0 0 0 0 0 0 0 0 0 
464 8 0 0 0 0 0 0 0 0 0 0 0 
465 8 0 0 0 0 0 0 0 0 0 0 0 
466 8 0 0 0 0 0 0 0 0 0 0 0 
467 8 0 0 0 0 0 0 0 0 0 0 0 
468 8 0 0 0 0 0 0 0 0 0 0 0 
469 8 0 0 0 0 0 0 0 0 0 0 0 
470 8 0 0 0 0 0 0 0 0 0 0 0 
471 8 0 0 0 0 0 0 0 0 0 0 0 
472 8 0 0 0 0 0 0 0 0 0 0 0 
473 8 0 0 0 0 0 0 0 0 0 0 0 
474 8 0 0 0 0 0 0 0 0 0 0 0 
475 8 0 0 0 0 0 0 0 0 0 0 0 
476 8 0 0 0 0 0 0 0 0 0 0 0 
477 8 0 0 0 0 0 0 0 0 0 0 0 
478 8 0 0 0 0 0 0 0 0 0 0 0 
479 8 0 0 0 0 0 0 0 0 0 0 0 
480 8 0 0 0 0 0 0 0 0 0 0 0 
481 8 0 0 0 0 0 0 0 0 0 0 0 
482 8 0 0 0 0 0 0 0 0 0 0 0 
483 8 0 0 0 0 0 0 0 0 0 0 0 
484 8 0 0 0 0 0 0 0 0 0 0 0 
485 8 0 0 0 0 0 0 0 0 0 0 0 
486 8 0 0 0 0 0 0 0 0 0 0 0 
487 8 0 0 0 0 0 0 0 0 0 0 0 
488 8 0 0 0 0 0 0 0 0 0 0 0 
489 8 0 0 0 0 0 0 0 0 0 0 0 
490 8 0 0 0 0 0 0 0 0 0 0 0 
491 8 0 0 0 0 0 0 0 0 0 0 0 
492 8 0 0 0 0 0 0 0 0 0 0 0 
493 8 0 0 0 0 0 0 0 0 0 0 0 
494 8 0 0 0 0 0 0 0 0 0 0 0 
495 8 0 0 0 0 0 0 0 0 0 0 0 
496 8 0 0 0 0 0 0 0 0 0 0 0 
497 8 0 0 0 0 0 0 0 0 0 0 0 
498 8 0 0 0 0 0 0 0 0 0 0 0 
499 8 0 0 0 0 0 0 0 0 0 0 0 
500 8 0 0 0 0 0 0 0 0 0 0 0 
501 8 0 0 0 0 0 0 0 0 0 0 0 
502 8 0 0 0 0 0 0 0 0 0 0 0 
503 8 0 0 0 0 0 0 0 0 0 0 0 
504 8 0 0 0 0 0 0 0 0 0 0 0 
505 8 0 0 0 0 0 0 0 0 0 0 0 
506 8 0 0 0 0 0 0 0 0 0 0 0 
507 8 0 0 0 0 0 0 0 0 0 0 0 
508 8 0 0 0 0 0 0 0 0 0 0 0 
509 8 0 0 0 0 0 0 0 0 0 0 0 
510 8 0 0 0 0 0 0 0 0 0 0 0 
511 9 0 0 0 0 0 0 0 0 0 0 0 
512 9 0 0 0 0 0 0 0 0 0 0 0 
513 9 0 0 0 0 0 0 0 0 0 0 0 
514 9 0 0 0 0 0 0 0 0 0 0 0 
515 9 0 0 0 0 0 0 0 0 0 0 0 
516 9 0 0 0 0 0 0 0 0 0 0 0 
517 9 0 0 0 0 0 0 0 0 0 0 0 
518 9 0 0 0 0 0 0 0 0 0 0 0 
519 9 0 0 0 0 0 0 0 0 0 0 0 
520 9 0 0 0 0 0 0 0 0 0 0 0 
521 9 0 0 0 0 0 0 0 0 0 0 0 
522 9 0 0 0 0 0 0 0 0 0 0 0 
523 9 0 0 0 0 0 0 0 0 0 0 0 
524 9 0 0 0 0 0 0 0 0 0 0 0 
525 9 0 0 0 0 0 0 0 0 0 0 0 
526 9 0 0 0 0 0 0 0 0 0 0 0 
527 9 1 0 0 0 0 0 0 0 0 0 0 
528 9 -1 6 3 0 0 15 13 0 0 21 0 
529 9 0 0 0 0 0 0 0 0 0 0 0 
530 9 0 0 0 0 0 0 0 0 0 0 0 
531 9 0 0 0 0 0 0 0 0 0 0 0 
532 9 0 0 0 0 0 0 0 0 0 0 0 
533 9 0 0 0 0 0 0 0 0 0 0 0 
534 9 0 0 0 0 0 0 0 0 0 0 0 
535 9 0 0 0 0 0 0 0 0 0 0 0 
536 9 0 0 0 0 0 0 0 0 0 0 0 
537 9 0 0 0 0 0 0 0 0 0 0 0 
538 9 0 0 0 0 0 0 0 0 0 0 0 
539 9 0 0 0 0 0 0 0 0 0 0 0 
540 9 0 0 0 0 0 0 0 0 0 0 0 
541 9 0 0 0 0 0 0 0 0 0 0 0 
542 9 0 0 0 0 0 0 0 0 0 0 0 
543 9 0 0 0 0 0 0 0 0 0 0 0 
544 9 0 0 0 0 0 0 0 0 0 0 0 
545 9 0 0 0 0 0 0 0 0 0 0 0 
546 9 0 0 0 0 0 0 0 0 0 0 0 
547 9 0 0 0 0 0 0 0 0 0 0 0 
548 9 0 0 0 0 0 0 0 0 0 0 0 
549 9 0 0 0 0 0 0 0 0 0 0 0 
550 9 0 0 0 0 0 0 0 0 0 0 0 
551 9 0 0 0 0 0 0 0 0 0 0 0 
552 9 0 0 0 0 0 0 0 0 0 0 0 
553 9 0 0 0 0 0 0 0 0 0 0 0 
554 9 0 0 0 0 0 0 0 0 0 0 0 
555 9 0 0 0 0 0 0 0 0 0 0 0 
556 9 0 0 0 0 0 0 0 0 0 0 0 
557 9 0 0 0 0 0 0 0 0 0 0 0 
558 9 0 0 0 0 0 0 0 0 0 0 0 
559 9 0 0 0 0 0 0 0 0 0 0 0 
560 9 0 0 0 0 0 0 0 0 0 0 0 
561 9 0 0 0 0 0 0 0 0 0 0 0 
562 9 0 0 0 0 0 0 0 0 0 0 0 
563 9 0 0 0 0 0 0 0 0 0 0 0 
564 9 0 0 0 0 0 0 0 0 0 0 0 
565 9 0 0 0 0 0 0 0 0 0 0 0 
566 9 0 0 0 0 0 0 0 0 0 0 0 
567 9 0 0 0 0 0 0 0 0 0 0 0 
568 9 0 0 0 0 0 0 0 0 0 0 0 
569 9 0 0 0 0 0 0 0 0 0 0 0 
570 9 0 0 0 0 0 0 0 0 0 0 0 
571 9 0 0 0 0 0 0 0 0 0 0 0 
572 9 0 0 0 0 0 0 0 0 0 0 0 
573 9 0 0 0 0 0 0 0 0 0 0 0 
574 9 0 0 0 0 0 0 0 0 0 0 0 
575 9 0 0 0 0 0 0 0 0 0 0 0 
576 9 0 0 0 0 0 0 0 0 0 0 0 
577 9 0 0 0 0 0 0 0 0 0 0 0 
578 9 0 0 0 0 0 0 0 0 0 0 0 
579 9 0 0 0 0 0 0 0 0 0 0 0 
580 9 0 0 0 0 0 0 0 0 0 0 0 
581 9 0 0 0 0 0 0 0 0 0 0 0 
582 9 0 0 0 0 0 0 0 0 0 0 0 
583 9 0 0 0 0 0 0 0 0 0 0 0 
584 9 0 0 0 0 0 0 0 0 0 0 0 
585 9 0 0 0 0 0 0 0 0 0 0 0 
586 9 0 0 0 0 0 0 0 0 0 0 0 
587 9 0 0 0 0 0 0 0 0 0 0 0 
588 9 0 0 0 0 0 0 0 0 0 0 0 
589 9 0 0 0 0 0 0 0 0 0 0 0 
590 9 0 0 0 0 0 0 0 0 0 0 0 
591 9 0 0 0 0 0 0 0 0 0 0 0 
592 9 0 0 0 0 0 0 0 0 0 0 0 
593 9 0 0 0 0 0 0 0 0 0 0 0 
594 9 0 0 0 0 0 0 0 0 0 0 0 
595 9 0 0 0 0 0 0 0 0 0 0 0 
596 9 0 0 0 0 0 0 0 0 0 0 0 
597 9 0 0 0 0 0 0 0 0 0 0 0 
598 9 0 0 0 0 0 0 0 0 0 0 0 
599 9 0 0 0 0 0 0 0 0 0 0 0 
600 9 0 0 0 0 0 0 0 0 0 0 0 
601 9 0 0 0 0 0 0 0 0 0 0 0 
602 9 0 0 0 0 0 0 0 0 0 0 0 
603 9 0 0 0 0 0 0 0 0 0 0 0 
604 9 0 0 0 0 0 0 0 0 0 0 0 
605 9 0 0 0 0 0 0 0 0 0 0 0 
606 9 0 0 0 0 0 0 0 0 0 0 0 
607 9 0 0 0 0 0 0 0 0 0 0 0 
608 9 0 0 0 0 0 0 0 0 0 0 0 
609 9 0 0 0 0 0 0 0 0 0 0 0 
610 9 0 0 0 0 0 0 0 0 0 0 0 
611 9 0 0 0 0 0 0 0 0 0 0 0 
612 9 0 0 0 0 0 0 0 0 0 0 0 
613 9 0 0 0 0 0 0 0 0 0 0 0 
614 9 0 0 0 0 0 0 0 0 0 0 0 
615 9 0 0 0 0 0 0 0 0 0 0 0 
616 9 0 0 0 0 0 0 0 0 0 0 0 
617 9 0 0 0 0 0 0 0 0 0 0 0 
618 9 0 0 0 0 0 0 0 0 0 0 0 
619 9 0 0 0 0 0 0 0 0 0 0 0 
620 9 0 0 0 0 0 0 0 0 0 0 0 
621 9 0 0 0 0 0 0 0 0 0 0 0 
622 9 0 0 0 0 0 0 0 0 0 0 0 
623 9 0 0 0 0 0 0 0 0 0 0 0 
624 9 0 0 0 0 0 0 0 0 0 0 0 
625 9 0 0 0 0 0 0 0 0 0 0 0 
626 9 0 0 0 0 0 0 0 0 0 0 0 
627 9 0 0 0 0 0 0 0 0 0 0 0 
628 9 0 0 0 0 0 0 0 0 0 0 0 
629 9 0 0 0 0 0 0 0 0 0 0 0 
630 9 0 0 0 0 0 0 0 0 0 0 0 
631 9 0 0 0 0 0 0 0 0 0 0 0 
632 9 0 0 0 0 0 0 0 0 0 0 0 
633 9 0 0 0 0 0 0 0 0 0 0 0 
634 9 0 0 0 0 0 0 0 0 0 0 0 
635 9 0 0 0 0 0 0 0 0 0 0 0 
636 9 0 0 0 0 0 0 0 0 0 0 0 
637 9 0 0 0 0 0 0 0 0 0 0 0 
638 9 0 0 0 0 0 0 0 0 0 0 0 
639 9 0 0 0 0 0 0 0 0 0 0 0 
640 9 0 0 0 0 0 0 0 0 0 0 0 
641 9 0 0 0 0 0 0 0 0 0 0 0 
642 9 0 0 0 0 0 0 0 0 0 0 0 
643 9 -1 1 12 0 0 2 4 0 0 11 119 
644 9 -1 5 6 0 0 3 19 0 0 17 2 
645 9 15 0 0 0 0 0 0 0 0 0 0 
646 9 16 0 0 0 0 0 0 0 0 0 0 
647 9 0 0 0 0 0 0 0 0 0 0 0 
648 9 0 0 0 0 0 0 0 0 0 0 0 
649 9 0 0 0 0 0 0 0 0 0 0 0 
650 9 0 0 0 0 0 0 0 0 0 0 0 
651 9 -1 15 5 0 0 6 4 0 0 16 3 
652 9 -1 5 11 0 0 12 7 0 0 15 -21 
653 9 -1 12 9 0 0 6 10 0 0 13 -67 
654 9 24 0 0 0 0 0 0 0 0 0 0 
655 9 0 0 0 0 0 0 0 0 0 0 0 
656 9 0 0 0 0 0 0 0 0 0 0 0 
657 9 0 0 0 0 0 0 0 0 0 0 0 
658 9 0 0 0 0 0 0 0 0 0 0 0 
659 9 0 0 0 0 0 0 0 0 0 0 0 
660 9 0 0 0 0 0 0 0 0 0 0 0 
661 9 28 0 0 0 0 0 0 0 0 0 0 
662 9 -1 14 14 0 0 16 16 0 0 0 -10 
663 9 31 0 0 0 0 0 0 0 0 0 0 
664 9 32 0 0 0 0 0 0 0 0 0 0 
665 9 0 0 0 0 0 0 0 0 0 0 0 
666 9 0 0 0 0 0 0 0 0 0 0 0 
667 9 0 0 0 0 0 0 0 0 0 0 0 
668 9 0 0 0 0 0 0 0 0 0 0 0 
669 9 0 0 0 0 0 0 0 0 0 0 0 
670 9 0 0 0 0 0 0 0 0 0 0 0 
671 9 35 0 0 0 0 0 0 0 0 0 0 
672 9 36 0 0 0 0 0 0 0 0 0 0 
673 9 0 0 0 0 0 0 0 0 0 0 0 
674 9 0 0 0 0 0 0 0 0 0 0 0 
675 9 0 0 0 0 0 0 0 0 0 0 0 
676 9 0 0 0 0 0 0 0 0 0 0 0 
677 9 0 0 0 0 0 0 0 0 0 0 0 
678 9 0 0 0 0 0 0 0 0 0 0 0 
679 9 0 0 0 0 0 0 0 0 0 0 0 
680 9 0 0 0 0 0 0 0 0 0 0 0 
681 9 0 0 0 0 0 0 0 0 0 0 0 
682 9 0 0 0 0 0 0 0 0 0 0 0 
683 9 0 0 0 0 0 0 0 0 0 0 0 
684 9 0 0 0 0 0 0 0 0 0 0 0 
685 9 0 0 0 0 0 0 0 0 0 0 0 
686 9 0 0 0 0 0 0 0 0 0 0 0 
687 9 0 0 0 0 0 0 0 0 0 0 0 
688 9 0 0 0 0 0 0 0 0 0 0 0 
689 9 0 0 0 0 0 0 0 0 0 0 0 
690 9 0 0 0 0 0 0 0 0 0 0 0 
691 9 0 0 0 0 0 0 0 0 0 0 0 
692 9 0 0 0 0 0 0 0 0 0 0 0 
693 9 0 0 0 0 0 0 0 0 0 0 0 
694 9 0 0 0 0 0 0 0 0 0 0 0 
695 9 0 0 0 0 0 0 0 0 0 0 0 
696 9 0 0 0 0 0 0 0 0 0 0 0 
697 9 0 0 0 0 0 0 0 0 0 0 0 
698 9 0 0 0 0 0 0 0 0 0 0 0 
699 9 0 0 0 0 0 0 0 0 0 0 0 
700 9 0 0 0 0 0 0 0 0 0 0 0 
701 9 0 0 0 0 0 0 0 0 0 0 0 
702 9 0 0 0 0 0 0 0 0 0 0 0 
703 9 0 0 0 0 0 0 0 0 0 0 0 
704 9 0 0 0 0 0 0 0 0 0 0 0 
705 9 0 0 0 0 0 0 0 0 0 0 0 
706 9 0 0 0 0 0 0 0 0 0 0 0 
707 9 0 0 0 0 0 0 0 0 0 0 0 
708 9 0 0 0 0 0 0 0 0 0 0 0 
709 9 0 0 0 0 0 0 0 0 0 0 0 
710 9 0 0 0 0 0 0 0 0 0 0 0 
711 9 0 0 0 0 0 0 0 0 0 0 0 
712 9 0 0 0 0 0 0 0 0 0 0 0 
713 9 0 0 0 0 0 0 0 0 0 0 0 
714 9 0 0 0 0 0 0 0 0 0 0 0 
715 9 0 0 0 0 0 0 0 0 0 0 0 
716 9 0 0 0 0 0 0 0 0 0 0 0 
717 9 0 0 0 0 0 0 0 0 0 0 0 
718 9 0 0 0 0 0 0 0 0 0 0 0 
719 9 0 0 0 0 0 0 0 0 0 0 0 
720 9 0 0 0 0 0 0 0 0 0 0 0 
721 9 0 0 0 0 0 0 0 0 0 0 0 
722 9 0 0 0 0 0 0 0 0 0 0 0 
723 9 0 0 0 0 0 0 0 0 0 0 0 
724 9 0 0 0 0 0 0 0 0 0 0 0 
725 9 0 0 0 0 0 0 0 0 0 0 0 
726 9 0 0 0 0 0 0 0 0 0 0 0 
727 9 0 0 0 0 0 0 0 0 0 0 0 
728 9 0 0 0 0 0 0 0 0 0 0 0 
729 9 0 0 0 0 0 0 0 0 0 0 0 
730 9 0 0 0 0 0 0 0 0 0 0 0 
731 9 0 0 0 0 0 0 0 0 0 0 0 
732 9 0 0 0 0 0 0 0 0 0 0 0 
733 9 0 0 0 0 0 0 0 0 0 0 0 
734 9 0 0 0 0 0 0 0 0 0 0 0 
735 9 0 0 0 0 0 0 0 0 0 0 0 
736 9 0 0 0 0 0 0 0 0 0 0 0 
737 9 0 0 0 0 0 0 0 0 0 0 0 
738 9 0 0 0 0 0 0 0 0 0 0 0 
739 9 0 0 0 0 0 0 0 0 0 0 0 
740 9 0 0 0 0 0 0 0 0 0 0 0 
741 9 0 0 0 0 0 0 0 0 0 0 0 
742 9 0 0 0 0 0 0 0 0 0 0 0 
743 9 0 0 0 0 0 0 0 0 0 0 0 
744 9 0 0 0 0 0 0 0 0 0 0 0 
745 9 0 0 0 0 0 0 0 0 0 0 0 
746 9 0 0 0 0 0 0 0 0 0 0 0 
747 9 0 0 0 0 0 0 0 0 0 0 0 
748 9 0 0 0 0 0 0 0 0 0 0 0 
749 9 0 0 0 0 0 0 0 0 0 0 0 
750 9 0 0 0 0 0 0 0 0 0 0 0 
751 9 0 0 0 0 0 0 0 0 0 0 0 
752 9 0 0 0 0 0 0 0 0 0 0 0 
753 9 0 0 0 0 0 0 0 0 0 0 0 
754 9 0 0 0 0 0 0 0 0 0 0 0 
755 9 0 0 0 0 0 0 0 0 0 0 0 
756 9 0 0 0 0 0 0 0 0 0 0 0 
757 9 54 0 0 0 0 0 0 0 0 0 0 
758 9 -1 6 4 0 0 10 11 0 0 15 -86 
759 9 0 0 0 0 0 0 0 0 0 0 0 
760 9 0 0 0 0 0 0 0 0 0 0 0 
761 9 0 0 0 0 0 0 0 0 0 0 0 
762 9 0 0 0 0 0 0 0 0 0 0 0 
763 9 0 0 0 0 0 0 0 0 0 0 0 
764 9 0 0 0 0 0 0 0 0 0 0 0 
765 9 0 0 0 0 0 0 0 0 0 0 0 
766 9 0 0 0 0 0 0 0 0 0 0 0 
767 9 0 0 0 0 0 0 0 0 0 0 0 
768 9 0 0 0 0 0 0 0 0 0 0 0 
769 9 0 0 0 0 0 0 0 0 0 0 0 
770 9 0 0 0 0 0 0 0 0 0 0 0 
771 9 0 0 0 0 0 0 0 0 0 0 0 
772 9 0 0 0 0 0 0 0 0 0 0 0 
773 9 0 0 0 0 0 0 0 0 0 0 0 
774 9 0 0 0 0 0 0 0 0 0 0 0 
775 9 0 0 0 0 0 0 0 0 0 0 0 
776 9 0 0 0 0 0 0 0 0 0 0 0 
777 9 0 0 0 0 0 0 0 0 0 0 0 
778 9 0 0 0 0 0 0 0 0 0 0 0 
779 9 0 0 0 0 0 0 0 0 0 0 0 
780 9 0 0 0 0 0 0 0 0 0 0 0 
781 9 -1 0 1 0 0 19 7 0 0 13 127 
782 9 63 0 0 0 0 0 0 0 0 0 0 
783 9 0 0 0 0 0 0 0 0 0 0 0 
784 9 0 0 0 0 0 0 0 0 0 0 0 
785 9 0 0 0 0 0 0 0 0 0 0 0 
786 9 0 0 0 0 0 0 0 0 0 0 0 
787 9 65 0 0 0 0 0 0 0 0 0 0 
788 9 -1 9 12 0 0 9 0 0 0 0 80 
789 9 0 0 0 0 0 0 0 0 0 0 0 
790 9 0 0 0 0 0 0 0 0 0 0 0 
791 9 0 0 0 0 0 0 0 0 0 0 0 
792 9 0 0 0 0 0 0 0 0 0 0 0 
793 9 0 0 0 0 0 0 0 0 0 0 0 
794 9 0 0 0 0 0 0 0 0 0 0 0 
795 9 0 0 0 0 0 0 0 0 0 0 0 
796 9 0 0 0 0 0 0 0 0 0 0 0 
797 9 0 0 0 0 0 0 0 0 0 0 0 
798 9 0 0 0 0 0 0 0 0 0 0 0 
799 9 0 0 0 0 0 0 0 0 0 0 0 
800 9 0 0 0 0 0 0 0 0 0 0 0 
801 9 0 0 0 0 0 0 0 0 0 0 0 
802 9 0 0 0 0 0 0 0 0 0 0 0 
803 9 0 0 0 0 0 0 0 0 0 0 0 
804 9 0 0 0 0 0 0 0 0 0 0 0 
805 9 0 0 0 0 0 0 0 0 0 0 0 
806 9 0 0 0 0 0 0 0 0 0 0 0 
807 9 0 0 0 0 0 0 0 0 0 0 0 
808 9 0 0 0 0 0 0 0 0 0 0 0 
809 9 0 0 0 0 0 0 0 0 0 0 0 
810 9 0 0 0 0 0 0 0 0 0 0 0 
811 9 0 0 0 0 0 0 0 0 0 0 0 
812 9 0 0 0 0 0 0 0 0 0 0 0 
813 9 0 0 0 0 0 0 0 0 0 0 0 
814 9 0 0 0 0 0 0 0 0 0 0 0 
815 9 -1 13 15 0 0 18 19 0 0 20 17 
816 9 73 0 0 0 0 0 0 0 0 0 0 
817 9 0 0 0 0 0 0 0 0 0 0 0 
818 9 0 0 0 0 0 0 0 0 0 0 0 
819 9 0 0 0 0 0 0 0 0 0 0 0 
820 9 0 0 0 0 0 0 0 0 0 0 0 
821 9 0 0 0 0 0 0 0 0 0 0 0 
822 9 0 0 0 0 0 0 0 0 0 0 0 
823 9 0 0 0 0 0 0 0 0 0 0 0 
824 9 0 0 0 0 0 0 0 0 0 0 0 
825 9 0 0 0 0 0 0 0 0 0 0 0 
826 9 0 0 0 0 0 0 0 0 0 0 0 
827 9 0 0 0 0 0 0 0 0 0 0 0 
828 9 0 0 0 0 0 0 0 0 0 0 0 
829 9 0 0 0 0 0 0 0 0 0 0 0 
830 9 0 0 0 0 0 0 0 0 0 0 0 
831 9 0 0 0 0 0 0 0 0 0 0 0 
832 9 0 0 0 0 0 0 0 0 0 0 0 
833 9 0 0 0 0 0 0 0 0 0 0 0 
834 9 0 0 0 0 0 0 0 0 0 0 0 
835 9 0 0 0 0 0 0 0 0 0 0 0 
836 9 0 0 0 0 0 0 0 0 0 0 0 
837 9 0 0 0 0 0 0 0 0 0 0 0 
838 9 0 0 0 0 0 0 0 0 0 0 0 
839 9 0 0 0 0 0 0 0 0 0 0 0 
840 9 0 0 0 0 0 0 0 0 0 0 0 
841 9 0 0 0 0 0 0 0 0 0 0 0 
842 9 0 0 0 0 0 0 0 0 0 0 0 
843 9 0 0 0 0 0 0 0 0 0 0 0 
844 9 0 0 0 0 0 0 0 0 0 0 0 
845 9 0 0 0 0 0 0 0 0 0 0 0 
846 9 0 0 0 0 0 0 0 0 0 0 0 
847 9 0 0 0 0 0 0 0 0 0 0 0 
848 9 0 0 0 0 0 0 0 0 0 0 0 
849 9 0 0 0 0 0 0 0 0 0 0 0 
850 9 0 0 0 0 0 0 0 0 0 0 0 
851 9 0 0 0 0 0 0 0 0 0 0 0 
852 9 0 0 0 0 0 0 0 0 0 0 0 
853 9 0 0 0 0 0 0 0 0 0 0 0 
854 9 0 0 0 0 0 0 0 0 0 0 0 
855 9 0 0 0 0 0 0 0 0 0 0 0 
856 9 0 0 0 0 0 0 0 0 0 0 0 
857 9 0 0 0 0 0 0 0 0 0 0 0 
858 9 0 0 0 0 0 0 0 0 0 0 0 
859 9 0 0 0 0 0 0 0 0 0 0 0 
860 9 0 0 0 0 0 0 0 0 0 0 0 
861 9 0 0 0 0 0 0 0 0 0 0 0 
862 9 0 0 0 0 0 0 0 0 0 0 0 
863 9 0 0 0 0 0 0 0 0 0 0 0 
864 9 0 0 0 0 0 0 0 0 0 0 0 
865 9 0 0 0 0 0 0 0 0 0 0 0 
866 9 0 0 0 0 0 0 0 0 0 0 0 
867 9 0 0 0 0 0 0 0 0 0 0 0 
868 9 0 0 0 0 0 0 0 0 0 0 0 
869 9 0 0 0 0 0 0 0 0 0 0 0 
870 9 0 0 0 0 0 0 0 0 0 0 0 
871 9 0 0 0 0 0 0 0 0 0 0 0 
872 9 0 0 0 0 0 0 0 0 0 0 0 
873 9 0 0 0 0 0 0 0 0 0 0 0 
874 9 0 0 0 0 0 0 0 0 0 0 0 
875 9 0 0 0 0 0 0 0 0 0 0 0 
876 9 0 0 0 0 0 0 0 0 0 0 0 
877 9 0 0 0 0 0 0 0 0 0 0 0 
878 9 0 0 0 0 0 0 0 0 0 0 0 
879 9 0 0 0 0 0 0 0 0 0 0 0 
880 9 0 0 0 0 0 0 0 0 0 0 0 
881 9 0 0 0 0 0 0 0 0 0 0 0 
882 9 0 0 0 0 0 0 0 0 0 0 0 
883 9 0 0 0 0 0 0 0 0 0 0 0 
884 9 0 0 0 0 0 0 0 0 0 0 0 
885 9 0 0 0 0 0 0 0 0 0 0 0 
886 9 0 0 0 0 0 0 0 0 0 0 0 
887 9 0 0 0 0 0 0 0 0 0 0 0 
888 9 0 0 0 0 0 0 0 0 0 0 0 
889 9 0 0 0 0 0 0 0 0 0 0 0 
890 9 0 0 0 0 0 0 0 0 0 0 0 
891 9 0 0 0 0 0 0 0 0 0 0 0 
892 9 0 0 0 0 0 0 0 0 0 0 0 
893 9 0 0 0 0 0 0 0 0 0 0 0 
894 9 0 0 0 0 0 0 0 0 0 0 0 
895 9 0 0 0 0 0 0 0 0 0 0 0 
896 9 0 0 0 0 0 0 0 0 0 0 0 
897 9 0 0 0 0 0 0 0 0 0 0 0 
898 9 0 0 0 0 0 0 0 0 0 0 0 
899 9 0 0 0 0 0 0 0 0 0 0 0 
900 9 0 0 0 0 0 0 0 0 0 0 0 
901 9 0 0 0 0 0 0 0 0 0 0 0 
902 9 0 0 0 0 0 0 0 0 0 0 0 
903 9 0 0 0 0 0 0 0 0 0 0 0 
904 9 0 0 0 0 0 0 0 0 0 0 0 
905 9 0 0 0 0 0 0 0 0 0 0 0 
906 9 0 0 0 0 0 0 0 0 0 0 0 
907 9 0 0 0 0 0 0 0 0 0 0 0 
908 9 0 0 0 0 0 0 0 0 0 0 0 
909 9 0 0 0 0 0 0 0 0 0 0 0 
910 9 0 0 0 0 0 0 0 0 0 0 0 
911 9 0 0 0 0 0 0 0 0 0 0 0 
912 9 0 0 0 0 0 0 0 0 0 0 0 
913 9 0 0 0 0 0 0 0 0 0 0 0 
914 9 0 0 0 0 0 0 0 0 0 0 0 
915 9 0 0 0 0 0 0 0 0 0 0 0 
916 9 0 0 0 0 0 0 0 0 0 0 0 
917 9 0 0 0 0 0 0 0 0 0 0 0 
918 9 0 0 0 0 0 0 0 0 0 0 0 
919 9 0 0 0 0 0 0 0 0 0 0 0 
920 9 0 0 0 0 0 0 0 0 0 0 0 
921 9 0 0 0 0 0 0 0 0 0 0 0 
922 9 0 0 0 0 0 0 0 0 0 0 0 
923 9 0 0 0 0 0 0 0 0 0 0 0 
924 9 0 0 0 0 0 0 0 0 0 0 0 
925 9 0 0 0 0 0 0 0 0 0 0 0 
926 9 0 0 0 0 0 0 0 0 0 0 0 
927 9 0 0 0 0 0 0 0 0 0 0 0 
928 9 0 0 0 0 0 0 0 0 0 0 0 
929 9 0 0 0 0 0 0 0 0 0 0 0 
930 9 0 0 0 0 0 0 0 0 0 0 0 
931 9 0 0 0 0 0 0 0 0 0 0 0 
932 9 0 0 0 0 0 0 0 0 0 0 0 
933 9 0 0 0 0 0 0 0 0 0 0 0 
934 9 0 0 0 0 0 0 0 0 0 0 0 
935 9 0 0 0 0 0 0 0 0 0 0 0 
936 9 0 0 0 0 0 0 0 0 0 0 0 
937 9 0 0 0 0 0 0 0 0 0 0 0 
938 9 0 0 0 0 0 0 0 0 0 0 0 
939 9 0 0 0 0 0 0 0 0 0 0 0 
940 9 0 0 0 0 0 0 0 0 0 0 0 
941 9 0 0 0 0 0 0 0 0 0 0 0 
942 9 0 0 0 0 0 0 0 0 0 0 0 
943 9 0 0 0 0 0 0 0 0 0 0 0 
944 9 0 0 0 0 0 0 0 0 0 0 0 
945 9 0 0 0 0 0 0 0 0 0 0 0 
946 9 0 0 0 0 0 0 0 0 0 0 0 
947 9 0 0 0 0 0 0 0 0 0 0 0 
948 9 0 0 0 0 0 0 0 0 0 0 0 
949 9 0 0 0 0 0 0 0 0 0 0 0 
950 9 0 0 0 0 0 0 0 0 0 0 0 
951 9 0 0 0 0 0 0 0 0 0 0 0 
952 9 0 0 0 0 0 0 0 0 0 0 0 
953 9 0 0 0 0 0 0 0 0 0 0 0 
954 9 0 0 0 0 0 0 0 0 0 0 0 
955 9 0 0 0 0 0 0 0 0 0 0 0 
956 9 0 0 0 0 0 0 0 0 0 0 0 
957 9 0 0 0 0 0 0 0 0 0 0 0 
958 9 0 0 0 0 0 0 0 0 0 0 0 
959 9 0 0 0 0 0 0 0 0 0 0 0 
960 9 0 0 0 0 0 0 0 0 0 0 0 
961 9 0 0 0 0 0 0 0 0 0 0 0 
962 9 0 0 0 0 0 0 0 0 0 0 0 
963 9 0 0 0 0 0 0 0 0 0 0 0 
964 9 0 0 0 0 0 0 0 0 0 0 0 
965 9 0 0 0 0 0 0 0 0 0 0 0 
966 9 0 0 0 0 0 0 0 0 0 0 0 
967 9 0 0 0 0 0 0 0 0 0 0 0 
968 9 0 0 0 0 0 0 0 0 0 0 0 
969 9 0 0 0 0 0 0 0 0 0 0 0 
970 9 0 0 0 0 0 0 0 0 0 0 0 
971 9 0 0 0 0 0 0 0 0 0 0 0 
972 9 0 0 0 0 0 0 0 0 0 0 0 
973 9 0 0 0 0 0 0 0 0 0 0 0 
974 9 0 0 0 0 0 0 0 0 0 0 0 
975 9 0 0 0 0 0 0 0 0 0 0 0 
976 9 0 0 0 0 0 0 0 0 0 0 0 
977 9 0 0 0 0 0 0 0 0 0 0 0 
978 9 0 0 0 0 0 0 0 0 0 0 0 
979 9 0 0 0 0 0 0 0 0 0 0 0 
980 9 0 0 0 0 0 0 0 0 0 0 0 
981 9 0 0 0 0 0 0 0 0 0 0 0 
982 9 0 0 0 0 0 0 0 0 0 0 0 
983 9 0 0 0 0 0 0 0 0 0 0 0 
984 9 0 0 0 0 0 0 0 0 0 0 0 
985 9 0 0 0 0 0 0 0 0 0 0 0 
986 9 0 0 0 0 0 0 0 0 0 0 0 
987 9 0 0 0 0 0 0 0 0 0 0 0 
988 9 0 0 0 0 0 0 0 0 0 0 0 
989 9 0 0 0 0 0 0 0 0 0 0 0 
990 9 0 0 0 0 0 0 0 0 0 0 0 
991 9 0 0 0 0 0 0 0 0 0 0 0 
992 9 0 0 0 0 0 0 0 0 0 0 0 
993 9 0 0 0 0 0 0 0 0 0 0 0 
994 9 0 0 0 0 0 0 0 0 0 0 0 
995 9 0 0 0 0 0 0 0 0 0 0 0 
996 9 0 0 0 0 0 0 0 0 0 0 0 
997 9 0 0 0 0 0 0 0 0 0 0 0 
998 9 0 0 0 0 0 0 0 0 0 0 0 
999 9 0 0 0 0 0 0 0 0 0 0 0 
1000 9 0 0 0 0 0 0 0 0 0 0 0 
1001 9 0 0 0 0 0 0 0 0 0 0 0 
1002 9 0 0 0 0 0 0 0 0 0 0 0 
1003 9 0 0 0 0 0 0 0 0 0 0 0 
1004 9 0 0 0 0 0 0 0 0 0 0 0 
1005 9 0 0 0 0 0 0 0 0 0 0 0 
1006 9 0 0 0 0 0 0 0 0 0 0 0 
1007 9 0 0 0 0 0 0 0 0 0 0 0 
1008 9 0 0 0 0 0 0 0 0 0 0 0 
1009 9 0 0 0 0 0 0 0 0 0 0 0 
1010 9 0 0 0 0 0 0 0 0 0 0 0 
1011 9 0 0 0 0 0 0 0 0 0 0 0 
1012 9 0 0 0 0 0 0 0 0 0 0 0 
1013 9 0 0 0 0 0 0 0 0 0 0 0 
1014 9 0 0 0 0 0 0 0 0 0 0 0 
1015 9 0 0 0 0 0 0 0 0 0 0 0 
1016 9 0 0 0 0 0 0 0 0 0 0 0 
1017 9 0 0 0 0 0 0 0 0 0 0 0 
1018 9 0 0 0 0 0 0 0 0 0 0 0 
1019 9 0 0 0 0 0 0 0 0 0 0 0 
1020 9 0 0 0 0 0 0 0 0 0 0 0 
1021 9 0 0 0 0 0 0 0 0 0 0 0 
1022 9 0 0 0 0 0 0 0 0 0 0 0 
1023 10 0 0 0 0 0 0 0 0 0 0 0 
1024 10 0 0 0 0 0 0 0 0 0 0 0 
1025 10 0 0 0 0 0 0 0 0 0 0 0 
1026 10 0 0 0 0 0 0 0 0 0 0 0 
1027 10 0 0 0 0 0 0 0 0 0 0 0 
1028 10 0 0 0 0 0 0 0 0 0 0 0 
1029 10 0 0 0 0 0 0 0 0 0 0 0 
1030 10 0 0 0 0 0 0 0 0 0 0 0 
1031 10 0 0 0 0 0 0 0 0 0 0 0 
1032 10 0 0 0 0 0 0 0 0 0 0 0 
1033 10 0 0 0 0 0 0 0 0 0 0 0 
1034 10 0 0 0 0 0 0 0 0 0 0 0 
1035 10 0 0 0 0 0 0 0 0 0 0 0 
1036 10 0 0 0 0 0 0 0 0 0 0 0 
1037 10 0 0 0 0 0 0 0 0 0 0 0 
1038 10 0 0 0 0 0 0 0 0 0 0 0 
1039 10 0 0 0 0 0 0 0 0 0 0 0 
1040 10 0 0 0 0 0 0 0 0 0 0 0 
1041 10 0 0 0 0 0 0 0 0 0 0 0 
1042 10 0 0 0 0 0 0 0 0 0 0 0 
1043 10 0 0 0 0 0 0 0 0 0 0 0 
1044 10 0 0 0 0 0 0 0 0 0 0 0 
1045 10 0 0 0 0 0 0 0 0 0 0 0 
1046 10 0 0 0 0 0 0 0 0 0 0 0 
1047 10 0 0 0 0 0 0 0 0 0 0 0 
1048 10 0 0 0 0 0 0 0 0 0 0 0 
1049 10 0 0 0 0 0 0 0 0 0 0 0 
1050 10 0 0 0 0 0 0 0 0 0 0 0 
1051 10 0 0 0 0 0 0 0 0 0 0 0 
1052 10 0 0 0 0 0 0 0 0 0 0 0 
1053 10 0 0 0 0 0 0 0 0 0 0 0 
1054 10 0 0 0 0 0 0 0 0 0 0 0 
1055 10 0 0 0 0 0 0 0 0 0 0 0 
1056 10 0 0 0 0 0 0 0 0 0 0 0 
1057 10 2 0 0 0 0 0 0 0 0 0 0 
1058 10 3 0 0 0 0 0 0 0 0 0 0 
1059 10 0 0 0 0 0 0 0 0 0 0 0 
1060 10 0 0 0 0 0 0 0 0 0 0 0 
1061 10 0 0 0 0 0 0 0 0 0 0 0 
1062 10 0 0 0 0 0 0 0 0 0 0 0 
1063 10 0 0 0 0 0 0 0 0 0 0 0 
1064 10 0 0 0 0 0 0 0 0 0 0 0 
1065 10 0 0 0 0 0 0 0 0 0 0 0 
1066 10 0 0 0 0 0 0 0 0 0 0 0 
1067 10 0 0 0 0 0 0 0 0 0 0 0 
1068 10 0 0 0 0 0 0 0 0 0 0 0 
1069 10 0 0 0 0 0 0 0 0 0 0 0 
1070 10 0 0 0 0 0 0 0 0 0 0 0 
1071 10 0 0 0 0 0 0 0 0 0 0 0 
1072 10 0 0 0 0 0 0 0 0 0 0 0 
1073 10 0 0 0 0 0 0 0 0 0 0 0 
1074 10 0 0 0 0 0 0 0 0 0 0 0 
1075 10 0 0 0 0 0 0 0 0 0 0 0 
1076 10 0 0 0 0 0 0 0 0 0 0 0 
1077 10 0 0 0 0 0 0 0 0 0 0 0 
1078 10 0 0 0 0 0 0 0 0 0 0 0 
1079 10 0 0 0 0 0 0 0 0 0 0 0 
1080 10 0 0 0 0 0 0 0 0 0 0 0 
1081 10 0 0 0 0 0 0 0 0 0 0 0 
1082 10 0 0 0 0 0 0 0 0 0 0 0 
1083 10 0 0 0 0 0 0 0 0 0 0 0 
1084 10 0 0 0 0 0 0 0 0 0 0 0 
1085 10 0 0 0 0 0 0 0 0 0 0 0 
1086 10 0 0 0 0 0 0 0 0 0 0 0 
1087 10 0 0 0 0 0 0 0 0 0 0 0 
1088 10 0 0 0 0 0 0 0 0 0 0 0 
1089 10 0 0 0 0 0 0 0 0 0 0 0 
1090 10 0 0 0 0 0 0 0 0 0 0 0 
1091 10 0 0 0 0 0 0 0 0 0 0 0 
1092 10 0 0 0 0 0 0 0 0 0 0 0 
1093 10 0 0 0 0 0 0 0 0 0 0 0 
1094 10 0 0 0 0 0 0 0 0 0 0 0 
1095 10 0 0 0 0 0 0 0 0 0 0 0 
1096 10 0 0 0 0 0 0 0 0 0 0 0 
1097 10 0 0 0 0 0 0 0 0 0 0 0 
1098 10 0 0 0 0 0 0 0 0 0 0 0 
1099 10 0 0 0 0 0 0 0 0 0 0 0 
1100 10 0 0 0 0 0 0 0 0 0 0 0 
1101 10 0 0 0 0 0 0 0 0 0 0 0 
1102 10 0 0 0 0 0 0 0 0 0 0 0 
1103 10 0 0 0 0 0 0 0 0 0 0 0 
1104 10 0 0 0 0 0 0 0 0 0 0 0 
1105 10 0 0 0 0 0 0 0 0 0 0 0 
1106 10 0 0 0 0 0 0 0 0 0 0 0 
1107 10 0 0 0 0 0 0 0 0 0 0 0 
1108 10 0 0 0 0 0 0 0 0 0 0 0 
1109 10 0 0 0 0 0 0 0 0 0 0 0 
1110 10 0 0 0 0 0 0 0 0 0 0 0 
1111 10 0 0 0 0 0 0 0 0 0 0 0 
1112 10 0 0 0 0 0 0 0 0 0 0 0 
1113 10 0 0 0 0 0 0 0 0 0 0 0 
1114 10 0 0 0 0 0 0 0 0 0 0 0 
1115 10 0 0 0 0 0 0 0 0 0 0 0 
1116 10 0 0 0 0 0 0 0 0 0 0 0 
1117 10 0 0 0 0 0 0 0 0 0 0 0 
1118 10 0 0 0 0 0 0 0 0 0 0 0 
1119 10 0 0 0 0 0 0 0 0 0 0 0 
1120 10 0 0 0 0 0 0 0 0 0 0 0 
1121 10 0 0 0 0 0 0 0 0 0 0 0 
1122 10 0 0 0 0 0 0 0 0 0 0 0 
1123 10 0 0 0 0 0 0 0 0 0 0 0 
1124 10 0 0 0 0 0 0 0 0 0 0 0 
1125 10 0 0 0 0 0 0 0 0 0 0 0 
1126 10 0 0 0 0 0 0 0 0 0 0 0 
1127 10 0 0 0 0 0 0 0 0 0 0 0 
1128 10 0 0 0 0 0 0 0 0 0 0 0 
1129 10 0 0 0 0 0 0 0 0 0 0 0 
1130 10 0 0 0 0 0 0 0 0 0 0 0 
1131 10 0 0 0 0 0 0 0 0 0 0 0 
1132 10 0 0 0 0 0 0 0 0 0 0 0 
1133 10 0 0 0 0 0 0 0 0 0 0 0 
1134 10 0 0 0 0 0 0 0 0 0 0 0 
1135 10 0 0 0 0 0 0 0 0 0 0 0 
1136 10 0 0 0 0 0 0 0 0 0 0 0 
1137 10 0 0 0 0 0 0 0 0 0 0 0 
1138 10 0 0 0 0 0 0 0 0 0 0 0 
1139 10 0 0 0 0 0 0 0 0 0 0 0 
1140 10 0 0 0 0 0 0 0 0 0 0 0 
1141 10 0 0 0 0 0 0 0 0 0 0 0 
1142 10 0 0 0 0 0 0 0 0 0 0 0 
1143 10 0 0 0 0 0 0 0 0 0 0 0 
1144 10 0 0 0 0 0 0 0 0 0 0 0 
1145 10 0 0 0 0 0 0 0 0 0 0 0 
1146 10 0 0 0 0 0 0 0 0 0 0 0 
1147 10 0 0 0 0 0 0 0 0 0 0 0 
1148 10 0 0 0 0 0 0 0 0 0 0 0 
1149 10 0 0 0 0 0 0 0 0 0 0 0 
1150 10 0 0 0 0 0 0 0 0 0 0 0 
1151 10 0 0 0 0 0 0 0 0 0 0 0 
1152 10 0 0 0 0 0 0 0 0 0 0 0 
1153 10 0 0 0 0 0 0 0 0 0 0 0 
1154 10 0 0 0 0 0 0 0 0 0 0 0 
1155 10 0 0 0 0 0 0 0 0 0 0 0 
1156 10 0 0 0 0 0 0 0 0 0 0 0 
1157 10 0 0 0 0 0 0 0 0 0 0 0 
1158 10 0 0 0 0 0 0 0 0 0 0 0 
1159 10 0 0 0 0 0 0 0 0 0 0 0 
1160 10 0 0 0 0 0 0 0 0 0 0 0 
1161 10 0 0 0 0 0 0 0 0 0 0 0 
1162 10 0 0 0 0 0 0 0 0 0 0 0 
1163 10 0 0 0 0 0 0 0 0 0 0 0 
1164 10 0 0 0 0 0 0 0 0 0 0 0 
1165 10 0 0 0 0 0 0 0 0 0 0 0 
1166 10 0 0 0 0 0 0 0 0 0 0 0 
1167 10 0 0 0 0 0 0 0 0 0 0 0 
1168 10 0 0 0 0 0 0 0 0 0 0 0 
1169 10 0 0 0 0 0 0 0 0 0 0 0 
1170 10 0 0 0 0 0 0 0 0 0 0 0 
1171 10 0 0 0 0 0 0 0 0 0 0 0 
1172 10 0 0 0 0 0 0 0 0 0 0 0 
1173 10 0 0 0 0 0 0 0 0 0 0 0 
1174 10 0 0 0 0 0 0 0 0 0 0 0 
1175 10 0 0 0 0 0 0 0 0 0 0 0 
1176 10 0 0 0 0 0 0 0 0 0 0 0 
1177 10 0 0 0 0 0 0 0 0 0 0 0 
1178 10 0 0 0 0 0 0 0 0 0 0 0 
1179 10 0 0 0 0 0 0 0 0 0 0 0 
1180 10 0 0 0 0 0 0 0 0 0 0 0 
1181 10 0 0 0 0 0 0 0 0 0 0 0 
1182 10 0 0 0 0 0 0 0 0 0 0 0 
1183 10 0 0 0 0 0 0 0 0 0 0 0 
1184 10 0 0 0 0 0 0 0 0 0 0 0 
1185 10 0 0 0 0 0 0 0 0 0 0 0 
1186 10 0 0 0 0 0 0 0 0 0 0 0 
1187 10 0 0 0 0 0 0 0 0 0 0 0 
1188 10 0 0 0 0 0 0 0 0 0 0 0 
1189 10 0 0 0 0 0 0 0 0 0 0 0 
1190 10 0 0 0 0 0 0 0 0 0 0 0 
1191 10 0 0 0 0 0 0 0 0 0 0 0 
1192 10 0 0 0 0 0 0 0 0 0 0 0 
1193 10 0 0 0 0 0 0 0 0 0 0 0 
1194 10 0 0 0 0 0 0 0 0 0 0 0 
1195 10 0 0 0 0 0 0 0 0 0 0 0 
1196 10 0 0 0 0 0 0 0 0 0 0 0 
1197 10 0 0 0 0 0 0 0 0 0 0 0 
1198 10 0 0 0 0 0 0 0 0 0 0 0 
1199 10 0 0 0 0 0 0 0 0 0 0 0 
1200 10 0 0 0 0 0 0 0 0 0 0 0 
1201 10 0 0 0 0 0 0 0 0 0 0 0 
1202 10 0 0 0 0 0 0 0 0 0 0 0 
1203 10 0 0 0 0 0 0 0 0 0 0 0 
1204 10 0 0 0 0 0 0 0 0 0 0 0 
1205 10 0 0 0 0 0 0 0 0 0 0 0 
1206 10 0 0 0 0 0 0 0 0 0 0 0 
1207 10 0 0 0 0 0 0 0 0 0 0 0 
1208 10 0 0 0 0 0 0 0 0 0 0 0 
1209 10 0 0 0 0 0 0 0 0 0 0 0 
1210 10 0 0 0 0 0 0 0 0 0 0 0 
1211 10 0 0 0 0 0 0 0 0 0 0 0 
1212 10 0 0 0 0 0 0 0 0 0 0 0 
1213 10 0 0 0 0 0 0 0 0 0 0 0 
1214 10 0 0 0 0 0 0 0 0 0 0 0 
1215 10 0 0 0 0 0 0 0 0 0 0 0 
1216 10 0 0 0 0 0 0 0 0 0 0 0 
1217 10 0 0 0 0 0 0 0 0 0 0 0 
1218 10 0 0 0 0 0 0 0 0 0 0 0 
1219 10 0 0 0 0 0 0 0 0 0 0 0 
1220 10 0 0 0 0 0 0 0 0 0 0 0 
1221 10 0 0 0 0 0 0 0 0 0 0 0 
1222 10 0 0 0 0 0 0 0 0 0 0 0 
1223 10 0 0 0 0 0 0 0 0 0 0 0 
1224 10 0 0 0 0 0 0 0 0 0 0 0 
1225 10 0 0 0 0 0 0 0 0 0 0 0 
1226 10 0 0 0 0 0 0 0 0 0 0 0 
1227 10 0 0 0 0 0 0 0 0 0 0 0 
1228 10 0 0 0 0 0 0 0 0 0 0 0 
1229 10 0 0 0 0 0 0 0 0 0 0 0 
1230 10 0 0 0 0 0 0 0 0 0 0 0 
1231 10 0 0 0 0 0 0 0 0 0 0 0 
1232 10 0 0 0 0 0 0 0 0 0 0 0 
1233 10 0 0 0 0 0 0 0 0 0 0 0 
1234 10 0 0 0 0 0 0 0 0 0 0 0 
1235 10 0 0 0 0 0 0 0 0 0 0 0 
1236 10 0 0 0 0 0 0 0 0 0 0 0 
1237 10 0 0 0 0 0 0 0 0 0 0 0 
1238 10 0 0 0 0 0 0 0 0 0 0 0 
1239 10 0 0 0 0 0 0 0 0 0 0 0 
1240 10 0 0 0 0 0 0 0 0 0 0 0 
1241 10 0 0 0 0 0 0 0 0 0 0 0 
1242 10 0 0 0 0 0 0 0 0 0 0 0 
1243 10 0 0 0 0 0 0 0 0 0 0 0 
1244 10 0 0 0 0 0 0 0 0 0 0 0 
1245 10 0 0 0 0 0 0 0 0 0 0 0 
1246 10 0 0 0 0 0 0 0 0 0 0 0 
1247 10 0 0 0 0 0 0 0 0 0 0 0 
1248 10 0 0 0 0 0 0 0 0 0 0 0 
1249 10 0 0 0 0 0 0 0 0 0 0 0 
1250 10 0 0 0 0 0 0 0 0 0 0 0 
1251 10 0 0 0 0 0 0 0 0 0 0 0 
1252 10 0 0 0 0 0 0 0 0 0 0 0 
1253 10 0 0 0 0 0 0 0 0 0 0 0 
1254 10 0 0 0 0 0 0 0 0 0 0 0 
1255 10 0 0 0 0 0 0 0 0 0 0 0 
1256 10 0 0 0 0 0 0 0 0 0 0 0 
1257 10 0 0 0 0 0 0 0 0 0 0 0 
1258 10 0 0 0 0 0 0 0 0 0 0 0 
1259 10 0 0 0 0 0 0 0 0 0 0 0 
1260 10 0 0 0 0 0 0 0 0 0 0 0 
1261 10 0 0 0 0 0 0 0 0 0 0 0 
1262 10 0 0 0 0 0 0 0 0 0 0 0 
1263 10 0 0 0 0 0 0 0 0 0 0 0 
1264 10 0 0 0 0 0 0 0 0 0 0 0 
1265 10 0 0 0 0 0 0 0 0 0 0 0 
1266 10 0 0 0 0 0 0 0 0 0 0 0 
1267 10 0 0 0 0 0 0 0 0 0 0 0 
1268 10 0 0 0 0 0 0 0 0 0 0 0 
1269 10 0 0 0 0 0 0 0 0 0 0 0 
1270 10 0 0 0 0 0 0 0 0 0 0 0 
1271 10 0 0 0 0 0 0 0 0 0 0 0 
1272 10 0 0 0 0 0 0 0 0 0 0 0 
1273 10 0 0 0 0 0 0 0 0 0 0 0 
1274 10 0 0 0 0 0 0 0 0 0 0 0 
1275 10 0 0 0 0 0 0 0 0 0 0 0 
1276 10 0 0 0 0 0 0 0 0 0 0 0 
1277 10 0 0 0 0 0 0 0 0 0 0 0 
1278 10 0 0 0 0 0 0 0 0 0 0 0 
1279 10 0 0 0 0 0 0 0 0 0 0 0 
1280 10 0 0 0 0 0 0 0 0 0 0 0 
1281 10 0 0 0 0 0 0 0 0 0 0 0 
1282 10 0 0 0 0 0 0 0 0 0 0 0 
1283 10 0 0 0 0 0 0 0 0 0 0 0 
1284 10 0 0 0 0 0 0 0 0 0 0 0 
1285 10 0 0 0 0 0 0 0 0 0 0 0 
1286 10 0 0 0 0 0 0 0 0 0 0 0 
1287 10 11 0 0 0 0 0 0 0 0 0 0 
1288 10 12 0 0 0 0 0 0 0 0 0 0 
1289 10 13 0 0 0 0 0 0 0 0 0 0 
1290 10 14 0 0 0 0 0 0 0 0 0 0 
1291 10 0 0 0 0 0 0 0 0 0 0 0 
1292 10 0 0 0 0 0 0 0 0 0 0 0 
1293 10 0 0 0 0 0 0 0 0 0 0 0 
1294 10 0 0 0 0 0 0 0 0 0 0 0 
1295 10 0 0 0 0 0 0 0 0 0 0 0 
1296 10 0 0 0 0 0 0 0 0 0 0 0 
1297 10 0 0 0 0 0 0 0 0 0 0 0 
1298 10 0 0 0 0 0 0 0 0 0 0 0 
1299 10 0 0 0 0 0 0 0 0 0 0 0 
1300 10 0 0 0 0 0 0 0 0 0 0 0 
1301 10 0 0 0 0 0 0 0 0 0 0 0 
1302 10 0 0 0 0 0 0 0 0 0 0 0 
1303 10 18 0 0 0 0 0 0 0 0 0 0 
1304 10 19 0 0 0 0 0 0 0 0 0 0 
1305 10 20 0 0 0 0 0 0 0 0 0 0 
1306 10 21 0 0 0 0 0 0 0 0 0 0 
1307 10 22 0 0 0 0 0 0 0 0 0 0 
1308 10 23 0 0 0 0 0 0 0 0 0 0 
1309 10 0 0 0 0 0 0 0 0 0 0 0 
1310 10 0 0 0 0 0 0 0 0 0 0 0 
1311 10 0 0 0 0 0 0 0 0 0 0 0 
1312 10 0 0 0 0 0 0 0 0 0 0 0 
1313 10 0 0 0 0 0 0 0 0 0 0 0 
1314 10 0 0 0 0 0 0 0 0 0 0 0 
1315 10 0 0 0 0 0 0 0 0 0 0 0 
1316 10 0 0 0 0 0 0 0 0 0 0 0 
1317 10 0 0 0 0 0 0 0 0 0 0 0 
1318 10 0 0 0 0 0 0 0 0 0 0 0 
1319 10 0 0 0 0 0 0 0 0 0 0 0 
1320 10 0 0 0 0 0 0 0 0 0 0 0 
1321 10 0 0 0 0 0 0 0 0 0 0 0 
1322 10 0 0 0 0 0 0 0 0 0 0 0 
1323 10 0 0 0 0 0 0 0 0 0 0 0 
1324 10 0 0 0 0 0 0 0 0 0 0 0 
1325 10 29 0 0 0 0 0 0 0 0 0 0 
1326 10 30 0 0 0 0 0 0 0 0 0 0 
1327 10 0 0 0 0 0 0 0 0 0 0 0 
1328 10 0 0 0 0 0 0 0 0 0 0 0 
1329 10 0 0 0 0 0 0 0 0 0 0 0 
1330 10 0 0 0 0 0 0 0 0 0 0 0 
1331 10 0 0 0 0 0 0 0 0 0 0 0 
1332 10 0 0 0 0 0 0 0 0 0 0 0 
1333 10 0 0 0 0 0 0 0 0 0 0 0 
1334 10 0 0 0 0 0 0 0 0 0 0 0 
1335 10 0 0 0 0 0 0 0 0 0 0 0 
1336 10 0 0 0 0 0 0 0 0 0 0 0 
1337 10 0 0 0 0 0 0 0 0 0 0 0 
1338 10 0 0 0 0 0 0 0 0 0 0 0 
1339 10 0 0 0 0 0 0 0 0 0 0 0 
1340 10 0 0 0 0 0 0 0 0 0 0 0 
1341 10 0 0 0 0 0 0 0 0 0 0 0 
1342 10 0 0 0 0 0 0 0 0 0 0 0 
1343 10 0 0 0 0 0 0 0 0 0 0 0 
1344 10 0 0 0 0 0 0 0 0 0 0 0 
1345 10 0 0 0 0 0 0 0 0 0 0 0 
1346 10 0 0 0 0 0 0 0 0 0 0 0 
1347 10 0 0 0 0 0 0 0 0 0 0 0 
1348 10 0 0 0 0 0 0 0 0 0 0 0 
1349 10 0 0 0 0 0 0 0 0 0 0 0 
1350 10 0 0 0 0 0 0 0 0 0 0 0 
1351 10 0 0 0 0 0 0 0 0 0 0 0 
1352 10 0 0 0 0 0 0 0 0 0 0 0 
1353 10 0 0 0 0 0 0 0 0 0 0 0 
1354 10 0 0 0 0 0 0 0 0 0 0 0 
1355 10 0 0 0 0 0 0 0 0 0 0 0 
1356 10 0 0 0 0 0 0 0 0 0 0 0 
1357 10 0 0 0 0 0 0 0 0 0 0 0 
1358 10 0 0 0 0 0 0 0 0 0 0 0 
1359 10 0 0 0 0 0 0 0 0 0 0 0 
1360 10 0 0 0 0 0 0 0 0 0 0 0 
1361 10 0 0 0 0 0 0 0 0 0 0 0 
1362 10 0 0 0 0 0 0 0 0 0 0 0 
1363 10 0 0 0 0 0 0 0 0 0 0 0 
1364 10 0 0 0 0 0 0 0 0 0 0 0 
1365 10 0 0 0 0 0 0 0 0 0 0 0 
1366 10 0 0 0 0 0 0 0 0 0 0 0 
1367 10 0 0 0 0 0 0 0 0 0 0 0 
1368 10 0 0 0 0 0 0 0 0 0 0 0 
1369 10 0 0 0 0 0 0 0 0 0 0 0 
1370 10 0 0 0 0 0 0 0 0 0 0 0 
1371 10 0 0 0 0 0 0 0 0 0 0 0 
1372 10 0 0 0 0 0 0 0 0 0 0 0 
1373 10 0 0 0 0 0 0 0 0 0 0 0 
1374 10 0 0 0 0 0 0 0 0 0 0 0 
1375 10 0 0 0 0 0 0 0 0 0 0 0 
1376 10 0 0 0 0 0 0 0 0 0 0 0 
1377 10 0 0 0 0 0 0 0 0 0 0 0 
1378 10 0 0 0 0 0 0 0 0 0 0 0 
1379 10 0 0 0 0 0 0 0 0 0 0 0 
1380 10 0 0 0 0 0 0 0 0 0 0 0 
1381 10 0 0 0 0 0 0 0 0 0 0 0 
1382 10 0 0 0 0 0 0 0 0 0 0 0 
1383 10 0 0 0 0 0 0 0 0 0 0 0 
1384 10 0 0 0 0 0 0 0 0 0 0 0 
1385 10 0 0 0 0 0 0 0 0 0 0 0 
1386 10 0 0 0 0 0 0 0 0 0 0 0 
1387 10 0 0 0 0 0 0 0 0 0 0 0 
1388 10 0 0 0 0 0 0 0 0 0 0 0 
1389 10 0 0 0 0 0 0 0 0 0 0 0 
1390 10 0 0 0 0 0 0 0 0 0 0 0 
1391 10 0 0 0 0 0 0 0 0 0 0 0 
1392 10 0 0 0 0 0 0 0 0 0 0 0 
1393 10 0 0 0 0 0 0 0 0 0 0 0 
1394 10 0 0 0 0 0 0 0 0 0 0 0 
1395 10 0 0 0 0 0 0 0 0 0 0 0 
1396 10 0 0 0 0 0 0 0 0 0 0 0 
1397 10 0 0 0 0 0 0 0 0 0 0 0 
1398 10 0 0 0 0 0 0 0 0 0 0 0 
1399 10 0 0 0 0 0 0 0 0 0 0 0 
1400 10 0 0 0 0 0 0 0 0 0 0 0 
1401 10 0 0 0 0 0 0 0 0 0 0 0 
1402 10 0 0 0 0 0 0 0 0 0 0 0 
1403 10 0 0 0 0 0 0 0 0 0 0 0 
1404 10 0 0 0 0 0 0 0 0 0 0 0 
1405 10 0 0 0 0 0 0 0 0 0 0 0 
1406 10 0 0 0 0 0 0 0 0 0 0 0 
1407 10 0 0 0 0 0 0 0 0 0 0 0 
1408 10 0 0 0 0 0 0 0 0 0 0 0 
1409 10 0 0 0 0 0 0 0 0 0 0 0 
1410 10 0 0 0 0 0 0 0 0 0 0 0 
1411 10 0 0 0 0 0 0 0 0 0 0 0 
1412 10 0 0 0 0 0 0 0 0 0 0 0 
1413 10 0 0 0 0 0 0 0 0 0 0 0 
1414 10 0 0 0 0 0 0 0 0 0 0 0 
1415 10 0 0 0 0 0 0 0 0 0 0 0 
1416 10 0 0 0 0 0 0 0 0 0 0 0 
1417 10 0 0 0 0 0 0 0 0 0 0 0 
1418 10 0 0 0 0 0 0 0 0 0 0 0 
1419 10 0 0 0 0 0 0 0 0 0 0 0 
1420 10 0 0 0 0 0 0 0 0 0 0 0 
1421 10 0 0 0 0 0 0 0 0 0 0 0 
1422 10 0 0 0 0 0 0 0 0 0 0 0 
1423 10 0 0 0 0 0 0 0 0 0 0 0 
1424 10 0 0 0 0 0 0 0 0 0 0 0 
1425 10 0 0 0 0 0 0 0 0 0 0 0 
1426 10 0 0 0 0 0 0 0 0 0 0 0 
1427 10 0 0 0 0 0 0 0 0 0 0 0 
1428 10 0 0 0 0 0 0 0 0 0 0 0 
1429 10 0 0 0 0 0 0 0 0 0 0 0 
1430 10 0 0 0 0 0 0 0 0 0 0 0 
1431 10 0 0 0 0 0 0 0 0 0 0 0 
1432 10 0 0 0 0 0 0 0 0 0 0 0 
1433 10 0 0 0 0 0 0 0 0 0 0 0 
1434 10 0 0 0 0 0 0 0 0 0 0 0 
1435 10 0 0 0 0 0 0 0 0 0 0 0 
1436 10 0 0 0 0 0 0 0 0 0 0 0 
1437 10 0 0 0 0 0 0 0 0 0 0 0 
1438 10 0 0 0 0 0 0 0 0 0 0 0 
1439 10 0 0 0 0 0 0 0 0 0 0 0 
1440 10 0 0 0 0 0 0 0 0 0 0 0 
1441 10 0 0 0 0 0 0 0 0 0 0 0 
1442 10 0 0 0 0 0 0 0 0 0 0 0 
1443 10 0 0 0 0 0 0 0 0 0 0 0 
1444 10 0 0 0 0 0 0 0 0 0 0 0 
1445 10 0 0 0 0 0 0 0 0 0 0 0 
1446 10 0 0 0 0 0 0 0 0 0 0 0 
1447 10 0 0 0 0 0 0 0 0 0 0 0 
1448 10 0 0 0 0 0 0 0 0 0 0 0 
1449 10 0 0 0 0 0 0 0 0 0 0 0 
1450 10 0 0 0 0 0 0 0 0 0 0 0 
1451 10 0 0 0 0 0 0 0 0 0 0 0 
1452 10 0 0 0 0 0 0 0 0 0 0 0 
1453 10 0 0 0 0 0 0 0 0 0 0 0 
1454 10 0 0 0 0 0 0 0 0 0 0 0 
1455 10 0 0 0 0 0 0 0 0 0 0 0 
1456 10 0 0 0 0 0 0 0 0 0 0 0 
1457 10 0 0 0 0 0 0 0 0 0 0 0 
1458 10 0 0 0 0 0 0 0 0 0 0 0 
1459 10 0 0 0 0 0 0 0 0 0 0 0 
1460 10 0 0 0 0 0 0 0 0 0 0 0 
1461 10 0 0 0 0 0 0 0 0 0 0 0 
1462 10 0 0 0 0 0 0 0 0 0 0 0 
1463 10 0 0 0 0 0 0 0 0 0 0 0 
1464 10 0 0 0 0 0 0 0 0 0 0 0 
1465 10 0 0 0 0 0 0 0 0 0 0 0 
1466 10 0 0 0 0 0 0 0 0 0 0 0 
1467 10 0 0 0 0 0 0 0 0 0 0 0 
1468 10 0 0 0 0 0 0 0 0 0 0 0 
1469 10 0 0 0 0 0 0 0 0 0 0 0 
1470 10 0 0 0 0 0 0 0 0 0 0 0 
1471 10 0 0 0 0 0 0 0 0 0 0 0 
1472 10 0 0 0 0 0 0 0 0 0 0 0 
1473 10 0 0 0 0 0 0 0 0 0 0 0 
1474 10 0 0 0 0 0 0 0 0 0 0 0 
1475 10 0 0 0 0 0 0 0 0 0 0 0 
1476 10 0 0 0 0 0 0 0 0 0 0 0 
1477 10 0 0 0 0 0 0 0 0 0 0 0 
1478 10 0 0 0 0 0 0 0 0 0 0 0 
1479 10 0 0 0 0 0 0 0 0 0 0 0 
1480 10 0 0 0 0 0 0 0 0 0 0 0 
1481 10 0 0 0 0 0 0 0 0 0 0 0 
1482 10 0 0 0 0 0 0 0 0 0 0 0 
1483 10 0 0 0 0 0 0 0 0 0 0 0 
1484 10 0 0 0 0 0 0 0 0 0 0 0 
1485 10 0 0 0 0 0 0 0 0 0 0 0 
1486 10 0 0 0 0 0 0 0 0 0 0 0 
1487 10 0 0 0 0 0 0 0 0 0 0 0 
1488 10 0 0 0 0 0 0 0 0 0 0 0 
1489 10 0 0 0 0 0 0 0 0 0 0 0 
1490 10 0 0 0 0 0 0 0 0 0 0 0 
1491 10 0 0 0 0 0 0 0 0 0 0 0 
1492 10 0 0 0 0 0 0 0 0 0 0 0 
1493 10 0 0 0 0 0 0 0 0 0 0 0 
1494 10 0 0 0 0 0 0 0 0 0 0 0 
1495 10 0 0 0 0 0 0 0 0 0 0 0 
1496 10 0 0 0 0 0 0 0 0 0 0 0 
1497 10 0 0 0 0 0 0 0 0 0 0 0 
1498 10 0 0 0 0 0 0 0 0 0 0 0 
1499 10 0 0 0 0 0 0 0 0 0 0 0 
1500 10 0 0 0 0 0 0 0 0 0 0 0 
1501 10 0 0 0 0 0 0 0 0 0 0 0 
1502 10 0 0 0 0 0 0 0 0 0 0 0 
1503 10 0 0 0 0 0 0 0 0 0 0 0 
1504 10 0 0 0 0 0 0 0 0 0 0 0 
1505 10 0 0 0 0 0 0 0 0 0 0 0 
1506 10 0 0 0 0 0 0 0 0 0 0 0 
1507 10 0 0 0 0 0 0 0 0 0 0 0 
1508 10 0 0 0 0 0 0 0 0 0 0 0 
1509 10 0 0 0 0 0 0 0 0 0 0 0 
1510 10 0 0 0 0 0 0 0 0 0 0 0 
1511 10 0 0 0 0 0 0 0 0 0 0 0 
1512 10 0 0 0 0 0 0 0 0 0 0 0 
1513 10 0 0 0 0 0 0 0 0 0 0 0 
1514 10 0 0 0 0 0 0 0 0 0 0 0 
1515 10 0 0 0 0 0 0 0 0 0 0 0 
1516 10 0 0 0 0 0 0 0 0 0 0 0 
1517 10 55 0 0 0 0 0 0 0 0 0 0 
1518 10 56 0 0 0 0 0 0 0 0 0 0 
1519 10 0 0 0 0 0 0 0 0 0 0 0 
1520 10 0 0 0 0 0 0 0 0 0 0 0 
1521 10 0 0 0 0 0 0 0 0 0 0 0 
1522 10 0 0 0 0 0 0 0 0 0 0 0 
1523 10 0 0 0 0 0 0 0 0 0 0 0 
1524 10 0 0 0 0 0 0 0 0 0 0 0 
1525 10 0 0 0 0 0 0 0 0 0 0 0 
1526 10 0 0 0 0 0 0 0 0 0 0 0 
1527 10 0 0 0 0 0 0 0 0 0 0 0 
1528 10 0 0 0 0 0 0 0 0 0 0 0 
1529 10 0 0 0 0 0 0 0 0 0 0 0 
1530 10 0 0 0 0 0 0 0 0 0 0 0 
1531 10 0 0 0 0 0 0 0 0 0 0 0 
1532 10 0 0 0 0 0 0 0 0 0 0 0 
1533 10 0 0 0 0 0 0 0 0 0 0 0 
1534 10 0 0 0 0 0 0 0 0 0 0 0 
1535 10 0 0 0 0 0 0 0 0 0 0 0 
1536 10 0 0 0 0 0 0 0 0 0 0 0 
1537 10 0 0 0 0 0 0 0 0 0 0 0 
1538 10 0 0 0 0 0 0 0 0 0 0 0 
1539 10 0 0 0 0 0 0 0 0 0 0 0 
1540 10 0 0 0 0 0 0 0 0 0 0 0 
1541 10 0 0 0 0 0 0 0 0 0 0 0 
1542 10 0 0 0 0 0 0 0 0 0 0 0 
1543 10 0 0 0 0 0 0 0 0 0 0 0 
1544 10 0 0 0 0 0 0 0 0 0 0 0 
1545 10 0 0 0 0 0 0 0 0 0 0 0 
1546 10 0 0 0 0 0 0 0 0 0 0 0 
1547 10 0 0 0 0 0 0 0 0 0 0 0 
1548 10 0 0 0 0 0 0 0 0 0 0 0 
1549 10 0 0 0 0 0 0 0 0 0 0 0 
1550 10 0 0 0 0 0 0 0 0 0 0 0 
1551 10 0 0 0 0 0 0 0 0 0 0 0 
1552 10 0 0 0 0 0 0 0 0 0 0 0 
1553 10 0 0 0 0 0 0 0 0 0 0 0 
1554 10 0 0 0 0 0 0 0 0 0 0 0 
1555 10 0 0 0 0 0 0 0 0 0 0 0 
1556 10 0 0 0 0 0 0 0 0 0 0 0 
1557 10 0 0 0 0 0 0 0 0 0 0 0 
1558 10 0 0 0 0 0 0 0 0 0 0 0 
1559 10 0 0 0 0 0 0 0 0 0 0 0 
1560 10 0 0 0 0 0 0 0 0 0 0 0 
1561 10 0 0 0 0 0 0 0 0 0 0 0 
1562 10 0 0 0 0 0 0 0 0 0 0 0 
1563 10 61 0 0 0 0 0 0 0 0 0 0 
1564 10 62 0 0 0 0 0 0 0 0 0 0 
1565 10 0 0 0 0 0 0 0 0 0 0 0 
1566 10 0 0 0 0 0 0 0 0 0 0 0 
1567 10 0 0 0 0 0 0 0 0 0 0 0 
1568 10 0 0 0 0 0 0 0 0 0 0 0 
1569 10 0 0 0 0 0 0 0 0 0 0 0 
1570 10 0 0 0 0 0 0 0 0 0 0 0 
1571 10 0 0 0 0 0 0 0 0 0 0 0 
1572 10 0 0 0 0 0 0 0 0 0 0 0 
1573 10 0 0 0 0 0 0 0 0 0 0 0 
1574 10 0 0 0 0 0 0 0 0 0 0 0 
1575 10 0 0 0 0 0 0 0 0 0 0 0 
1576 10 0 0 0 0 0 0 0 0 0 0 0 
1577 10 66 0 0 0 0 0 0 0 0 0 0 
1578 10 67 0 0 0 0 0 0 0 0 0 0 
1579 10 0 0 0 0 0 0 0 0 0 0 0 
1580 10 0 0 0 0 0 0 0 0 0 0 0 
1581 10 0 0 0 0 0 0 0 0 0 0 0 
1582 10 0 0 0 0 0 0 0 0 0 0 0 
1583 10 0 0 0 0 0 0 0 0 0 0 0 
1584 10 0 0 0 0 0 0 0 0 0 0 0 
1585 10 0 0 0 0 0 0 0 0 0 0 0 
1586 10 0 0 0 0 0 0 0 0 0 0 0 
1587 10 0 0 0 0 0 0 0 0 0 0 0 
1588 10 0 0 0 0 0 0 0 0 0 0 0 
1589 10 0 0 0 0 0 0 0 0 0 0 0 
1590 10 0 0 0 0 0 0 0 0 0 0 0 
1591 10 0 0 0 0 0 0 0 0 0 0 0 
1592 10 0 0 0 0 0 0 0 0 0 0 0 
1593 10 0 0 0 0 0 0 0 0 0 0 0 
1594 10 0 0 0 0 0 0 0 0 0 0 0 
1595 10 0 0 0 0 0 0 0 0 0 0 0 
1596 10 0 0 0 0 0 0 0 0 0 0 0 
1597 10 0 0 0 0 0 0 0 0 0 0 0 
1598 10 0 0 0 0 0 0 0 0 0 0 0 
1599 10 0 0 0 0 0 0 0 0 0 0 0 
1600 10 0 0 0 0 0 0 0 0 0 0 0 
1601 10 0 0 0 0 0 0 0 0 0 0 0 
1602 10 0 0 0 0 0 0 0 0 0 0 0 
1603 10 0 0 0 0 0 0 0 0 0 0 0 
1604 10 0 0 0 0 0 0 0 0 0 0 0 
1605 10 0 0 0 0 0 0 0 0 0 0 0 
1606 10 0 0 0 0 0 0 0 0 0 0 0 
1607 10 0 0 0 0 0 0 0 0 0 0 0 
1608 10 0 0 0 0 0 0 0 0 0 0 0 
1609 10 0 0 0 0 0 0 0 0 0 0 0 
1610 10 0 0 0 0 0 0 0 0 0 0 0 
1611 10 0 0 0 0 0 0 0 0 0 0 0 
1612 10 0 0 0 0 0 0 0 0 0 0 0 
1613 10 0 0 0 0 0 0 0 0 0 0 0 
1614 10 0 0 0 0 0 0 0 0 0 0 0 
1615 10 0 0 0 0 0 0 0 0 0 0 0 
1616 10 0 0 0 0 0 0 0 0 0 0 0 
1617 10 0 0 0 0 0 0 0 0 0 0 0 
1618 10 0 0 0 0 0 0 0 0 0 0 0 
1619 10 0 0 0 0 0 0 0 0 0 0 0 
1620 10 0 0 0 0 0 0 0 0 0 0 0 
1621 10 0 0 0 0 0 0 0 0 0 0 0 
1622 10 0 0 0 0 0 0 0 0 0 0 0 
1623 10 0 0 0 0 0 0 0 0 0 0 0 
1624 10 0 0 0 0 0 0 0 0 0 0 0 
1625 10 0 0 0 0 0 0 0 0 0 0 0 
1626 10 0 0 0 0 0 0 0 0 0 0 0 
1627 10 0 0 0 0 0 0 0 0 0 0 0 
1628 10 0 0 0 0 0 0 0 0 0 0 0 
1629 10 0 0 0 0 0 0 0 0 0 0 0 
1630 10 0 0 0 0 0 0 0 0 0 0 0 
1631 10 71 0 0 0 0 0 0 0 0 0 0 
1632 10 72 0 0 0 0 0 0 0 0 0 0 
1633 10 0 0 0 0 0 0 0 0 0 0 0 
1634 10 0 0 0 0 0 0 0 0 0 0 0 
1635 10 0 0 0 0 0 0 0 0 0 0 0 
1636 10 0 0 0 0 0 0 0 0 0 0 0 
1637 10 0 0 0 0 0 0 0 0 0 0 0 
1638 10 0 0 0 0 0 0 0 0 0 0 0 
1639 10 0 0 0 0 0 0 0 0 0 0 0 
1640 10 0 0 0 0 0 0 0 0 0 0 0 
1641 10 0 0 0 0 0 0 0 0 0 0 0 
1642 10 0 0 0 0 0 0 0 0 0 0 0 
1643 10 0 0 0 0 0 0 0 0 0 0 0 
1644 10 0 0 0 0 0 0 0 0 0 0 0 
1645 10 0 0 0 0 0 0 0 0 0 0 0 
1646 10 0 0 0 0 0 0 0 0 0 0 0 
1647 10 0 0 0 0 0 0 0 0 0 0 0 
1648 10 0 0 0 0 0 0 0 0 0 0 0 
1649 10 0 0 0 0 0 0 0 0 0 0 0 
1650 10 0 0 0 0 0 0 0 0 0 0 0 
1651 10 0 0 0 0 0 0 0 0 0 0 0 
1652 10 0 0 0 0 0 0 0 0 0 0 0 
1653 10 0 0 0 0 0 0 0 0 0 0 0 
1654 10 0 0 0 0 0 0 0 0 0 0 0 
1655 10 0 0 0 0 0 0 0 0 0 0 0 
1656 10 0 0 0 0 0 0 0 0 0 0 0 
1657 10 0 0 0 0 0 0 0 0 0 0 0 
1658 10 0 0 0 0 0 0 0 0 0 0 0 
1659 10 0 0 0 0 0 0 0 0 0 0 0 
1660 10 0 0 0 0 0 0 0 0 0 0 0 
1661 10 0 0 0 0 0 0 0 0 0 0 0 
1662 10 0 0 0 0 0 0 0 0 0 0 0 
1663 10 0 0 0 0 0 0 0 0 0 0 0 
1664 10 0 0 0 0 0 0 0 0 0 0 0 
1665 10 0 0 0 0 0 0 0 0 0 0 0 
1666 10 0 0 0 0 0 0 0 0 0 0 0 
1667 10 0 0 0 0 0 0 0 0 0 0 0 
1668 10 0 0 0 0 0 0 0 0 0 0 0 
1669 10 0 0 0 0 0 0 0 0 0 0 0 
1670 10 0 0 0 0 0 0 0 0 0 0 0 
1671 10 0 0 0 0 0 0 0 0 0 0 0 
1672 10 0 0 0 0 0 0 0 0 0 0 0 
1673 10 0 0 0 0 0 0 0 0 0 0 0 
1674 10 0 0 0 0 0 0 0 0 0 0 0 
1675 10 0 0 0 0 0 0 0 0 0 0 0 
1676 10 0 0 0 0 0 0 0 0 0 0 0 
1677 10 0 0 0 0 0 0 0 0 0 0 0 
1678 10 0 0 0 0 0 0 0 0 0 0 0 
1679 10 0 0 0 0 0 0 0 0 0 0 0 
1680 10 0 0 0 0 0 0 0 0 0 0 0 
1681 10 0 0 0 0 0 0 0 0 0 0 0 
1682 10 0 0 0 0 0 0 0 0 0 0 0 
1683 10 0 0 0 0 0 0 0 0 0 0 0 
1684 10 0 0 0 0 0 0 0 0 0 0 0 
1685 10 0 0 0 0 0 0 0 0 0 0 0 
1686 10 0 0 0 0 0 0 0 0 0 0 0 
1687 10 0 0 0 0 0 0 0 0 0 0 0 
1688 10 0 0 0 0 0 0 0 0 0 0 0 
1689 10 0 0 0 0 0 0 0 0 0 0 0 
1690 10 0 0 0 0 0 0 0 0 0 0 0 
1691 10 0 0 0 0 0 0 0 0 0 0 0 
1692 10 0 0 0 0 0 0 0 0 0 0 0 
1693 10 0 0 0 0 0 0 0 0 0 0 0 
1694 10 0 0 0 0 0 0 0 0 0 0 0 
1695 10 0 0 0 0 0 0 0 0 0 0 0 
1696 10 0 0 0 0 0 0 0 0 0 0 0 
1697 10 0 0 0 0 0 0 0 0 0 0 0 
1698 10 0 0 0 0 0 0 0 0 0 0 0 
1699 10 0 0 0 0 0 0 0 0 0 0 0 
1700 10 0 0 0 0 0 0 0 0 0 0 0 
1701 10 0 0 0 0 0 0 0 0 0 0 0 
1702 10 0 0 0 0 0 0 0 0 0 0 0 
1703 10 0 0 0 0 0 0 0 0 0 0 0 
1704 10 0 0 0 0 0 0 0 0 0 0 0 
1705 10 0 0 0 0 0 0 0 0 0 0 0 
1706 10 0 0 0 0 0 0 0 0 0 0 0 
1707 10 0 0 0 0 0 0 0 0 0 0 0 
1708 10 0 0 0 0 0 0 0 0 0 0 0 
1709 10 0 0 0 0 0 0 0 0 0 0 0 
1710 10 0 0 0 0 0 0 0 0 0 0 0 
1711 10 0 0 0 0 0 0 0 0 0 0 0 
1712 10 0 0 0 0 0 0 0 0 0 0 0 
1713 10 0 0 0 0 0 0 0 0 0 0 0 
1714 10 0 0 0 0 0 0 0 0 0 0 0 
1715 10 0 0 0 0 0 0 0 0 0 0 0 
1716 10 0 0 0 0 0 0 0 0 0 0 0 
1717 10 0 0 0 0 0 0 0 0 0 0 0 
1718 10 0 0 0 0 0 0 0 0 0 0 0 
1719 10 0 0 0 0 0 0 0 0 0 0 0 
1720 10 0 0 0 0 0 0 0 0 0 0 0 
1721 10 0 0 0 0 0 0 0 0 0 0 0 
1722 10 0 0 0 0 0 0 0 0 0 0 0 
1723 10 0 0 0 0 0 0 0 0 0 0 0 
1724 10 0 0 0 0 0 0 0 0 0 0 0 
1725 10 0 0 0 0 0 0 0 0 0 0 0 
1726 10 0 0 0 0 0 0 0 0 0 0 0 
1727 10 0 0 0 0 0 0 0 0 0 0 0 
1728 10 0 0 0 0 0 0 0 0 0 0 0 
1729 10 0 0 0 0 0 0 0 0 0 0 0 
1730 10 0 0 0 0 0 0 0 0 0 0 0 
1731 10 0 0 0 0 0 0 0 0 0 0 0 
1732 10 0 0 0 0 0 0 0 0 0 0 0 
1733 10 0 0 0 0 0 0 0 0 0 0 0 
1734 10 0 0 0 0 0 0 0 0 0 0 0 
1735 10 0 0 0 0 0 0 0 0 0 0 0 
1736 10 0 0 0 0 0 0 0 0 0 0 0 
1737 10 0 0 0 0 0 0 0 0 0 0 0 
1738 10 0 0 0 0 0 0 0 0 0 0 0 
1739 10 0 0 0 0 0 0 0 0 0 0 0 
1740 10 0 0 0 0 0 0 0 0 0 0 0 
1741 10 0 0 0 0 0 0 0 0 0 0 0 
1742 10 0 0 0 0 0 0 0 0 0 0 0 
1743 10 0 0 0 0 0 0 0 0 0 0 0 
1744 10 0 0 0 0 0 0 0 0 0 0 0 
1745 10 0 0 0 0 0 0 0 0 0 0 0 
1746 10 0 0 0 0 0 0 0 0 0 0 0 
1747 10 0 0 0 0 0 0 0 0 0 0 0 
1748 10 0 0 0 0 0 0 0 0 0 0 0 
1749 10 0 0 0 0 0 0 0 0 0 0 0 
1750 10 0 0 0 0 0 0 0 0 0 0 0 
1751 10 0 0 0 0 0 0 0 0 0 0 0 
1752 10 0 0 0 0 0 0 0 0 0 0 0 
1753 10 0 0 0 0 0 0 0 0 0 0 0 
1754 10 0 0 0 0 0 0 0 0 0 0 0 
1755 10 0 0 0 0 0 0 0 0 0 0 0 
1756 10 0 0 0 0 0 0 0 0 0 0 0 
1757 10 0 0 0 0 0 0 0 0 0 0 0 
1758 10 0 0 0 0 0 0 0 0 0 0 0 
1759 10 0 0 0 0 0 0 0 0 0 0 0 
1760 10 0 0 0 0 0 0 0 0 0 0 0 
1761 10 0 0 0 0 0 0 0 0 0 0 0 
1762 10 0 0 0 0 0 0 0 0 0 0 0 
1763 10 0 0 0 0 0 0 0 0 0 0 0 
1764 10 0 0 0 0 0 0 0 0 0 0 0 
1765 10 0 0 0 0 0 0 0 0 0 0 0 
1766 10 0 0 0 0 0 0 0 0 0 0 0 
1767 10 0 0 0 0 0 0 0 0 0 0 0 
1768 10 0 0 0 0 0 0 0 0 0 0 0 
1769 10 0 0 0 0 0 0 0 0 0 0 0 
1770 10 0 0 0 0 0 0 0 0 0 0 0 
1771 10 0 0 0 0 0 0 0 0 0 0 0 
1772 10 0 0 0 0 0 0 0 0 0 0 0 
1773 10 0 0 0 0 0 0 0 0 0 0 0 
1774 10 0 0 0 0 0 0 0 0 0 0 0 
1775 10 0 0 0 0 0 0 0 0 0 0 0 
1776 10 0 0 0 0 0 0 0 0 0 0 0 
1777 10 0 0 0 0 0 0 0 0 0 0 0 
1778 10 0 0 0 0 0 0 0 0 0 0 0 
1779 10 0 0 0 0 0 0 0 0 0 0 0 
1780 10 0 0 0 0 0 0 0 0 0 0 0 
1781 10 0 0 0 0 0 0 0 0 0 0 0 
1782 10 0 0 0 0 0 0 0 0 0 0 0 
1783 10 0 0 0 0 0 0 0 0 0 0 0 
1784 10 0 0 0 0 0 0 0 0 0 0 0 
1785 10 0 0 0 0 0 0 0 0 0 0 0 
1786 10 0 0 0 0 0 0 0 0 0 0 0 
1787 10 0 0 0 0 0 0 0 0 0 0 0 
1788 10 0 0 0 0 0 0 0 0 0 0 0 
1789 10 0 0 0 0 0 0 0 0 0 0 0 
1790 10 0 0 0 0 0 0 0 0 0 0 0 
1791 10 0 0 0 0 0 0 0 0 0 0 0 
1792 10 0 0 0 0 0 0 0 0 0 0 0 
1793 10 0 0 0 0 0 0 0 0 0 0 0 
1794 10 0 0 0 0 0 0 0 0 0 0 0 
1795 10 0 0 0 0 0 0 0 0 0 0 0 
1796 10 0 0 0 0 0 0 0 0 0 0 0 
1797 10 0 0 0 0 0 0 0 0 0 0 0 
1798 10 0 0 0 0 0 0 0 0 0 0 0 
1799 10 0 0 0 0 0 0 0 0 0 0 0 
1800 10 0 0 0 0 0 0 0 0 0 0 0 
1801 10 0 0 0 0 0 0 0 0 0 0 0 
1802 10 0 0 0 0 0 0 0 0 0 0 0 
1803 10 0 0 0 0 0 0 0 0 0 0 0 
1804 10 0 0 0 0 0 0 0 0 0 0 0 
1805 10 0 0 0 0 0 0 0 0 0 0 0 
1806 10 0 0 0 0 0 0 0 0 0 0 0 
1807 10 0 0 0 0 0 0 0 0 0 0 0 
1808 10 0 0 0 0 0 0 0 0 0 0 0 
1809 10 0 0 0 0 0 0 0 0 0 0 0 
1810 10 0 0 0 0 0 0 0 0 0 0 0 
1811 10 0 0 0 0 0 0 0 0 0 0 0 
1812 10 0 0 0 0 0 0 0 0 0 0 0 
1813 10 0 0 0 0 0 0 0 0 0 0 0 
1814 10 0 0 0 0 0 0 0 0 0 0 0 
1815 10 0 0 0 0 0 0 0 0 0 0 0 
1816 10 0 0 0 0 0 0 0 0 0 0 0 
1817 10 0 0 0 0 0 0 0 0 0 0 0 
1818 10 0 0 0 0 0 0 0 0 0 0 0 
1819 10 0 0 0 0 0 0 0 0 0 0 0 
1820 10 0 0 0 0 0 0 0 0 0 0 0 
1821 10 0 0 0 0 0 0 0 0 0 0 0 
1822 10 0 0 0 0 0 0 0 0 0 0 0 
1823 10 0 0 0 0 0 0 0 0 0 0 0 
1824 10 0 0 0 0 0 0 0 0 0 0 0 
1825 10 0 0 0 0 0 0 0 0 0 0 0 
1826 10 0 0 0 0 0 0 0 0 0 0 0 
1827 10 0 0 0 0 0 0 0 0 0 0 0 
1828 10 0 0 0 0 0 0 0 0 0 0 0 
1829 10 0 0 0 0 0 0 0 0 0 0 0 
1830 10 0 0 0 0 0 0 0 0 0 0 0 
1831 10 0 0 0 0 0 0 0 0 0 0 0 
1832 10 0 0 0 0 0 0 0 0 0 0 0 
1833 10 0 0 0 0 0 0 0 0 0 0 0 
1834 10 0 0 0 0 0 0 0 0 0 0 0 
1835 10 0 0 0 0 0 0 0 0 0 0 0 
1836 10 0 0 0 0 0 0 0 0 0 0 0 
1837 10 0 0 0 0 0 0 0 0 0 0 0 
1838 10 0 0 0 0 0 0 0 0 0 0 0 
1839 10 0 0 0 0 0 0 0 0 0 0 0 
1840 10 0 0 0 0 0 0 0 0 0 0 0 
1841 10 0 0 0 0 0 0 0 0 0 0 0 
1842 10 0 0 0 0 0 0 0 0 0 0 0 
1843 10 0 0 0 0 0 0 0 0 0 0 0 
1844 10 0 0 0 0 0 0 0 0 0 0 0 
1845 10 0 0 0 0 0 0 0 0 0 0 0 
1846 10 0 0 0 0 0 0 0 0 0 0 0 
1847 10 0 0 0 0 0 0 0 0 0 0 0 
1848 10 0 0 0 0 0 0 0 0 0 0 0 
1849 10 0 0 0 0 0 0 0 0 0 0 0 
1850 10 0 0 0 0 0 0 0 0 0 0 0 
1851 10 0 0 0 0 0 0 0 0 0 0 0 
1852 10 0 0 0 0 0 0 0 0 0 0 0 
1853 10 0 0 0 0 0 0 0 0 0 0 0 
1854 10 0 0 0 0 0 0 0 0 0 0 0 
1855 10 0 0 0 0 0 0 0 0 0 0 0 
1856 10 0 0 0 0 0 0 0 0 0 0 0 
1857 10 0 0 0 0 0 0 0 0 0 0 0 
1858 10 0 0 0 0 0 0 0 0 0 0 0 
1859 10 0 0 0 0 0 0 0 0 0 0 0 
1860 10 0 0 0 0 0 0 0 0 0 0 0 
1861 10 0 0 0 0 0 0 0 0 0 0 0 
1862 10 0 0 0 0 0 0 0 0 0 0 0 
1863 10 0 0 0 0 0 0 0 0 0 0 0 
1864 10 0 0 0 0 0 0 0 0 0 0 0 
1865 10 0 0 0 0 0 0 0 0 0 0 0 
1866 10 0 0 0 0 0 0 0 0 0 0 0 
1867 10 0 0 0 0 0 0 0 0 0 0 0 
1868 10 0 0 0 0 0 0 0 0 0 0 0 
1869 10 0 0 0 0 0 0 0 0 0 0 0 
1870 10 0 0 0 0 0 0 0 0 0 0 0 
1871 10 0 0 0 0 0 0 0 0 0 0 0 
1872 10 0 0 0 0 0 0 0 0 0 0 0 
1873 10 0 0 0 0 0 0 0 0 0 0 0 
1874 10 0 0 0 0 0 0 0 0 0 0 0 
1875 10 0 0 0 0 0 0 0 0 0 0 0 
1876 10 0 0 0 0 0 0 0 0 0 0 0 
1877 10 0 0 0 0 0 0 0 0 0 0 0 
1878 10 0 0 0 0 0 0 0 0 0 0 0 
1879 10 0 0 0 0 0 0 0 0 0 0 0 
1880 10 0 0 0 0 0 0 0 0 0 0 0 
1881 10 0 0 0 0 0 0 0 0 0 0 0 
1882 10 0 0 0 0 0 0 0 0 0 0 0 
1883 10 0 0 0 0 0 0 0 0 0 0 0 
1884 10 0 0 0 0 0 0 0 0 0 0 0 
1885 10 0 0 0 0 0 0 0 0 0 0 0 
1886 10 0 0 0 0 0 0 0 0 0 0 0 
1887 10 0 0 0 0 0 0 0 0 0 0 0 
1888 10 0 0 0 0 0 0 0 0 0 0 0 
1889 10 0 0 0 0 0 0 0 0 0 0 0 
1890 10 0 0 0 0 0 0 0 0 0 0 0 
1891 10 0 0 0 0 0 0 0 0 0 0 0 
1892 10 0 0 0 0 0 0 0 0 0 0 0 
1893 10 0 0 0 0 0 0 0 0 0 0 0 
1894 10 0 0 0 0 0 0 0 0 0 0 0 
1895 10 0 0 0 0 0 0 0 0 0 0 0 
1896 10 0 0 0 0 0 0 0 0 0 0 0 
1897 10 0 0 0 0 0 0 0 0 0 0 0 
1898 10 0 0 0 0 0 0 0 0 0 0 0 
1899 10 0 0 0 0 0 0 0 0 0 0 0 
1900 10 0 0 0 0 0 0 0 0 0 0 0 
1901 10 0 0 0 0 0 0 0 0 0 0 0 
1902 10 0 0 0 0 0 0 0 0 0 0 0 
1903 10 0 0 0 0 0 0 0 0 0 0 0 
1904 10 0 0 0 0 0 0 0 0 0 0 0 
1905 10 0 0 0 0 0 0 0 0 0 0 0 
1906 10 0 0 0 0 0 0 0 0 0 0 0 
1907 10 0 0 0 0 0 0 0 0 0 0 0 
1908 10 0 0 0 0 0 0 0 0 0 0 0 
1909 10 0 0 0 0 0 0 0 0 0 0 0 
1910 10 0 0 0 0 0 0 0 0 0 0 0 
1911 10 0 0 0 0 0 0 0 0 0 0 0 
1912 10 0 0 0 0 0 0 0 0 0 0 0 
1913 10 0 0 0 0 0 0 0 0 0 0 0 
1914 10 0 0 0 0 0 0 0 0 0 0 0 
1915 10 0 0 0 0 0 0 0 0 0 0 0 
1916 10 0 0 0 0 0 0 0 0 0 0 0 
1917 10 0 0 0 0 0 0 0 0 0 0 0 
1918 10 0 0 0 0 0 0 0 0 0 0 0 
1919 10 0 0 0 0 0 0 0 0 0 0 0 
1920 10 0 0 0 0 0 0 0 0 0 0 0 
1921 10 0 0 0 0 0 0 0 0 0 0 0 
1922 10 0 0 0 0 0 0 0 0 0 0 0 
1923 10 0 0 0 0 0 0 0 0 0 0 0 
1924 10 0 0 0 0 0 0 0 0 0 0 0 
1925 10 0 0 0 0 0 0 0 0 0 0 0 
1926 10 0 0 0 0 0 0 0 0 0 0 0 
1927 10 0 0 0 0 0 0 0 0 0 0 0 
1928 10 0 0 0 0 0 0 0 0 0 0 0 
1929 10 0 0 0 0 0 0 0 0 0 0 0 
1930 10 0 0 0 0 0 0 0 0 0 0 0 
1931 10 0 0 0 0 0 0 0 0 0 0 0 
1932 10 0 0 0 0 0 0 0 0 0 0 0 
1933 10 0 0 0 0 0 0 0 0 0 0 0 
1934 10 0 0 0 0 0 0 0 0 0 0 0 
1935 10 0 0 0 0 0 0 0 0 0 0 0 
1936 10 0 0 0 0 0 0 0 0 0 0 0 
1937 10 0 0 0 0 0 0 0 0 0 0 0 
1938 10 0 0 0 0 0 0 0 0 0 0 0 
1939 10 0 0 0 0 0 0 0 0 0 0 0 
1940 10 0 0 0 0 0 0 0 0 0 0 0 
1941 10 0 0 0 0 0 0 0 0 0 0 0 
1942 10 0 0 0 0 0 0 0 0 0 0 0 
1943 10 0 0 0 0 0 0 0 0 0 0 0 
1944 10 0 0 0 0 0 0 0 0 0 0 0 
1945 10 0 0 0 0 0 0 0 0 0 0 0 
1946 10 0 0 0 0 0 0 0 0 0 0 0 
1947 10 0 0 0 0 0 0 0 0 0 0 0 
1948 10 0 0 0 0 0 0 0 0 0 0 0 
1949 10 0 0 0 0 0 0 0 0 0 0 0 
1950 10 0 0 0 0 0 0 0 0 0 0 0 
1951 10 0 0 0 0 0 0 0 0 0 0 0 
1952 10 0 0 0 0 0 0 0 0 0 0 0 
1953 10 0 0 0 0 0 0 0 0 0 0 0 
1954 10 0 0 0 0 0 0 0 0 0 0 0 
1955 10 0 0 0 0 0 0 0 0 0 0 0 
1956 10 0 0 0 0 0 0 0 0 0 0 0 
1957 10 0 0 0 0 0 0 0 0 0 0 0 
1958 10 0 0 0 0 0 0 0 0 0 0 0 
1959 10 0 0 0 0 0 0 0 0 0 0 0 
1960 10 0 0 0 0 0 0 0 0 0 0 0 
1961 10 0 0 0 0 0 0 0 0 0 0 0 
1962 10 0 0 0 0 0 0 0 0 0 0 0 
1963 10 0 0 0 0 0 0 0 0 0 0 0 
1964 10 0 0 0 0 0 0 0 0 0 0 0 
1965 10 0 0 0 0 0 0 0 0 0 0 0 
1966 10 0 0 0 0 0 0 0 0 0 0 0 
1967 10 0 0 0 0 0 0 0 0 0 0 0 
1968 10 0 0 0 0 0 0 0 0 0 0 0 
1969 10 0 0 0 0 0 0 0 0 0 0 0 
1970 10 0 0 0 0 0 0 0 0 0 0 0 
1971 10 0 0 0 0 0 0 0 0 0 0 0 
1972 10 0 0 0 0 0 0 0 0 0 0 0 
1973 10 0 0 0 0 0 0 0 0 0 0 0 
1974 10 0 0 0 0 0 0 0 0 0 0 0 
1975 10 0 0 0 0 0 0 0 0 0 0 0 
1976 10 0 0 0 0 0 0 0 0 0 0 0 
1977 10 0 0 0 0 0 0 0 0 0 0 0 
1978 10 0 0 0 0 0 0 0 0 0 0 0 
1979 10 0 0 0 0 0 0 0 0 0 0 0 
1980 10 0 0 0 0 0 0 0 0 0 0 0 
1981 10 0 0 0 0 0 0 0 0 0 0 0 
1982 10 0 0 0 0 0 0 0 0 0 0 0 
1983 10 0 0 0 0 0 0 0 0 0 0 0 
1984 10 0 0 0 0 0 0 0 0 0 0 0 
1985 10 0 0 0 0 0 0 0 0 0 0 0 
1986 10 0 0 0 0 0 0 0 0 0 0 0 
1987 10 0 0 0 0 0 0 0 0 0 0 0 
1988 10 0 0 0 0 0 0 0 0 0 0 0 
1989 10 0 0 0 0 0 0 0 0 0 0 0 
1990 10 0 0 0 0 0 0 0 0 0 0 0 
1991 10 0 0 0 0 0 0 0 0 0 0 0 
1992 10 0 0 0 0 0 0 0 0 0 0 0 
1993 10 0 0 0 0 0 0 0 0 0 0 0 
1994 10 0 0 0 0 0 0 0 0 0 0 0 
1995 10 0 0 0 0 0 0 0 0 0 0 0 
1996 10 0 0 0 0 0 0 0 0 0 0 0 
1997 10 0 0 0 0 0 0 0 0 0 0 0 
1998 10 0 0 0 0 0 0 0 0 0 0 0 
1999 10 0 0 0 0 0 0 0 0 0 0 0 
2000 10 0 0 0 0 0 0 0 0 0 0 0 
2001 10 0 0 0 0 0 0 0 0 0 0 0 
2002 10 0 0 0 0 0 0 0 0 0 0 0 
2003 10 0 0 0 0 0 0 0 0 0 0 0 
2004 10 0 0 0 0 0 0 0 0 0 0 0 
2005 10 0 0 0 0 0 0 0 0 0 0 0 
2006 10 0 0 0 0 0 0 0 0 0 0 0 
2007 10 0 0 0 0 0 0 0 0 0 0 0 
2008 10 0 0 0 0 0 0 0 0 0 0 0 
2009 10 0 0 0 0 0 0 0 0 0 0 0 
2010 10 0 0 0 0 0 0 0 0 0 0 0 
2011 10 0 0 0 0 0 0 0 0 0 0 0 
2012 10 0 0 0 0 0 0 0 0 0 0 0 
2013 10 0 0 0 0 0 0 0 0 0 0 0 
2014 10 0 0 0 0 0 0 0 0 0 0 0 
2015 10 0 0 0 0 0 0 0 0 0 0 0 
2016 10 0 0 0 0 0 0 0 0 0 0 0 
2017 10 0 0 0 0 0 0 0 0 0 0 0 
2018 10 0 0 0 0 0 0 0 0 0 0 0 
2019 10 0 0 0 0 0 0 0 0 0 0 0 
2020 10 0 0 0 0 0 0 0 0 0 0 0 
2021 10 0 0 0 0 0 0 0 0 0 0 0 
2022 10 0 0 0 0 0 0 0 0 0 0 0 
2023 10 0 0 0 0 0 0 0 0 0 0 0 
2024 10 0 0 0 0 0 0 0 0 0 0 0 
2025 10 0 0 0 0 0 0 0 0 0 0 0 
2026 10 0 0 0 0 0 0 0 0 0 0 0 
2027 10 0 0 0 0 0 0 0 0 0 0 0 
2028 10 0 0 0 0 0 0 0 0 0 0 0 
2029 10 0 0 0 0 0 0 0 0 0 0 0 
2030 10 0 0 0 0 0 0 0 0 0 0 0 
2031 10 0 0 0 0 0 0 0 0 0 0 0 
2032 10 0 0 0 0 0 0 0 0 0 0 0 
2033 10 0 0 0 0 0 0 0 0 0 0 0 
2034 10 0 0 0 0 0 0 0 0 0 0 0 
2035 10 0 0 0 0 0 0 0 0 0 0 0 
2036 10 0 0 0 0 0 0 0 0 0 0 0 
2037 10 0 0 0 0 0 0 0 0 0 0 0 
2038 10 0 0 0 0 0 0 0 0 0 0 0 
2039 10 0 0 0 0 0 0 0 0 0 0 0 
2040 10 0 0 0 0 0 0 0 0 0 0 0 
2041 10 0 0 0 0 0 0 0 0 0 0 0 
2042 10 0 0 0 0 0 0 0 0 0 0 0 
2043 10 0 0 0 0 0 0 0 0 0 0 0 
2044 10 0 0 0 0 0 0 0 0 0 0 0 
2045 10 0 0 0 0 0 0 0 0 0 0 0 
2046 10 0 0 0 0 0 0 0 0 0 0 0 

0 2 2 0 bottle 0.972497 17 -1 -13 288 4 7 48 -16 2 312 19 2 324 -6 -18 288 29 -18 192 7 66 0 24 -13 312 29 12 288 -11 -13 300 -11 7 300 7 61 48 17 51 0 29 -73 36 29 -58 312 -11 52 288 -1 52 36 1 pack 0.2827 1 42 -66 312 
1 2 1 0 bottle 1 3 17 51 48 2 -59 84 4 -68 300 
2 2 1 0 bottle 1 12 7 61 264 27 -64 84 -8 61 0 27 -19 0 -3 61 96 22 -19 264 -8 -64 36 27 31 252 32 -44 108 27 -9 0 32 -29 96 32 1 84 
3 2 1 0 bottle 0.981495 51 -3 56 264 29 -58 48 27 -64 0 22 41 264 27 -64 120 -8 56 108 27 -34 0 32 -74 96 32 -39 264 32 -84 96 32 36 36 14 42 192 27 -54 0 27 -54 120 22 -14 264 27 -29 84 32 36 48 27 16 36 27 -54 48 27 31 0 27 6 84 27 36 36 22 66 120 7 61 36 -3 56 0 32 -34 264 32 1 264 32 -19 0 32 61 36 32 -29 252 32 -9 0 32 -24 108 32 26 0 32 51 0 32 -29 156 32 6 264 32 -14 156 27 -54 252 17 66 0 27 61 84 -18 56 252 -3 56 96 2 56 84 -3 56 84 22 -64 156 -13 56 0 22 51 156 27 -89 264 32 21 0 22 -54 36 19 -13 120 
4 2 1 1 pack 1 1 32 -101 240 
5 2 1 1 pack 1 2 -43 54 216 22 -71 324 
6 2 1 0 bottle 1 7 -6 -93 288 9 -98 48 -16 -98 192 14 -93 36 4 -98 120 -11 -98 312 -26 -98 324 
7 2 2 0 bottle 0.543081 4 4 -23 48 12 66 0 7 56 0 19 2 312 1 pack 0.848101 5 -28 54 204 -33 59 240 -28 84 204 -11 -57 240 17 79 132 
8 2 2 0 bottle 0.409449 7 27 61 156 17 56 264 22 56 120 22 56 252 17 61 108 -3 -64 96 12 61 0 1 pack 0.853085 13 -13 39 204 22 94 216 22 79 312 2 4 84 -11 -47 0 -18 9 216 -18 14 204 -23 14 216 -43 -46 84 -23 29 216 -28 59 216 -28 24 228 -18 -1 204 
9 2 2 0 bottle 0.342105 10 -6 -8 324 4 -58 276 -16 42 48 -13 -44 48 2 -69 0 29 -103 192 19 -103 300 17 21 120 -3 26 252 17 11 264 1 pack 0.299553 3 -8 84 228 -38 -96 312 -48 -91 312 
10 2 1 0 bottle 0.958124 11 12 -44 252 17 -39 36 17 11 0 17 -59 48 17 -34 264 9 -43 36 12 -54 0 22 -4 120 -21 72 324 2 -69 108 19 -68 12 
11 2 1 0 bottle 0.976526 40 -26 67 300 17 -24 120 22 11 0 2 -34 108 22 6 108 22 -9 96 17 -24 156 22 -14 48 -13 -19 84 -36 32 276 -31 -33 120 -31 -3 120 22 -19 84 17 -4 108 -6 -53 312 12 26 252 7 1 264 12 26 84 -18 11 120 12 -4 36 -13 26 108 24 92 276 34 -103 192 -13 -84 36 -3 -84 84 -36 92 288 29 92 120 17 -84 96 17 31 108 -21 52 48 -1 82 48 -11 -53 192 -36 42 312 -26 27 36 17 -54 0 29 97 120 12 -44 156 9 -53 48 12 -34 252 17 11 96 
12 2 1 1 pack 1 2 -18 109 84 -38 99 324 
13 2 2 0 bottle 0.903475 36 -16 52 192 14 -78 12 22 31 264 -13 -34 120 -8 -89 84 -16 -103 288 2 46 36 -18 -69 84 -16 -103 192 -11 67 120 -1 -103 300 17 -44 48 -18 76 48 9 -103 288 7 46 252 29 92 276 -31 47 192 -11 -103 312 -23 81 156 -31 67 288 -16 87 276 7 -84 252 12 -84 252 -23 76 264 -36 42 300 22 31 48 24 97 36 7 -9 36 17 11 120 -23 86 156 2 -14 36 -13 -69 120 2 -69 120 -23 76 84 24 97 48 -36 -73 48 1 pack 0.134809 1 -23 74 324 
14 2 2 0 bottle 0.565217 15 -36 -8 36 22 -84 0 -8 -69 108 -36 12 36 17 31 264 12 21 264 -18 91 108 -31 52 324 -26 87 312 -31 -68 48 -36 -48 192 -21 52 36 -23 86 0 -31 32 312 -16 52 48 1 pack 0.770115 13 -53 54 84 -53 59 276 -53 -16 324 -48 24 276 -53 -41 84 -33 104 132 -46 -32 336 -28 -36 276 -53 -56 324 -28 -26 324 -23 -66 216 -48 94 132 -48 84 84 
15 2 2 0 bottle 0.237805 3 -36 -8 12 -36 -23 12 -21 52 12 1 pack 0.811575 9 -16 38 24 -13 -1 216 -38 -61 216 -48 -26 324 -41 3 24 -53 29 312 32 -46 36 -48 4 276 -48 54 324 
16 2 2 0 bottle 0.79436 13 -11 72 120 -26 52 300 -13 91 84 -18 91 36 -26 22 48 -16 92 192 -26 -8 120 -26 32 192 -11 92 192 -11 87 36 -16 87 312 -31 37 276 -1 32 312 1 pack 0.741697 6 -6 58 96 2 -61 36 -23 -96 312 -36 38 216 -31 48 12 -41 28 216 
17 2 1 0 bottle 0.0441801 1 39 -3 324 
18 2 2 0 bottle 0.501868 155 19 -83 48 -1 -83 120 19 -38 36 -11 67 324 9 27 120 -6 -83 48 9 -83 12 2 16 48 29 -73 300 34 -73 36 -11 67 312 14 -78 36 19 -33 48 -16 -83 12 7 86 120 19 32 120 14 47 300 -8 -39 252 29 -23 12 39 92 36 -1 -33 300 29 67 120 -16 102 120 -16 102 48 32 -4 252 29 -48 48 22 76 156 29 -48 276 22 86 156 -21 107 192 7 26 48 2 -29 0 -21 102 48 -21 102 300 19 37 276 -11 92 12 24 27 300 27 66 36 39 -33 36 27 76 84 24 77 312 39 -58 324 34 32 120 34 -68 324 27 86 252 -11 97 324 4 102 192 32 66 0 34 57 288 12 21 108 27 76 156 39 -78 288 9 107 120 27 81 108 29 27 36 39 27 36 -21 107 12 27 86 36 12 6 108 39 -8 48 24 62 48 -23 86 96 -36 102 48 34 57 120 24 67 12 29 102 120 39 -43 276 2 21 264 -31 107 12 14 102 300 29 77 48 39 -58 300 -26 102 192 32 81 264 39 -18 48 39 82 276 -28 66 0 -6 97 120 4 97 288 4 97 36 34 67 120 39 -63 312 -21 92 288 39 -53 300 34 -8 324 14 102 48 34 87 36 29 87 120 34 27 36 14 102 312 -6 97 300 39 -23 192 -1 102 312 -36 77 276 -36 -28 120 34 47 312 -28 71 0 39 57 276 24 107 288 2 1 96 39 7 288 34 107 48 14 102 12 4 107 48 39 42 12 39 97 276 4 107 300 29 72 48 -23 71 120 22 91 252 39 47 36 -36 77 12 39 12 300 7 -19 252 34 97 324 39 -23 288 -31 62 288 29 72 300 19 47 288 29 32 312 34 27 12 29 47 300 34 107 300 39 62 276 24 47 324 -36 12 120 19 87 276 24 102 300 24 47 312 29 27 312 34 77 192 -28 91 120 39 12 12 29 62 48 34 37 12 19 97 324 29 42 300 34 82 288 9 97 276 14 97 300 -36 82 312 29 47 48 34 67 288 -1 107 48 -36 62 36 -28 86 108 -36 102 276 29 52 300 -36 32 36 -36 72 288 39 37 36 -36 57 192 -36 67 48 -31 97 120 -31 92 12 1 pack 0.663488 108 -18 -96 312 -33 -76 252 44 18 12 -28 4 240 49 -32 216 57 19 132 22 -56 216 -31 -12 96 52 -96 216 57 44 312 57 -6 216 52 49 276 52 -11 12 47 -6 12 57 34 36 22 -16 252 42 -76 240 42 -11 228 52 -6 252 -28 104 228 57 64 12 42 -76 132 57 59 240 52 19 36 42 -1 276 -28 109 324 -43 89 312 42 -56 252 37 -21 204 59 28 108 -33 89 252 42 -46 252 47 -46 36 54 -27 24 -33 99 36 37 -76 132 52 -91 312 -33 99 216 57 -91 276 -43 99 216 -51 53 336 59 38 0 42 109 240 59 33 216 47 -46 252 -13 104 216 42 94 132 42 79 204 49 -27 0 12 114 216 -48 94 276 47 19 252 47 74 252 37 99 228 37 109 276 14 58 240 52 79 276 47 84 240 -56 13 96 42 -36 132 22 84 132 52 79 132 -51 3 24 -56 3 240 47 69 276 -38 104 252 -43 114 84 -56 53 216 24 53 96 -51 33 24 59 -47 12 -53 104 276 -56 38 216 37 -56 216 47 -76 132 54 23 240 32 109 216 37 69 132 -48 79 240 57 -36 324 47 -16 228 52 114 204 52 -16 12 59 3 108 27 114 252 52 79 36 -53 69 252 -31 58 240 -51 43 96 49 -17 12 59 -7 96 57 -81 204 -41 58 240 47 94 276 52 -61 324 -46 -22 0 37 44 252 -41 43 12 49 58 0 52 -16 312 54 -17 216 54 8 12 37 94 312 39 58 108 57 94 204 -26 48 96 52 -41 228 42 -26 84 
19 2 2 0 bottle 0.277177 33 -36 72 192 4 107 276 24 47 36 -31 82 12 29 -103 120 -1 97 12 -36 42 48 -31 42 120 -31 62 36 7 26 120 -36 -83 120 -26 62 48 -26 82 48 4 27 120 34 92 36 7 21 96 4 -83 312 34 -33 48 -16 62 120 9 -103 324 -18 -89 96 -21 67 312 12 31 120 2 11 36 -8 21 156 -23 -89 120 -1 -83 300 -8 -9 0 -23 -89 108 -1 -78 36 -23 -44 264 -21 -13 120 -11 -43 300 1 pack 0.39744 19 52 104 240 12 109 204 59 -2 336 52 -31 228 47 94 240 -56 23 216 57 -26 12 57 89 228 57 84 228 -51 -37 12 -21 58 24 59 3 24 59 3 240 -41 -42 0 57 114 276 17 -66 12 -21 -7 108 -18 44 240 -48 -111 228 
20 2 2 0 bottle 0.229075 1 29 -33 120 1 pack 0.917808 5 -1 13 0 -13 -96 312 12 4 216 -23 29 84 34 -32 108 
21 2 2 0 bottle 0.9066 28 19 -63 300 -36 -103 192 -21 97 120 39 27 312 -18 -54 108 19 102 276 -11 -28 324 -13 -29 264 -36 17 120 -31 82 276 -1 -38 312 24 -73 36 2 -4 120 -31 62 48 22 -59 0 -36 57 288 -11 -23 324 4 22 36 19 -48 12 -1 67 324 -1 -58 120 -13 -34 108 2 -4 156 -13 6 120 9 22 48 -6 -23 36 -21 -23 288 -3 51 48 1 pack 0.471831 4 49 28 216 32 -46 312 -23 -66 12 -21 -32 96 
22 2 2 0 bottle 0.879227 7 9 -53 192 4 -73 300 12 -44 264 -36 -48 312 12 -49 48 -31 7 288 -6 -73 276 1 pack 0.455782 1 -53 -51 204 
23 2 2 0 bottle 0.138587 14 17 -64 36 2 11 84 14 -78 276 -21 62 324 -31 -103 48 34 -103 48 -6 -103 48 -1 -103 36 -23 16 84 -11 72 288 2 -34 84 22 -39 156 -11 -78 192 -8 81 84 1 pack 0.390202 17 -11 13 12 -31 -22 0 -3 -96 228 -3 -96 240 -8 -86 228 4 -2 12 -48 -86 84 52 54 252 -41 -17 24 -48 -76 252 -48 -86 252 14 28 12 19 -7 240 7 -1 276 -38 -101 312 24 -42 240 7 -71 324 
24 2 2 0 bottle 0.88408 11 2 -4 252 -11 47 288 -18 -64 108 7 -34 156 -8 -14 96 12 -14 36 19 17 324 4 -33 12 -3 81 84 7 -19 48 -11 -3 324 1 pack 0.527559 2 14 -22 108 22 -56 276 
25 2 1 1 pack 0.57265 1 -43 -16 252 
26 2 2 0 bottle 0.757282 15 2 91 96 2 91 120 -3 16 84 -1 87 12 -36 -88 12 -6 87 36 -31 -63 12 7 6 0 -6 7 300 7 11 0 -16 -63 324 -11 2 120 -8 -59 48 12 -49 96 2 -59 0 1 pack 0.790301 9 7 74 228 12 29 252 -31 28 240 -36 -47 12 -8 -71 216 -43 -71 276 9 8 216 2 -96 204 12 19 240 
27 2 2 0 bottle 0.624625 8 12 -24 84 14 -63 120 -11 52 12 22 -49 48 -3 11 0 9 92 300 2 6 264 -16 7 276 1 pack 0.72043 5 22 19 216 -28 -106 312 4 43 0 -13 -91 324 17 -106 12 
28 2 2 0 bottle 0.572127 18 17 91 0 -1 62 324 -6 37 36 -16 -23 192 -3 -29 264 -13 26 48 -6 72 12 24 -33 120 12 -74 252 -8 -44 48 -13 -84 48 -8 -84 48 17 -14 48 17 81 48 2 16 108 2 -19 96 22 -9 48 -3 1 108 1 pack 0.23345 2 37 69 252 32 -76 240 
29 2 2 0 bottle 0.528302 7 -1 97 192 14 92 312 14 92 288 2 -49 108 14 87 300 17 91 36 24 57 36 1 pack 0.626168 4 7 -106 216 4 53 24 32 104 12 17 99 132 
30 2 2 0 bottle 0.119776 21 7 -29 96 39 -98 288 -31 -88 120 29 32 36 34 -88 324 17 -24 252 12 -34 36 34 62 276 -8 -9 264 24 32 12 -3 1 264 -31 97 36 34 -13 36 -1 97 324 19 92 36 24 72 12 34 -13 48 -8 -49 108 2 -39 36 22 16 264 34 -93 288 1 pack 0.106858 6 17 29 276 -53 74 204 47 -96 324 -3 -86 324 34 58 0 52 -86 312 
31 2 2 0 bottle 0.823944 9 -6 -68 36 -31 -98 276 -26 -68 312 -3 -84 108 -3 -84 96 -21 -23 192 24 -93 12 -8 6 252 2 -84 108 1 pack 0.667774 3 12 69 240 -33 -26 228 34 -57 240 
32 2 2 0 bottle 0.191176 5 -8 1 108 12 -4 0 -13 -9 0 9 -48 312 7 -49 108 1 pack 0.483173 6 -23 -101 12 -23 -41 312 -28 59 252 -28 -6 324 12 -101 312 7 -81 312 
33 2 2 0 bottle 0.780976 12 12 -9 48 4 -73 192 -11 -68 36 -8 16 108 9 57 324 2 31 84 7 -24 108 -6 52 300 -13 -49 264 -13 -29 120 -8 -39 108 -1 57 324 1 pack 0.755639 6 12 -76 252 -43 4 240 22 -91 36 17 -106 240 -13 59 132 -11 43 0 
34 2 1 0 bottle 0.954128 10 -3 11 96 2 -49 120 19 7 300 27 11 120 -21 -38 120 22 -84 252 -16 -8 276 17 -69 96 4 -18 36 -11 47 276 
35 2 1 0 bottle 1 3 -23 41 96 -23 -64 96 -28 56 0 
36 2 1 0 bottle 1 18 -28 -64 0 -28 56 264 -23 51 36 -28 56 156 -23 1 96 -23 -9 156 -28 61 252 -23 -44 120 -23 -9 108 -23 -24 96 -28 -54 120 -28 -59 36 -28 -4 156 -28 -29 36 -28 11 0 -28 -84 48 19 -98 276 -1 -8 192 
37 2 1 0 bottle 0.966799 14 -28 -14 156 -28 -9 156 -28 -34 264 -36 -58 12 -28 -44 120 -28 11 96 -28 -39 0 -28 -24 108 -28 -19 120 -28 51 108 -28 16 108 -11 92 48 -21 92 324 -23 -4 0 
38 2 1 0 bottle 1 10 -23 51 84 -28 -19 156 -28 -64 252 -28 -29 156 -28 41 120 -28 41 252 -28 -74 120 -28 41 264 -28 -74 0 -13 71 108 
39 2 1 1 pack 1 2 -28 79 84 12 -46 36 
40 2 2 0 bottle 0.509804 6 -26 42 192 -3 56 156 -26 -63 120 4 2 12 -28 -14 0 14 17 312 1 pack 0.842767 8 -48 69 324 -43 79 216 -53 -86 228 -26 38 240 -43 29 84 -53 59 36 -11 38 0 -53 -96 36 
41 2 2 0 bottle 0.933511 27 4 -3 276 29 -18 324 14 -18 48 29 -13 324 2 -54 156 -3 41 0 29 -3 288 29 -8 276 -11 -78 312 9 -13 36 -11 2 36 -16 -53 192 -16 -38 192 4 -53 48 24 -28 312 19 -18 324 -6 -3 192 -21 -38 324 -8 -34 156 12 -44 120 -18 -19 252 4 72 300 34 -83 36 -1 47 312 -1 -18 192 34 -83 48 22 86 108 1 pack 0.417879 3 34 -22 96 24 -2 12 27 -86 132 
42 2 2 0 bottle 0.536082 5 29 17 324 29 17 288 29 -88 288 27 -39 48 19 -58 48 1 pack 0.834025 6 37 49 132 44 -22 0 37 69 36 -1 -2 12 2 -76 324 44 -7 0 
43 2 1 0 bottle 0.966799 14 14 42 36 7 16 36 14 -28 48 -8 -9 36 14 77 276 22 71 84 17 76 252 29 -73 288 -11 -53 120 9 42 12 -13 -64 264 2 71 84 -3 71 0 -18 -89 264 
44 2 2 0 bottle 0.353741 5 29 -88 192 -8 -4 108 9 52 12 2 -54 36 19 -3 120 1 pack 0.952607 18 32 -11 228 29 28 240 -8 -51 204 -18 -61 276 27 74 276 -6 33 96 -18 -66 36 -33 -86 84 29 -7 96 -3 -31 252 -43 59 204 27 -56 240 -6 18 108 12 69 36 -13 59 276 7 89 216 -3 4 84 -28 44 132 
45 2 2 0 bottle 0.734982 12 34 -98 48 17 -69 0 -18 -4 84 -11 7 12 2 81 0 39 -103 288 2 -44 156 -6 47 12 -31 -103 276 -11 27 36 -6 32 48 -21 -103 120 1 pack 0.728261 6 22 19 240 47 -36 312 39 -42 0 7 -31 204 34 38 0 37 -76 36 
46 2 2 0 bottle 0.189868 8 34 -18 120 -8 41 84 29 -48 300 24 -48 324 2 76 264 -3 -34 156 14 2 324 -8 11 252 1 pack 0.492647 10 -28 34 36 37 -46 228 17 74 84 12 -66 216 -18 79 36 27 59 36 27 -106 228 37 49 228 39 18 12 44 18 0 
47 2 1 1 pack 0.899329 4 12 24 276 -33 -6 204 27 -51 324 -28 14 12 
48 2 2 0 bottle 0.929445 19 22 -89 96 -8 -34 36 22 -54 84 24 -63 48 -16 32 300 -16 32 276 4 27 288 12 -74 0 4 -13 36 -3 26 0 -1 -23 288 39 -103 300 39 -83 120 29 -38 120 -16 -88 300 7 -19 0 14 -73 192 29 -93 288 -6 -33 300 1 pack 0.401198 2 -13 89 324 27 -101 240 
49 2 2 0 bottle 0.898374 17 29 17 48 22 46 108 4 47 36 -8 41 264 17 -39 120 19 47 120 22 -34 48 22 -29 156 12 -54 84 34 22 120 14 77 192 -18 -49 264 24 -73 324 19 -43 120 -18 21 84 12 91 108 29 22 36 1 pack 0.527559 3 -38 4 84 -13 -6 84 27 -41 228 
50 2 2 0 bottle 0.409449 4 -18 11 264 4 52 276 14 72 48 9 -8 36 1 pack 0.917808 10 29 43 216 -18 54 228 39 28 0 17 -56 84 34 -12 0 14 -27 216 -28 19 240 34 -57 12 27 39 216 -8 -31 216 
51 2 2 0 bottle 0.384236 3 -11 62 300 -13 11 0 27 -79 36 1 pack 0.851695 6 -8 -61 204 42 39 312 -13 -91 36 -8 -46 216 22 -86 132 -28 -56 216 
52 2 1 1 pack 1 2 9 43 216 14 3 108 
53 2 1 0 bottle 1 1 -6 27 36 
54 2 1 0 bottle 1 2 19 -53 276 -13 -9 36 
55 2 1 0 bottle 1 13 -8 31 0 24 -93 312 12 76 0 12 76 252 12 76 264 24 -18 312 -6 2 48 9 -63 192 -21 -23 312 -13 6 36 17 -69 120 19 -18 288 -18 21 252 
56 2 1 0 bottle 0.988683 42 19 77 120 -6 32 120 -6 22 36 7 91 84 9 -103 36 2 91 252 4 -73 12 -8 16 264 -3 21 0 14 -13 36 24 -38 192 -13 -49 48 4 -33 48 2 11 48 22 -89 108 -16 2 288 -1 47 288 17 71 120 -18 -4 264 39 87 324 7 -54 156 -8 31 120 2 -59 120 2 -4 0 29 -28 300 19 42 12 24 -28 276 -8 -39 36 39 87 36 24 62 120 -26 2 276 -16 -43 312 14 62 192 -3 41 108 7 76 84 -8 -54 36 12 -34 108 -6 -23 276 -11 32 192 -18 -74 252 7 71 0 -1 -33 48 
57 2 2 0 bottle 0.768946 8 -1 -3 192 12 -24 156 -8 6 0 -26 -73 276 24 -63 120 19 -68 120 22 -44 156 -21 -8 312 1 pack 0.748603 4 -8 89 228 -43 -106 216 22 -11 36 29 -42 96 
58 2 1 1 pack 0.57265 2 2 24 84 22 9 204 
59 2 1 1 pack 0.87013 3 7 79 240 -23 9 84 -18 64 240 
60 2 1 1 pack 0.952607 3 -11 -7 216 -13 -56 204 14 -57 108 
61 2 1 0 bottle 0.966799 28 -18 31 0 4 -38 12 22 -79 120 -21 -93 276 -16 -93 324 -3 -79 108 -3 -79 0 -8 -79 0 -13 31 264 32 91 96 -6 17 120 7 -79 36 4 2 300 -8 36 96 -21 -8 192 4 17 288 7 51 48 24 12 120 12 36 252 12 36 156 14 -38 312 14 12 288 -6 -88 48 -6 7 120 17 36 108 -1 12 288 22 41 96 2 36 0 
62 2 1 1 pack 0.87013 1 -13 49 252 
63 2 1 0 bottle 0.634146 5 24 12 48 7 -79 264 9 82 192 19 12 48 2 51 108 
64 2 1 1 pack 1 1 -53 24 216 
65 2 1 0 bottle 1 6 -18 51 84 -18 61 0 -21 37 192 9 37 192 -31 -78 276 -31 -78 36 
66 2 1 0 bottle 0.985198 32 -11 -88 192 4 37 48 4 37 12 -1 37 36 4 -88 324 24 37 120 -26 -63 192 2 -39 84 -18 -29 36 -36 -3 312 -13 66 120 -28 -79 264 -36 -8 312 -36 -38 300 -36 -93 324 -26 -8 192 -36 -93 312 9 -8 324 9 -8 120 14 7 324 -21 77 276 -16 -3 48 -26 -63 276 -11 -63 36 -21 77 312 -8 66 96 -8 66 108 19 -93 120 9 -93 312 -6 77 120 -16 37 36 -1 37 192 
67 2 1 0 bottle 1 3 -1 -93 312 -6 -93 324 -1 -93 324 
68 2 1 1 pack 1 1 -31 28 0 
69 2 2 0 bottle 0.739336 30 -18 51 156 -23 46 0 -21 62 312 -23 1 36 -11 77 48 -28 -79 120 -23 31 156 29 87 12 -26 -33 120 -6 -43 48 27 91 0 -6 52 120 -21 -28 12 -1 -43 12 4 -58 300 -6 77 192 -23 -74 0 -8 51 120 -23 -74 36 -1 77 120 -23 41 84 -23 -4 264 9 2 120 -16 67 288 -16 22 192 -3 51 252 -21 17 312 -26 -23 192 4 72 48 -1 72 12 1 pack 0.819453 21 2 74 216 -3 -91 240 27 -106 324 7 4 324 -43 -21 36 -43 64 276 -53 -36 228 -53 -36 216 -36 13 12 -3 29 216 -36 -17 336 -8 59 132 -33 4 312 12 19 324 -38 -61 312 -38 -1 216 -38 -6 240 14 -32 24 -21 33 24 -28 -111 228 -8 9 324 
70 2 1 1 pack 1 1 12 14 228 
71 2 1 0 bottle 0.981845 26 -16 22 288 -16 -53 12 14 42 120 -21 17 48 -11 22 120 -28 51 264 -28 46 156 -23 -79 96 -1 22 300 -23 -54 0 -23 31 120 14 17 288 -23 -64 48 -23 -44 0 -23 -59 48 -6 22 12 -28 -54 252 -28 -19 252 -6 22 324 -16 17 120 -16 -58 48 -26 -33 288 12 -9 156 14 17 12 -11 22 312 -21 27 192 
72 2 1 0 bottle 1 1 2 -64 96 
73 2 1 0 bottle 1 5 -31 -58 324 4 -3 324 -26 -93 12 -31 -53 300 -3 -59 120 
74 2 1 0 bottle 0.972497 17 -18 -74 36 -13 71 0 -8 76 48 7 41 36 2 41 0 -18 -59 36 -18 -74 0 12 41 96 -13 41 264 4 -33 324 -11 -33 36 4 72 192 -26 -58 312 -1 42 312 -16 -38 288 -26 -33 324 4 42 324 
75 2 1 0 bottle 1 1 -23 -4 252 
76 2 1 0 bottle 1 1 -26 -28 324 
77 2 2 0 bottle 0.438202 6 12 46 156 -26 -88 276 -11 42 192 -26 -88 324 -21 -88 288 -8 46 96 1 pack 0.598214 4 -43 54 312 -38 54 240 -23 64 36 -48 -41 204 
78 2 1 1 pack 0.985294 10 -43 -56 132 -38 -56 276 -33 19 204 -33 14 36 -26 8 24 -33 -61 276 -28 79 228 -33 99 132 -11 8 0 24 -17 96 
79 2 2 0 bottle 0.757282 24 19 7 324 -13 76 48 -21 -23 36 -21 57 312 -31 -48 192 -18 -9 36 19 -33 192 -26 -88 120 4 -48 120 14 7 288 -26 7 324 -31 -3 288 -21 -8 12 -13 1 0 -26 -58 12 -26 12 48 -23 1 48 -21 2 36 -36 12 288 -1 -3 324 -11 22 324 -31 -23 324 -31 -8 276 -26 -3 276 1 pack 0.800797 15 -33 -41 12 -13 -16 132 17 -21 312 -33 24 324 -43 4 12 17 -11 36 -38 59 228 -38 49 252 -53 4 204 -3 39 132 -3 -76 240 -53 -46 132 22 24 276 -11 -17 12 -6 -37 12 
